-70.17480058554153
-639.9338387894229
-671.0809821109287
-540.5589291358142
-300.6765768040824
-557.1803397375841
-259.24370466800633
-290.05664361129953
-229.72553901783704
-511.4971315527835
-443.1633342905122
-409.8536838220983
-594.1229723404164
-620.1079569161765
-183.7489090978168
-252.9232296066382
-505.95032713994647
-489.4887199329028
-476.0038802914819
-404.53837019973025
-1772.7239464135516
-1677.5606664117274
-65.22803406125266
-394.1123154718691
-202.92672942583212
-196.83346239698022
-48.83745819334152
-67.32411793834396
-91.37563695329779
-2.166250246888225
-104.36307367600908
-122.77042742828617
-449.513216573082
-722.5379420293227
-270.00374154008273
-73.0173992348269
-1137.768738525617
-1186.4389409277983
-121.77242138409501
-79.67810787082486
-599.0633148688582
-687.8070009934019
-275.3511645977775
-112.67578874442529
-422.2429092075841
-107.48970866321505
-135.64724487531973
-95.73689722984342
-161.2683684078871
-529.3057062110279
-247.0130343829951
-229.3382806200143
-180.02447042246104
-227.97472159009772
-248.69996134506633
-218.45619613195512
-618.4708719125027
-729.9595659717621
-570.013904340316
-676.0343455096408
-709.2256157102844
-527.8619453322599
-459.28802120957073
-114.72995252162195
-713.2628372987392
-655.7029023843896
-169.152933303002
149.86306414755595
-478.4813269896587
-488.12680805219253
-635.0892203916508
-657.1455612555844
-424.59641957289716
-386.8492916266711
-581.0427710008853
-662.77637074508
-123.63764816578102
-104.54648915660569
-692.3991803525548
-630.6454337183668
-85.53896044711979
-60.83223775974201
-557.5138230413216
-306.7011593436475
-462.53743228510336
-608.7963833837807
-347.890884060624
-425.31202255906993
-537.6925992234542
-557.0191615907371
5.09476292483437
-629.7135447790989
-207.4271937865359
-143.45655831750133
-423.2218989604693
-500.7638114955115
-468.49276121927693
-606.6499054198055
-54.05556139365752
-54.037684778504264
-684.0216139690866
-727.59406414452
-686.607655723702
-542.5550040151638
-752.2742658930252
-732.5288324962909
-720.0133046237088
-623.6829527610057
-598.701272840382
-581.7719816547483
-92.02693582567616
-142.23295686375815
-727.5716902776851
-43.18386113657887
-566.4898871964583
-793.3797294551646
-752.3191447973467
-476.5712243204616
-1435.0266627315025
-1222.320672702159
-643.6288704860813
-620.4394742551482
-530.6147060378738
-730.0740439416672
-1118.7423807917917
-717.8839048035389
-632.0027091542394
-589.1587441492736
-297.83076000446505
-477.4937450389534
-404.127050226482
-510.8344866181216
-349.16627083913556
-195.40988464443484
-431.1303027658713
-455.50487181661225
-389.86188096565047
-215.46936356917067
-139.95928611251938
-159.79623698083506
-83.17712935885444
-11.05256930708697
-1061.920004513373
-1130.1759931213028
-574.193840182234
-631.5316089524681
-659.1453135435287
-586.3044716205941
-676.1127289783911
-597.2320289404204
-194.98189187259356
-110.93023776330531
-237.08536475357153
-149.36239329600295
-554.219025609651
-138.97392442039157
-85.80279734190057
-244.03041632621074
-608.8037761197695
-596.8971918902001
-258.67968615049665
-265.8693587301551
-255.38261564627618
-368.9824749714635
-748.3644598574766
-587.1908785602193
-302.9572075541155
-2.1317643812600835
-81.3066699269103
-333.0028950950401
-637.3039371881385
-680.4982065105496
-87.27846337078125
-15.776266960059559
-132.68264851253943
-115.53895889404741
-662.6486167832844
-764.939775234115
-448.67120388763675
-416.0280266162284
-654.8332336126888
-678.8610065343025
-586.0127236837177
-628.3298309799161
-227.98385695344564
-332.0203968929608
-732.4493831070354
-686.4740613712977
-360.2033429635029
-388.5573051092305
-622.9062764245865
-674.2312070655446
-600.7371548844869
-587.0582123297006
-391.2938971851139
-528.247476736387
47.576431113585215
48.51969679268103
-81.19268515517712
-97.98909864192451
-221.7326918024308
-161.338115181345
-53.81640276510223
-56.24321856482334
-175.0712009162089
-155.12859892970584
-272.73776178351005
-348.1797162595226
-23.841641834816485
-16.382967116420645
-98.16493076115628
-60.13533441704592
-91.53970194680096
-108.12491400865757
-472.368185257612
-414.48714594415867
-285.35801955673537
-82.6734261711583
-250.23136922130536
-148.91446038076555
-68.5110838581237
-286.37271805737
-146.3598251984331
-89.24055304655484
-149.05788518658602
-292.03730150858337
16.057427491985806
200.89427622657536
-70.19061948899355
-66.59251002050866
-45.82561064859339
-17.173534140742177
-129.95749191905566
-301.30153363888917
-70.17894273711585
-211.37309207951523
-499.63105567038497
-484.93295621730994
-174.59156135610255
-140.53741251596253
-71.99324568350326
-73.68066745185735
-641.0201908869847
-859.3248024852961
-56.333732202429616
-25.1639786824247
-46.42258982864215
-72.83703173177705
-209.05890800928123
-117.62672304595472
-448.4730322845617
-418.5856385605002
39.750017382751395
19.662095027096882
-360.0922749748324
-535.2640567877695
-168.90613922366902
-145.7130393097084
-123.78501032822163
188.3472409560182
-77.7036944423132
-59.68212104828385
-342.69101391575947
-442.69896861253596
-199.71814162538652
-169.31323216760887
-27.368949093091047
-387.9626853771548
-187.59660006604372
-139.19478288770458
-424.2835774790788
-370.9867795938275
-349.31122023554565
-291.1138541181784
-11.195017887482237
-23.95966812141542
-116.1282132734457
-52.92489484850082
-174.62837929169547
-416.0914354661637
-183.21874372327375
-177.94501073175957
-16.55425330445911
-29.895663913791154
-780.8354375190448
-915.4189705399183
-312.4754584570069
-263.6086463055706
-447.6768694481593
-38.49493751007593
-699.6282190877763
-789.1809198481924
-535.0890936482273
-399.5800297191014
-312.70877672154245
-214.86569085924754
-146.49559650337906
-198.99800793836425
-30.034368365567587
-56.83581612630868
-300.32267105030843
-261.03782288955654
2.2949177475817066
34.940601598690705
-376.9197060388859
-403.32077199736057
-239.2504629352463
-219.98345967597842
-238.73919061731
-533.8903074638702
-3.7239919144586793
208.26007928642633
-2240.1295938969474
-1521.2833725018645
-513.0383898276658
-411.38511358012323
-1071.2238302813366
-1101.092736474211
-208.9583632741459
-346.84077326257295
32.8327939212096
-36.2565928985718
-21.20097440931035
20.707498513389584
-663.4388518744581
-755.8157700159143
-912.833541356099
-415.27183311886563
-39.864343195608384
-28.135923053296366
-1.265167255272246
1.7958514923666797
-272.4717651221073
-273.69408956339805
-696.950989862073
-488.56864319287183
-27.143121565663193
-189.64783278259318
-32.42845452651318
-88.93024602096071
-451.90821259211526
-1344.5828850466962
-1618.1825470434899
-759.4706207613186
-125.89742967558306
-142.0170195097503
-33.21970304559508
-6.692058109297221
-712.4776718784171
-885.5665117111834
-473.18083981179825
-409.1796828685747
-438.3492887964774
-747.6856299438525
-298.365785677697
-171.26834149502295
-580.7929157424262
-475.4223162245259
-71.18889367250699
-43.019599101787094
-71.20308300127228
-176.51140475804212
23.654814508389457
65.42538293773211
-79.19881313922578
-162.54264394564052
-158.70008920672814
-108.77443041886268
-85.02307284888245
-52.68257828574207
-403.63209168940836
-385.2123306077834
-211.63296031777725
-125.8106216218346
-256.3804450922521
-321.04148927606104
-179.2810728828644
-446.3994778304819
-340.8969527909268
-374.02589830651596
-483.7167711926507
-129.155408811128
-56.70745553022491
-164.02138424188547
227.56111530483744
229.34995656500686
-355.9457451314998
-353.9343435700988
-330.34118345292785
-226.70504924982976
-372.332413645231
-260.3754390814149
-214.11705152947744
-187.51980875270536
-381.4292138206454
-359.637898926902
-126.66797828927521
-134.81239590514303
-69.78193479843074
-54.54427628710285
-367.3224669218367
-284.28969576284067
-69.01560819325233
181.1748996309631
-90.37720256404057
-107.91645283933208
-45.91176843852746
-200.45189680478248
-121.9282420245222
-169.74861674937517
-14.091253496245315
118.86480988772436
-62.41164042514433
253.3326587809374
-94.5052689286803
8.771787723961538
-408.73414572930074
-186.15953161383408
-98.97347701644131
-174.01914252545131
-136.8103401435
207.50291236260767
-361.9160342571134
-372.8128030912452
-354.973219883527
-399.8591129322516
-102.6493246372725
-65.79035395635258
-43.491509526831436
-63.63717158985978
272.28001275118635
-197.10577986164304
216.08575329018095
245.31725989279673
-182.5343404916991
-246.95498967882045
-140.9312372250304
209.3702823629419
182.53445432413343
21.911956976509046
-6.21689516351978
-5.2890433454089845
-438.80825394887336
-418.1607933383246
-439.87998029198917
-419.76147583644786
-52.6651513897061
-181.60351384767404
-403.9951947203971
-469.3493507039239
-250.39554380081785
-43.57668315473482
179.80524556495436
179.42383512841596
-380.0337504116316
-321.63174765504004
159.62151850313873
-186.74111341837335
-85.79346871993134
-251.6059398861714
-132.9189829640641
-134.04532335427263
-38.00418369138816
-48.516032464306605
-272.90301955850236
-187.59277917596557
-29.915712665065783
-69.33807906342805
-461.7756359042438
-204.5844209128003
266.6864865867648
239.68486145944533
-87.02471624768486
-86.18919255672233
-442.30051222361027
-54.1837453554742
-41.681505232810736
-87.9033245526836
9.622218750976884
-14.039870361035724
-124.31695466726931
-133.80527721593097
-242.8118842183763
-36.24499925606962
-311.9851547870196
-437.51336915941584
-456.9539280343708
-585.1349949032044
-274.01454407246524
-361.929773347699
-146.20824339545712
15.433787494998683
-2.6428063306245946
-24.994510499086317
135.22417759856324
129.40227256018952
-44.51308721444451
-392.1456784925558
6.782262116139868
-7.419930135994562
-371.4606416212074
-343.21823071724623
-50.23426982692228
-91.71216844970654
277.14107454115333
259.4880980429132
-276.2186477034752
-92.27968295190946
-497.09182469141274
-364.8005628311652
-287.1055108813953
-319.2035396010202
-191.6431941033644
-263.0067191812026
-326.0364327878545
-339.0661226987711
-1413.0958903894903
-1483.5824117092452
123.28347273048864
214.76222280836697
22.836376414355627
34.16238365612688
-58.27054168210853
-59.82603417455233
-16.69883739159401
-118.72519175146033
-43.97682721105962
10.457382289130663
-53.84645065974336
-39.11011362714002
-48.687767559147034
-76.38991911003157
186.9752887331368
160.11680301412525
7.016626936453264
70.62997828450983
-34.76438202224469
-239.6599909620667
-201.50408753441857
-24.34267708897471
2.608442000423196
43.125621415548835
-449.2410675138753
-474.6809014751584
-622.6896151977877
-537.0312744396678
-192.42256872886958
-11.214199547339717
226.9715410305094
63.83953046653116
-395.82570199052026
-276.02783702441616
-294.80692237334955
4.413653015859396
30.920067063058127
24.45025367738856
-32.008582879941216
22.050137321683422
-175.74785669380753
-226.61712766899365
-113.76693691611878
-358.2262072131719
229.36910254967196
53.827604817370144
-601.5401635400765
-360.4776881186337
-233.8252126229622
-154.10619301329632
243.46314133787868
-15.423139751427442
-12.465064682395223
-5.962565885824148
-76.1476598474342
238.2813196322475
-28.460739597124842
-411.22793394361577
247.17584440617077
197.20604671609425
-188.85943732445745
-157.04482348297512
-337.97939877411835
-64.92341548153853
-44.59444262393911
-76.70463103186096
-2.5145897858169093
-37.92992496463934
-170.05588664091545
-210.3432542040634
-35.54149564798985
142.92846881547615
-11.509641233264205
-10.237539089334575
18.93952856075201
-216.95385947195098
-4.315562859214211
-335.8968500780725
-71.0216460273876
-3.414137517660407
-671.9374102084262
-492.8946857676228
-154.94386439481843
-59.56106940913681
-29.2853002395903
250.6536694368782
-79.22991601949295
54.64997172677499
-291.5920793927113
-162.37686122368228
-180.4152391159343
-308.0579516894209
-88.79184234357649
-272.6826718357037
-189.6883980025592
-86.86028040484777
-103.47315793412437
-202.93875648236067
-369.0913499989298
-367.7551516896712
-394.5316227415699
-477.6717335057683
62.49191120085869
194.00210700009066
-324.8338180117323
-537.1648661668028
-184.90886731772306
140.8613476617274
1.1733738249151098
-99.71954643408544
232.6028202912059
-277.9086134003394
-403.89049435149826
-193.133131853885
-238.61009832555186
-336.4481524273522
-493.43361130257273
13.897489067973257
-437.86462502139887
-304.26009831942054
190.31660554930923
-478.5112018462292
-239.80690383005694
-303.7527255911547
-208.11526386680623
-355.47431290910276
-320.4571354884695
-332.7032372755863
-156.40324859168112
-26.05507135116227
48.00382145185361
14.146985875339425
-325.0509318319581
-271.46270918508986
-327.2406842385626
-11.13194075112493
-216.62078204149753
-65.76698738011038
-301.2194564547003
-346.5678775188153
270.45831270134335
230.06465621702446
-460.9967148868136
-165.00967224927763
-311.78039434728373
-383.74342014533437
-286.03534969230157
-133.72889865484842
-284.2782797145828
43.30819971500904
308.3515017732679
24.054059339617467
-324.00102334268126
-229.35784638413924
-67.95418398616079
-238.2248992785593
57.964985652522074
-56.19407512729442
-337.4376950959951
-421.4482493564595
-59.61682737960165
-105.57047984808759
-38.75860715051939
-495.8609081361167
-285.4571139806811
-318.31080846302825
64.97928548077431
10.418943407988595
-500.38535052032836
-393.8686605100256
-541.7871533382056
-276.7863784047511
29.964902182692896
9.913667433628788
-401.7915115698563
-404.4573994501118
-508.80143803152373
-516.3529210193396
-239.20839388436923
-186.83671705494226
235.74541934866986
262.3128837778314
-495.97800085962905
-367.8296321083943
-99.44619532630422
-405.5689803420386
-71.00777222561071
-114.3157407039396
-41.75242702634449
-152.3726638349717
-490.99497634731733
-475.25032565903956
-200.2048842242836
-177.30852347328522
143.49940295977427
-349.3855191546915
-355.7806027950195
-396.3200138423142
-382.69444312344183
-8.985717369616083
-286.6446197910351
-238.72276119230722
-364.28007262951826
-349.0152725894845
-105.64319090345046
-45.54940326185043
-145.68344760580558
-25.196371675131502
4.764735133679835
255.0201900206326
-229.29604037353528
-132.91126768448018
-279.9096487469112
-421.6412730871595
-6.495565257078127
243.65204232354523
235.01456697731254
217.78503187887668
65.06644114122643
52.22361233220003
-98.36848778129122
-252.8410661239116
-481.37616443253967
-128.48080610308068
250.69043110016364
-406.3010514581369
-272.5733955090907
-326.80602627535086
-229.50652124789738
-226.40701048687498
-115.29866945478967
-477.6172804442538
-33.9759843468465
-6.195250824966266
-7.572563821328572
26.970149793730243
-368.56502585255635
-475.3879003399263
-109.87538133850725
-399.6119211908454
-470.692585199536
-305.5861207852378
-61.021061100112405
-32.49176609558769
-288.0383584424718
-10.622549472887655
-367.93464485594365
-520.4911672040088
-366.03227308088003
-382.62457981638823
-45.7479569742438
-92.04649587616493
-60.30108526561232
-275.3512768417034
-31.25305812067664
241.48117580983788
-207.65210650862713
-203.34052244765206
219.00132170722662
0.6146717362402541
-4.612866138870444
-327.69960986556487
-398.3471481457684
-289.8992487626484
-279.3047486648382
-187.31490307199215
-305.9378861414065
-318.4385558987957
1.8611307381220286
-304.22883574074524
-80.41815005861707
-357.84583084710164
-434.80028279178333
-407.1006743424859
-267.6913978976622
-386.0922023300512
-220.5861272140437
-188.12385921089208
-1.087949819497183
35.359965645835246
-283.70274371661867
-352.22974063896874
-227.49708479941663
-164.98976474584043
-436.3143168118982
-275.6543002469625
-342.67188944899044
-344.95969499119525
-38.77405290041968
-369.86379240839256
-420.92821710434487
-530.048252936341
218.4966460348609
245.7376031979771
-1.015295960398845
-69.77378695898378
-210.80542216861795
-349.6436744625844
-36.05914460521031
-231.1620802206134
-91.46163101718906
-270.7076920547521
-342.67425284845433
-386.61371425546156
33.61447213933616
208.7777342133914
-275.37205851063135
-254.2700497228957
-199.20272864087138
-217.83630916557334
-113.85735058787547
-219.45572429992822
-478.4252738450402
-365.9008723983756
-11.976817768475385
-56.040170059497
-352.26661946453993
-198.28500476933237
-272.34289831324134
-221.5152411623014
-282.28334256052824
-380.759952583158
-52.99995988597712
-94.2630648207181
-158.90364164921604
-371.279216044568
-396.7195162273659
-87.01638554337994
-261.90255554352734
-418.94338697772866
-532.5614395563159
-209.89890194395952
-98.84356741109441
-505.5912634275345
-139.00557641851617
-13.557746447938527
-24.330724545309806
-54.87552277745593
-335.6101777918831
-293.98204717155187
-319.2510803949574
-480.829868078588
-397.2522813214365
257.8914155283934
230.1956406445706
-78.01123290005177
-255.71350740447227
-147.2194523335984
-205.07793562847493
39.96827865530119
-205.73614662603748
-368.8569178422549
-377.4878803696801
-226.22362386944008
-318.2109197795727
-323.32568196565813
-385.8911536191866
-544.1720558714665
-164.8192543818218
-285.8079051869567
16.674482325991676
231.16099972109726
-465.15524797100665
-344.0521832017154
-500.1167466985524
-421.0734126798905
-487.1752683234451
-420.6386472870859
-655.8907468030089
-473.44929297900933
-413.61064658547167
-252.85408080299285
-317.3611098507047
-380.13378546056435
-293.4036279527443
-272.95514084349094
-464.16075109991095
-244.0007680125819
43.0998984886898
-75.10632555169781
-63.79948810655678
7.086267953983153
-110.31697236682805
-320.07452960963883
-324.0178595344237
-519.621488927981
-293.69610911871877
-374.3661375206654
-237.8879069097298
-195.35449421545496
-464.87355711981735
-401.3426521921334
-395.1640323262081
-369.9397394830118
-376.608881997818
-426.4781614275431
-229.08138507372712
-293.00429229863187
-63.00294739388555
-323.71562735031796
-102.76409550261619
-103.52216440042514
-359.72063247673907
-303.82289099597796
-408.4103501343163
-115.69873850573745
-70.54242895196276
-26.539169713294754
236.28753488490057
272.6843542412501
-70.14562797736352
-483.1162663262862
242.0464218937617
-352.62427218384903
-418.9741160812985
-112.1113171501901
-297.4094952866948
-312.74056773133793
-299.35390269256294
263.0661130802823
-307.8969846366573
-220.9345649887788
-281.3845698288818
-412.8269633173804
-551.3103857616101
-482.71849364458944
-297.8323809061425
-243.39907367768507
-435.0935589061508
-357.6553017268275
-209.22628147681888
171.12963753398532
-205.52533322685093
-355.0833108313565
-426.73015601219646
-301.1947628827505
-31.30693760428693
-23.286980404579936
-110.15691169372431
193.97061593223435
-317.93901387373313
-76.08497752246751
-303.2741537835328
-359.8536469722262
-10.904759195577242
36.39919386269918
-5.136744056759435
-60.08719737631652
-183.98855369008822
-166.96874629158017
-360.327534281337
-203.2753581910882
-411.1609237669956
-329.7192045249096
-300.326712643111
-206.84706316458326
-263.4391182790368
-13.914981065162184
46.97711380158273
0.6022648202239083
76.8045377988827
128.27842203615083
-252.79770086313744
-256.7138249795064
-220.7632298042178
-198.45504096052753
-266.93723952025624
-526.5309722098918
-273.11498394025375
268.56032858702093
-356.81456039069116
-366.06932695113704
-84.91122179187033
279.22701282409537
25.809836020206305
16.066959953738944
-646.185944866115
-557.1934842814849
-50.42528950898124
-57.901323373316
-291.6115128135855
-394.6368002029291
223.46169042270188
-356.9008518856703
-625.268018832757
-331.66093257338025
-162.66108712363976
-312.8355419528126
-463.78834121477286
-305.0080544151084
-224.1241556223314
-234.35211730760167
-11.397375747363625
-157.53710898822266
21.380581693769187
49.56071106402024
-239.97988402830904
-290.8379544015877
-450.77935528911644
260.0200061078906
-301.3119538859628
-244.3401489517862
-62.7656618301287
-393.4558525715576
-293.2348745686712
-453.56942771909235
-27.298255063750176
-172.1500411567818
-131.844631062217
238.87498315274726
-308.8840389585039
-528.9523264647412
-29.85852120652499
-10.57746591778497
-469.39696100263023
-360.2175085625237
-55.51211164891109
-22.07243476951922
-450.01626049954945
-563.5660631722983
-286.3424918464597
-374.9612956723101
-257.1699444406704
-333.76047839410967
-357.26130612931036
-74.55793064278285
-332.6569037882971
-385.88169427778666
-444.29441610017
-404.43395131584214
-163.50845971996995
-7.680247337189101
-484.40887784701135
-8.483991874691036
-285.57379832359743
-395.037156227548
26.106945346344673
-298.33613887516503
-335.5220751688404
-445.0422121487695
-315.6494880044829
215.32042972274095
-175.9822017359432
284.84799314175405
-485.4155154671757
-670.681466092218
-313.50954326356225
-381.83539877732113
-13.471594973202926
-150.91690462100405
17.545334230109745
21.432015003621927
-414.02991182514967
-21.98243897358027
-472.1596947506046
245.2084445567349
-492.80804661532613
-242.31619502137892
-466.98318967645247
-109.47833858058087
-307.34433993775576
-204.67047996498377
-341.4350265521241
-327.6953521881468
-5.851365494948439
137.12591981861829
-37.79457258583552
-388.9532470896691
-274.48874271709997
-485.5742203369391
-164.86196669826558
-601.3721253512952
-579.1581798108034
-195.1033649459274
-335.2774489320195
-252.4264224531953
-177.33714446464626
28.592931507726764
-35.34109422734173
-54.65992589676008
-55.86327041136616
-350.646430881283
11.813151232749107
9.416716247037698
-220.94229802647124
-295.03108527659595
-98.3084178434046
-27.37454549473344
-278.3291022567362
-28.72146789743705
-325.6577636520367
-424.55152016727595
-306.7283814339696
-304.8898205516244
-282.5026646627592
-304.2586479818186
-353.2682014495183
-296.72303771685415
-337.12344540300086
-387.4029367450396
-186.85127489952404
-288.5930975017384
-471.29107073955817
-196.63481317292235
-193.2379397662163
-37.962204580568894
52.45949795812946
44.391861967634405
-54.089829502424394
-193.50093551269583
180.94545767045386
-137.1786181399047
-294.1398768750031
-584.60673341135
-421.5971732784952
-596.4337501056305
-75.81114313516413
-5.268814924646762
-120.06733870243677
13.981341449569912
-337.7129088441411
-129.0482266461642
-95.64866092947638
-51.71757483220114
-484.42474498179774
-466.81597917763395
-550.9263976840698
-526.488350684532
-170.9053326593104
18.881652051363503
-293.924907063119
51.2753034262381
45.50835742260256
-26.56856285220563
-73.3907351564579
-393.41171321979124
-402.2077331457813
-181.92826099684856
-354.91256508651253
-293.00856908061905
39.7296767919249
28.99426724359853
-365.35826229083483
-200.51966871009782
-313.7600836550831
-421.78267911247883
20.80425856062206
-17.737143298725357
44.60582333982569
-289.54880842125715
-348.174868036886
-494.64502216292215
-450.77724419032256
-340.9319164959012
-238.58466570271105
-295.82837597386674
-344.00949395488806
-269.3017755522436
-6.287428959533159
-40.46227493381694
-309.1472883084359
-370.0013365854711
-6.896973339595647
-241.6490384212551
-443.05536007066684
-443.21727476798213
-7.4286507489761675
-266.47691352503
-352.4186884112713
281.36892741621796
-321.65943029304424
-250.8921512311358
-560.9581707665116
-468.5850509456621
55.31468806320073
46.15922763755229
-254.64890843459133
-176.49446663237995
-108.1995316303161
-177.0070211571181
-544.5478570679898
-146.3391630446828
-108.319201602796
-166.0629241864672
-203.38664348258652
-141.41529450672974
-419.04047430849727
-433.6086409047981
259.95184544486756
268.5796454334144
239.6411427476587
-330.6003066999351
-456.1564710037466
-175.07034272971424
-601.9665973661145
291.3987544308675
-0.4214331330173309
-32.8724550294305
295.5945699675067
-55.3413438594486
-246.55320621193363
-1.526933596412519
7.755986313175949
43.41324968839362
-480.65853142541346
-408.3272102436697
-316.5593803429296
-406.2539190785249
-561.3133400730636
-538.5476436156866
-439.61992433644264
-304.9885257182942
62.7593242176608
-352.3240128722972
-70.5970571588709
14.701822259746635
-217.9299671013004
-416.4359306952808
-74.01030870912246
208.22565203959812
-262.4082034371721
-302.7184959432771
11.180949438801107
10.740063262618577
-358.3861257007021
-289.1548797276963
8.584864335127293
-74.29690081581474
47.535915927434765
64.49464818113887
-335.5953085141057
-259.71551142971816
-78.41850654063695
-691.5091855850036
-365.8764269812573
-343.6480316695926
-36.75724750007529
9.405349576362823
-329.5234154890136
-446.59667990097336
-260.59575387404675
-281.24435123369847
-199.21222083854406
-295.8429205885012
-363.43172676802664
-471.8109965488698
-11.617808543022795
-14.537425644346003
-95.98159473884738
-312.3647181741801
59.140359487301794
-157.89380310451963
13.532905523996405
-76.92151397527431
-479.15692387868165
-383.9703691673786
-310.61888472728435
-123.36874891717395
-0.07459273029003377
13.60764432332135
-129.8681623737781
-146.2402114065859
13.303282547950786
-4.3391267845718176
-63.904683746097604
-71.66176920869623
12.664955413432182
-148.8316783289395
-217.7304740299137
-113.91781618723716
-416.7055227615553
-416.7010162042064
-16.90897273638808
-762.4028792028106
-56.72329518986347
206.0954299205161
-513.8902727273451
-273.764037281394
-250.06682448722756
-488.8931328481024
-202.33261184181202
-76.03532959034726
-353.7657768150953
-253.72105478364412
-27.260323246009307
-124.00325195521609
-98.32907587157322
12.53412931249899
-199.31417247412065
-120.91547382108618
-138.83036033255462
-145.73162851287955
-184.2804447459866
-144.0986078584758
-385.726473867358
-277.53815894498956
-137.68015738094823
-767.3321371951309
-18.33427738426782
-10.839598634002058
8.270525547655879
-20.940244020032253
-408.49535605330414
-296.2585105974105
-457.7737869287973
-320.96523549872126
-422.44853195039036
-350.202986383256
-156.29112726970516
-478.80716412832913
-193.6240405232075
-227.30452774201797
-249.41497690156794
-334.40334746856024
-349.49787466905116
-267.75268660759673
22.270122109783358
37.34758490900799
-168.02169188451958
-367.9044986379461
-307.3945234917998
-364.57209943020615
-211.62725804060477
-21.916802844176296
-291.656531379989
-360.0855185910146
-398.9399435048135
-420.2510193454526
199.8843278135154
205.80550879876495
-66.23349288304703
-320.0547199965348
-368.9399201363806
-349.5899159050673
246.4243613571478
243.67045680433824
-395.840283664243
-104.4779342927615
-374.5299875063907
-104.54011374503932
2.444004676856423
-204.57781080463536
-366.73937531516236
14.85465362912258
-421.72824603658427
-119.12455361511448
-189.4560377456253
-230.45984822705975
-470.4806763160373
14.540023010142718
-513.1278972006074
-21.36605971423542
201.12216370098986
251.92920082581367
-477.47401754208914
-89.50040679252825
-315.15582584634285
-280.4776539202412
-321.50524433606085
-273.72827026829884
-440.68538414575926
-576.5053031965708
18.737047842605094
-342.41261934339536
217.37477023000463
251.70250644494578
-110.92830953536254
-87.71686474109978
148.01710585360433
-368.749099076891
-510.9052794307596
-289.0806769831104
-178.76404713934426
-344.07710846637565
-0.033350637207012035
59.160431440249766
-143.2420414755063
-341.7646238773368
-342.55282632900946
249.32201196696047
-332.1746578612939
17.998124016420586
-172.66655415275216
-316.1036801061786
94.87699677143563
251.35572533139367
-198.87853507912632
-297.0039981204193
-73.2585104075904
-556.2163377595319
-28.98312879395442
-13.810683436009569
-331.72392792313315
-447.37210981316383
-332.9454039595022
-354.114010363733
-12.575664453209015
-6.80654296500947
-326.0224207629749
-310.1572089571502
-303.7073645764905
-428.584506870098
-192.95062776830284
-350.02664489926775
-143.68877168000532
-67.73375858774358
-1.4984026960070764
58.01679596542422
-460.59422750125486
-462.1593070313364
-490.0090819800631
-258.4876549375448
-96.75457430545617
-679.1971035773065
13.537518301574266
36.39481924441273
303.5789504090587
-92.81333554578009
-60.99937117439256
215.38729859412433
-242.0763667288724
-235.41074277377973
-289.36949605185
-431.29707157350873
-52.64563569350303
-63.516061656471365
-320.46728666732474
-330.1219655048757
-260.0336542582686
-202.00048021246835
-95.71768744597675
-104.31631500844833
-510.6838361040938
-255.12963077501922
-264.0464274265263
-360.85909053878066
-348.3562133773855
-375.0920717312249
-397.5063453199037
-512.7339268685539
-469.7904969165989
-588.4002196598227
-39.57347131619446
-346.3630198010799
-524.1242027278879
-347.5289231299969
-34.74364170626525
-350.75383393831316
-320.9175788842123
-17.157598034963005
-440.01735830154007
-122.34464687723204
3.9625085330276764
-256.7224698886354
-304.4953443695813
-208.110104685904
-183.0428862062824
170.89319795279528
-210.5810307185325
-299.41896432836234
-150.8457256140849
-22.8430282995134
-158.8222610453343
-175.25088311413998
-46.52852154761288
-49.60991351968659
-312.6854273638495
-377.0305178516942
-253.16908064302308
-269.425513550838
-159.6578380400407
-232.16406451404484
-204.35075387626148
35.84505405242436
209.35158777782596
-310.6583130360188
-239.94296583704033
-316.41187733243055
-58.336488143258485
-36.80911541020272
228.11302487442117
259.2126248758274
-298.3555973926398
-278.89180275749663
-494.49224491575075
-349.2119388682575
-318.1639660655952
6.833657656459806
-47.276174047595376
-340.4996911686505
1.8427918409782507
-182.5600321855108
-340.632127381341
-192.31019040138497
-164.3137624540409
200.00043679339296
182.78109398516838
-233.5196478832508
-65.7465137384587
-37.54096688104058
-249.15769641280195
-262.1296267349294
-79.30724230045757
-186.70064779879036
-394.7831433777645
-387.2857348346093
-272.90273201816785
-270.12724663559976
-61.73443906118958
-265.12568305128207
-6.973672326639743
-202.79261068554746
130.05913498561955
88.86653057604428
-423.732108207535
-553.7189967908732
-411.0369301245758
-331.2550199575014
-319.946320078324
-42.238413761922736
-40.337581099629375
-24.074479319721192
-23.428595167824625
-26.30534543413374
-327.3098574864832
-393.25920847106823
-501.1885010251698
-494.00610327878684
-323.9573342545052
-68.37435099905267
-238.11744891946515
-41.71756001259924
-350.6520416528597
-245.55977421579914
269.35806210329383
13.658936790541148
234.13147073818203
204.6997984818686
-16.18194928575854
-0.343499003564844
-395.6132971445521
-98.7420262312358
-414.33748487127895
-606.0168916131128
-440.3106333036925
-9.464624546740353
-70.01006187997118
-318.6330464810784
-312.6727070339107
-143.41351209771824
-101.25512720717548
-464.5619092175678
-174.58887168034116
-637.2210094232096
-401.7615484709771
-412.6549873187531
-371.62258741555877
-142.53439728091462
-306.58499385250275
-139.74901854204492
-401.8646429940473
-336.0042694338051
-513.832386017846
-404.16818846081026
-516.9895190853655
-370.1500261925372
-329.2699701987865
268.11742397163107
-105.47519026541276
-98.87359825062502
-189.92325490826397
-99.113467170269
-78.83801719089124
-59.40666621388792
-354.45348044315784
-35.15624778947408
-260.37730635570637
-502.3482210536165
-25.63625698914541
31.453524770849214
5.187211012153384
15.074281589100082
-411.8055722176991
-319.35843346105116
-484.2407379245668
-384.2786217498145
-499.74625142610796
-302.7550011166861
13.274797250103049
19.22620180863285
-457.5099282980373
-406.7400060416373
-28.6989108279258
-270.7921153326365
-250.48056907576316
72.73472460444485
-304.72184147163296
-130.8780068031057
-429.01843519606865
-340.49607161161777
-342.34645749618716
-268.9222000234073
-126.410193143651
165.27584496961327
-116.17501501532671
-31.422611928974817
-261.8466599963889
-172.98821444692396
90.2948932279694
123.3369054301979
-50.796833206833576
-24.551505620562452
-68.71137594422831
4.918143323763985
-78.36284399560978
-396.32933197982186
-36.974256992479894
11.215557896420805
-1.955653951526226
-6.196681119254087
-393.0815613247676
-489.96148855769997
-248.3658072415277
34.98764725735097
-287.75340648848817
-236.09569146418767
-245.39336086535013
-391.1709582512408
-297.45993997179414
-339.4032307266513
-333.67271158115364
-126.4427165571056
243.02445693768777
229.64432912827718
-403.39703164800085
-289.19059877714733
-338.1873103477726
-387.6148119004655
-176.16095814635807
-93.83381955379544
-517.9003473388425
-295.9646012311049
-174.2730520891684
-287.46501419981416
-36.533035620830475
-72.61738329136394
-312.327989146803
-467.84832007935495
-397.31376186313076
-82.48579235626251
-261.69646949946787
250.76927934545918
55.18994452496247
-425.59312741409076
-526.0684800703407
-411.94506883191497
6.613090316204861
-25.706679194299824
-408.0003561545636
-168.6714232792346
-26.302541995725264
14.810346079785106
-478.30412585036447
-388.11054969034916
-163.11066540815676
-326.78730189908185
-613.7178377248246
214.39544076957867
-151.8742089511494
-406.3214200868151
-238.83068822864362
-312.07320562279835
283.9127072690651
223.59471682093948
-35.517421717272285
-362.1497197603542
51.141361514489645
200.3871020579122
-335.5403183863336
-455.6073509151254
-1.5299327845981676
-19.909990206606878
-355.18067802738324
-369.40287797431694
-192.41926115418337
-307.2530218005463
3.463783403687799
-88.21422462932637
-63.45459907534667
2.6994122202475097
-421.81088756369934
-243.71713839000722
-213.88103333391226
-547.3525136538349
-6.765982531182189
-307.7096948338261
-436.3393316266532
-402.2471359168774
-15.109677679506206
-22.739918476269878
-464.0394951069349
-448.40798740337533
-390.7649999886233
-333.68574125784767
-8.002407413500109
-2.9443897068795053
-176.90998434466388
-60.2737924636956
-111.36402842633636
-26.509420264574985
-271.77012914353793
-373.62238923983296
-141.99259699890507
-145.75293241973796
-420.72048226385505
-349.02035213565927
-558.1987202166292
-613.6365193385277
-264.6538108060113
-71.06980801686412
-217.26249781826237
-314.02572358213695
-87.43895986876153
-31.06178891220935
-464.4216181646071
81.27167048140225
-133.0269802198334
-219.12984846876918
-48.08123959632838
-189.6733597461635
-20.858474564249278
-15.421697103959659
-0.5824679770432719
-58.59491679209122
294.9983572091161
278.9440013121721
-334.6404408136061
-7.654293299787298
-225.14294736994685
83.46265047043772
-279.24269176486973
-67.62045776411304
-45.60093786126549
140.74611267450402
-385.4588623086753
-385.1486661414251
12.111754182083573
-212.06204028227353
-128.61137044819833
-128.94233830234938
-374.8315082823831
10.166747656472708
-272.1050366327347
8.52655128114209
-296.8735167553798
-499.7214401464922
-74.09675069956755
-474.7239052461166
-248.1550697284326
-420.64147279011183
217.31090227025507
-247.2212312783133
-227.23566221815378
-1.7529180089504734
-22.580460969543154
-74.70164459568649
-68.20624128905081
-13.315197875363936
-311.1069325485341
-369.09884157990626
-377.98355720736276
-173.65357644989507
-351.76991934362854
-414.18927117479217
-287.87286103259487
-68.42513531276498
-336.18885423322
-670.775132573403
-220.99692244313977
-115.23342746894063
-24.14223770967874
-25.873302067359717
-593.4161493704144
-322.71985457792937
236.38411295606852
-482.2106708667461
-327.7761801478222
-441.5500788854125
-346.7900173252243
-300.84472370684284
-43.12538176133429
-25.766567855361885
-548.4159762781691
-389.6078090837806
-221.95564103802184
284.19868756711884
-29.798653104631484
-67.45115260181262
-363.40796117722374
-270.0160734427639
-404.53704470243696
-381.75699699482345
-500.2934232524213
-412.1993460115676
-353.26012881752536
-419.7064327466983
-99.04714873777594
-272.72163672303486
-26.167663624631373
-51.95069486629636
-477.2484503764803
-390.6932580975887
-44.90756964322764
20.3499988214829
-29.091926086619395
31.053469472990116
-252.81533530710115
-55.960365612680164
-251.88027417468126
5.807111686888035
-75.3637267235707
-28.91722412926609
-391.57212914219303
-271.08328227470815
-12.247476626701015
-347.1886525161684
23.374706732073648
224.09357359939898
-333.28230432831344
-294.74058296800797
-54.71981423260871
-179.38548369269236
14.827658192937719
-8.01298848157002
-368.3538114554313
-420.5202712073428
-202.36508638145912
-161.22434298532326
33.908375205332874
-53.849245479953815
-200.06280768542393
-437.1735019399018
-151.22433454139582
-365.75995881134594
-33.527472604244124
-365.2207286783456
-293.4370419745128
-114.97804239040802
-426.13236429245467
-176.35955315426725
-363.1531402828923
-233.98552618727257
-141.6656266561621
-10.91147145180205
6.0917533210574675
-120.89636681809623
0.07247736675860317
-4.728794325190961
-407.81473299604306
-303.4994489689053
-371.3765788551202
-25.857622030510214
-220.29068132399865
-22.133520384744358
-343.2506245476756
-296.5232274005258
-381.44547160469165
-204.1137032249765
-109.5839645664288
-185.4444696835971
-102.15674386368859
-196.79285786534516
-115.39468092838739
-289.3270381037312
-78.51361360660016
-12.521708676715079
-342.2128241638252
-276.1507422165465
-337.22729957148636
-544.8401174246408
-52.81562113596452
-38.04243785532962
-382.45145793864947
-448.99079431913793
-170.9564971129577
4.2218021764169436
-260.6537135405746
3.5806076611080897
-417.98790433115937
-44.94385095816722
-606.2679305147274
-419.94560914554603
-227.79961477654052
-209.0300548879046
-136.264609236427
-232.63288027657822
-553.6244905563851
-460.8980127293322
-376.8971423498314
-177.1708799379934
-1.172720210138536
39.97384765325927
-205.7326181333183
-51.37022899728285
-15.240051509031318
-29.31760957145714
-453.2391885887572
116.19631467035698
-180.81728817870126
-326.85477073290843
-425.5176398790114
-298.86506030799706
249.0123219435863
244.61911953244547
-558.0161059725192
-209.95676068538353
-368.50384642387485
-49.27375840047584
-32.68571106236837
-396.0667009944437
-404.55024309038225
-341.40949625353244
-96.09117112366462
-359.3875456795902
-57.37434629770859
-276.5920178306241
-6.2304212002041055
242.3051568887852
-353.05766488162794
-348.24770730489394
-22.132543811897804
-217.40469985406992
262.8711523713081
254.8964943652909
-364.0118075781181
-330.9801761894172
31.013917739016108
-211.99416183718319
-436.13031521812593
-283.8837890004926
-569.2699411732744
-488.4257898949762
-512.3579259981034
-399.87399895279924
-615.5993296445318
-488.9001386396301
187.99349679329956
-641.3179917617581
-403.85028464828736
-490.24166613878043
30.85230781804424
-21.168124699501348
-208.7015887434041
-350.66097013808405
-271.25255258587606
-469.1814405155023
-485.84896951754484
-615.3154250462159
15.688678211265596
50.56195042025911
45.423708128454706
-257.8220702704216
13.096542540199863
152.27332102941898
-13.220584717500287
-0.7843871316943591
-543.1644720622735
-389.68134570871456
-617.7566455271188
-359.4795693725295
-327.93095245082577
-512.4721841742444
-65.31034018072938
-81.79579760047221
247.09129063805355
-6.602491343762551
54.093182602068225
-245.92360846116662
-263.3755238245577
-281.04528575224975
-86.20607699871337
-485.4137883330106
