-218.6921378653874
-209.7208248267173
-1525.7309603916801
-793.7056308953835
-642.5657114446112
-403.4818938720879
-430.19233251596705
-540.3939334461484
-435.9786306965925
-739.2225243955642
-466.6908749463321
-749.8433336996793
-700.3094242275863
-454.39303247976267
-157.2328719949611
-156.59852485096042
-360.1401376901022
-447.2051778225002
-564.097481797899
-331.3790580052091
-163.99544308763686
-758.5933572930323
-292.1048185866964
-467.4668235604701
-662.5859169940925
-782.8298646141756
-958.0483396100352
-447.6003039063329
-172.05194536631126
-178.06142896430336
-443.06399303520493
-783.5994976529164
-109.8430426467956
-109.41884401667336
-154.61213486504244
-171.23192926481576
-827.7262971143515
-896.9174427337218
-408.025757008285
-497.37211756983
-764.0606255873474
-836.0259830502156
-827.5143710024989
-620.6701351550971
-565.097535670553
-574.3123415659818
-597.889409608197
-517.3711065771178
-749.3583537287395
-195.1083356804158
-603.1344670570688
-614.4843962208063
-672.4607712844557
-597.649632750123
-1225.0571023652683
-2390.2306857276535
-610.8112268064442
-733.8577568406781
-512.8822114186298
-429.95346771226696
-1197.71670064048
-833.1307179034401
-898.2303945043593
-860.9837066564353
-236.28952811062436
-446.2053583716312
-746.1171024511242
-311.9190834284816
-542.3663393674605
-1178.717816435622
-378.39296071701966
-942.5946916142249
-327.5166463840279
-355.03547317393316
-1307.0748285946593
-1786.4172981743511
-562.9243802363906
-587.4676364115182
-808.8501046219151
-834.9440005776739
-476.63623737659464
-185.3753303487921
-4481.976649079794
-769.0126869115456
-149.5741905623803
-475.9776778488221
-224.22502536245094
-232.20536615100616
-274.9418822232343
-299.42040904284704
-371.3278736097233
-529.4369283073041
-719.8963014472715
-547.8764134228184
-1173.438533746225
-807.8976892584695
-970.4182887055163
-613.7446957159527
-275.98553908843996
-57.80848677848287
-652.229814860422
-581.0571794571464
-453.7840402947736
-666.3544572843907
-853.0940727952483
-1414.3934137612666
-144.72858736687203
-413.45478880957603
-864.1907743899636
-1326.3405900170094
-1292.4502345145067
-1139.2025026169033
-776.2725850383606
-766.0635154122562
-356.231671071283
-554.6264510115514
-464.9438403858217
-495.36062289383005
-572.5922151923386
-699.9635924692691
-711.5585199929209
-777.1879904026785
-688.1251695848599
-656.2105122935246
-1482.7330358449183
-843.1031405886987
-635.6455639066039
-613.2996089532996
-831.1579618160931
-1309.0201508433422
-773.4379392504286
-1229.6439618068832
-541.2037670282796
-557.7279042870816
-2378.2475908803544
-821.6824623603942
-715.9011800232435
-872.5652095596913
-1273.3307724733284
-742.3555326946164
-1027.237144615707
-795.2322604147099
-764.1601865161273
-670.9475238761277
-987.9526214675263
-780.3778753362615
-1070.351944605454
-502.2814326707007
-1440.2891268030419
-1752.315007887704
-694.4609643508736
-577.3821456870395
-1490.2399296710719
-771.740789839636
-334.08218489627643
-716.030269112014
-717.7090693691192
-953.0884204871966
-1142.2241964624093
-960.3183666900522
-354.7306092629259
-809.2351561921921
-541.7750794545659
-412.6738775828715
-817.9339746809693
-347.93211058016794
-229.28541874657986
-277.57379651827034
-395.1786816596834
-795.9462715190554
-765.0020143789036
-1109.8609328790967
-1138.7411488471964
-244.1580244945423
-602.052938365378
-772.9214280626272
-407.78188490284566
-799.0176454609508
-521.8462562924377
-645.2578979831776
-410.39935827620826
-628.5214173145536
-808.7591486490602
-524.6690707229434
-523.6963694135537
-1081.3310028007481
-1740.468220946244
-1489.6107772465473
-193.29322987741702
-284.7797002588046
-1049.478379228854
-1089.4144383751727
-791.6325253362004
-811.907835926629
-985.2519402777117
-812.8909330516946
-1152.6568304724874
-1096.2895452750474
-123.06029243315245
-113.39677110200604
-1686.075294013619
-700.675586981443
-838.8651687197785
-508.47249242160484
-753.4872658094275
-679.1185806008131
-349.9083867996078
-491.0725846892558
-1154.2007245157326
-631.2514528423861
-707.2057186317065
-344.9074382875507
-559.2948245921114
-305.02208147487454
-940.4526588081513
-1530.710937347851
-495.0262514310276
-408.2609624362555
-327.9957266693326
-135.5375081122823
-1376.9136458782457
-787.9974790642208
-627.8546778033176
-527.8180944337894
-507.4271646336169
-491.06945051402533
-520.8170093413755
-692.4468338100747
-539.0225133696417
-363.70757967117913
-1247.4294765008972
-1174.857452036307
-758.0788546547495
-149.97194795982867
-488.6432623810483
-111.90425965573311
-760.6700504105683
-1243.8563036480448
-437.09803107578455
-641.2819915194342
-104.43473695956924
-62.82368481960985
-734.732394021725
-662.859896772877
-706.4027325420736
-691.8958146640616
-766.7855637134554
-691.7403651883668
-434.5246488959523
-355.85760467222195
-689.4064210591972
-762.4757334236551
-690.803254007025
-1097.7244974037446
-752.2674227592444
-736.2691919347595
-775.4235428634652
-885.9128287356866
-670.9255383680005
-1431.942663959697
-682.8313241403044
-360.25738297496787
-422.28782263337416
-46.74589013991796
-405.1336362341944
-697.7487489588375
-635.9908584617409
-713.8770658751708
-786.3470035707971
-798.5363961908819
-1094.2586355466683
-1356.3636879278963
11.225623643630314
18.131029788903177
-573.4387990805246
-625.452073037729
-439.0544232798929
-429.2419388608826
-399.00881042114736
-662.5799925435342
-581.1458709499018
-405.73411408683063
-146.4469183470068
-135.95753738960923
-369.20781433535745
-454.52767637223855
-645.7293845807008
-628.5355358253715
-587.1020909966571
-471.39902160383906
-169.34960868262965
-140.10679501996765
-75.10314267039259
-88.66014434041094
-503.0013851095157
-388.0616093317314
-563.8761435755773
-553.3172818658675
-417.6684237673953
-437.6363151231176
-1183.6128552392213
-727.8296466597487
-132.63533049445655
-214.84825463251036
-359.57172014658045
-58.96229186055442
-786.1044540795153
-1336.0074550284614
-588.0933441028238
-649.695173950107
-334.38246340480896
-621.0625953581343
-425.8355248198075
-312.56164767118435
-668.1005417132134
-1085.6541153644148
-460.62094478633054
-700.5247206712935
-822.3991128019832
-971.5835936031076
-505.5096817328025
-512.6537703572935
-699.1238702630271
-597.078382071606
-324.0362508451509
-176.72547091142752
-560.3380723190476
-740.0105923072334
-278.6820461450259
-304.02471828235383
-149.07740471554376
33.4408404581724
-522.2521840072803
-369.4120734866289
-253.21020888026317
-309.19585685156125
5.9664056764521405
-347.4960615682302
-604.5632576415711
-662.2890352969512
-624.2258022801157
-502.7086295352347
-765.9389971070557
-709.3295220607662
-129.27020770106498
-156.00990311793475
-608.4817003823664
-642.6434085763717
-190.29087134641466
-58.3494307169602
-200.03831452884705
-145.85145246792854
-228.597637573711
-161.61203358149407
-544.9853563545328
-498.8855325801475
-512.9560481663974
-337.4977493701913
-502.1061493453655
-575.1983474627045
-180.38175698806833
-119.19060659792736
-314.35056382574203
-389.88076373936707
-787.3400610038103
-699.4674020279655
-352.2206620739491
-289.5889678089833
-500.7236000060399
-332.6662146911705
-588.8234643826434
-478.716951505501
-776.3588000089911
-503.6092126267095
-492.62480933061795
-575.1758824823482
-449.80387325267014
-602.25792207823
-123.63584242158606
-108.94312180584241
-706.2847703119568
-533.3468854113149
-553.8646117162004
-522.799297705767
-721.0154292991281
-2082.089463353305
-94.09783619830047
-159.04827265205103
-678.7362727452559
-483.576200823147
-464.0096687562904
-398.16809010581983
-864.4218111773298
-765.7716222640961
-190.91275097137537
-86.13853410216603
-166.59959722538085
-242.92710691657598
-200.4831483879995
-143.8477558036466
-489.6049586875872
-474.8865025746668
-165.76541333016473
-230.79393270930242
-717.0644811301429
-779.5934700296107
-204.02753333141777
-170.63783372397398
-738.2596051899657
-591.4070633082085
-559.1869873837973
-581.6675952378201
8.014735987399973
-220.014275805389
-142.6505300377856
-510.88774217790717
-154.44047602196179
-206.46428535276365
-415.2131506540611
-365.72218530170625
-111.78321386599177
-154.69386263911468
-763.9386236647315
-757.0454512316497
-658.482966752366
-569.6002055201357
-133.77420412776578
-98.98893820602704
-505.1941318131039
-349.81670609146533
-424.5327761204041
-797.2595261076691
-339.48653397848375
-339.0251461685041
-599.8409275093995
-626.0899992406082
-321.8780369449232
-357.7528764674827
-233.1492242391543
-723.051412602728
-403.65797886430926
-77.4159554525642
-154.70017268015766
-222.5563997385762
-207.66074419119866
-292.8835332250799
-105.24333813180259
-110.30790746415826
-110.59782680270781
-102.34169706400657
-87.99658142330738
-78.69019771866618
-986.5534000775475
-1168.7467723807536
-399.8288097881217
-335.3394627769934
-335.1161373615713
-225.2089456592385
-595.2730740004339
-484.58339150200095
-469.22111194932484
-506.32014860228776
-146.32925510242674
-159.80116775193224
-641.560094812698
-307.89147192043947
-567.1800588545552
-542.5494322995164
-468.165248682588
-364.2382385213884
-524.0902997377109
-587.3387341493953
-538.3888817606337
-588.5831777095591
-628.1437255868068
-657.022637369609
-139.22860550495878
-142.35742982093757
-699.2255444285147
-1062.4050818667288
-623.5706498457549
-675.1105349376965
-377.4154659259707
-401.8192348039727
-379.94988878217674
-18.58049627376188
-62.975168195505084
-158.47940984154144
-126.68189455761136
-130.69879255961237
-625.2027806480473
-173.59688921250444
-270.30145264502215
-344.83870318026936
-150.76414720077378
-130.66555310751357
-277.6105624708702
-153.5054190311182
-515.8872503929564
-572.2839641956268
-810.0622518420481
-862.4992007390889
-50.186725972870036
-146.10075675228916
-547.6812665494506
-631.9158099369669
-48.891012344114
-162.13393576991405
-148.28875611254472
-58.18591374254837
-342.72654138891914
-329.18545700823614
-308.46770740434215
-175.3457437246729
-498.3095700210705
-773.4990317922841
-455.7678492139791
-141.20692171908246
-69.4449340097268
-156.80057507197083
-75.79746512216545
-127.60229123672417
-635.8860454646348
-611.8715597335527
-95.56425771624716
-154.25976601267718
-375.4756910814571
-396.6545197706401
-122.4439889245773
-79.46115214154015
-200.19835453533682
-202.20511026111302
-674.4143778514533
-524.4582561665687
-567.7540315743083
-1229.1211273907536
-162.09742325847907
-103.63701311092464
-390.86410266382825
-382.00435176954886
-307.70874449058215
-244.6919232827734
32.007281394596674
251.5310061343453
-47.14828477578633
-42.14652541069995
-771.9414874446037
-785.186348430879
-102.20127583188993
-166.1887532496117
-330.739347964845
-363.01423680685554
-149.5565556290972
-66.51479736086526
-199.58050228309736
-202.86082207420623
-64.69028251099988
55.90915482762273
-155.5809907073603
-146.0672116882637
-404.5351353725364
-378.72300939442806
-150.63341121879338
-133.59164623132847
-164.85321730389512
-121.02592183406487
-71.14209939418524
-239.64400582132686
24.77125541101509
-128.15613398933877
-270.68252125836995
-274.41774776371653
-210.47161531641416
-196.43647777188278
-359.85806465069
-270.25377774015385
-380.34295604610844
-307.8725230380635
-418.05211968628294
-506.9350908899294
-652.2475649664456
-609.7561521412678
-393.2192650149039
-272.5314834111834
-438.53861938096424
-235.82410319855623
2.177739397730079
34.5929571917695
246.5588053641023
23.781866914339943
-258.9646499183601
-243.10736880224576
-154.06284098710486
-324.3663972764517
-443.9128663649805
-556.7107627372185
-134.64730455655092
-112.32696289297792
-129.06989158654184
-154.43224684013268
-237.25844398478011
-383.7239289886985
-368.0396417187648
-480.69573277184577
-39.185801179591465
-50.079961694547585
-86.73985686802128
-168.65031245172798
-282.29272819014506
-307.9362508434261
-308.1940755294412
-215.12861433778372
-311.74648584217846
-238.63482624953298
-97.46801254885868
-79.66795954611709
-108.90198397642843
-116.35691933534238
-167.4372757780669
-285.7089510009482
-28.934094448597378
2.834009203471922
-294.5274078220276
-133.82132226467348
-72.86168734173708
-90.6568127552901
-907.8449505246144
-868.4063952135177
-418.87012614036774
-483.5304375361664
-541.4370978836882
-534.5548078758934
-31.252903798019744
-26.4850589868163
-117.55577850054758
-80.79190741029646
-154.76927523379672
-257.36785491341743
-265.9568790556162
-382.82247734445366
-303.4489809529633
-320.21228203789735
-140.95040619704747
-51.02532992163235
-200.04515761866438
-78.85276052596036
-529.3039617320715
-553.8607396436184
-197.9686989143565
-223.6132037180145
-45.51903621363236
-31.374933921647013
-574.5999892327804
-634.2051298224601
-117.48002670177732
-207.62663613988803
-167.5999251213361
205.2986319729353
-190.3359156707038
167.88035419123005
-178.6560918918295
-199.54269229396564
-225.36633557208899
283.7926209442869
114.69244313559741
-494.9492934624993
-229.07771623465797
1.2290598448329746
-545.4262343230512
-478.0647140780059
-386.03929136688976
-585.1269072818905
-701.1391951214038
-724.064993893409
-670.8704319641199
-915.317891672044
-321.47151302928165
-181.05477927535946
-2731.1136469294574
-2629.585511655485
-654.863185333028
-2.5658131080538453
-151.48093862421516
-157.763698416768
-405.7824490515894
-265.1940136763417
-671.9450242513539
-637.4032872446801
-1434.2026882818939
-1340.4944333679332
-550.6005687223294
-61.444036479765735
-359.04902937471854
-53.20394173206795
-520.8879768315544
-566.3855454087734
-75.29481089198862
-28.584214961046158
-979.9592465948152
-576.4680258999159
-886.7741474165597
-1009.1253650277173
-1388.334296526876
-1328.1781886887968
-55.04902791213796
-54.434199546124816
-954.4014744678205
-998.6330835671405
-12.175648252523132
227.65323177823947
-45.33908649915303
-123.42913738176497
-40.579861575546495
-57.110206279792585
-4519.178297246223
-5007.331666953112
-4257.339162738339
-4040.9560692925124
-216.91901162598953
-165.8285677041056
-528.2807946041336
-589.7046337609827
-307.0063265216662
-503.0278106121512
-348.9708843023059
-481.7566824859513
-815.1635139873902
-826.6242460916495
-60.10905715406343
-107.25005774909388
-349.7506217844957
-210.55797900988438
-468.2913297338173
-278.0518281019543
-727.7033203791219
-418.5645770371284
-306.7185005574705
-132.27326179116665
-488.0518262920393
-318.43158013148985
-378.7028805121593
-339.01829866311925
-364.912401523611
-390.80601558881386
-21.542741608239666
-51.18238325977998
-38.93810397458249
-141.83916825176019
-27.185064912650304
-44.591387984879255
-524.095980472201
-443.18482863754434
-290.2917804128932
-295.96695782835286
-384.767964112745
-303.36732491198933
-337.5418074590136
-374.48125371465903
-422.08475613754325
-31.442733690749733
-117.85066883747348
-124.52562220504447
-343.5981720661914
-519.6272462908298
-394.3853459972081
-386.05426524261827
-1133.4237166768444
-1312.288263395688
-266.7672886890727
-260.1122841794321
-651.1636373352522
-664.4102296444316
-352.4672338918132
-348.01100811372567
-89.46564799711409
-108.06735365770768
-239.98453614471526
-258.6112632904532
-153.09979168104417
-141.77021887619304
-218.45106829211753
-416.48846480830537
-640.7277939974546
-612.5622598939772
-446.2925240510983
-471.0165443103122
-668.3155656939916
-83.49294714816787
-135.36319928065038
-305.0079492064354
-166.98427220501657
-215.11532665670632
15.327310945491774
12.240379446986367
-105.17489579984368
-174.14241486531387
-262.83475826698754
-13.700073183464966
-41.77345998882046
145.23698851624596
203.20230288080063
39.81667112952492
-383.5535912590469
-348.43332325455276
-18.537628843665132
-13.112743068057213
-67.12385867289979
-525.7490268326105
-112.24647969036116
-153.24011782659903
-342.6943016093828
-230.1386420644083
-137.09531972424023
-157.37460971352326
-72.67280537258866
-116.48294703935908
-214.34986140084902
-199.0771569942635
1.6708845282608706
-268.032497721961
-59.25360431067042
-172.46585915049894
-102.74808334174642
-37.30636022749913
-157.9586296788932
-245.3266722618551
-207.9725967114912
-285.05271848194013
-60.56379254498771
-26.030168938033967
-119.11792296503342
-140.25792510221342
112.8005517009096
143.07878492631053
-91.04584872939643
-254.22126994301976
-667.0923537565994
-702.7590603907091
-371.1306229638256
-337.53649052716963
-39.99660758547015
-88.1935533612283
-389.3710796239332
-438.6086261275031
-86.82029933900836
-357.2640553190173
-84.46405083315003
-93.99590317826646
-214.7391317764213
-401.1896391602912
-67.3898401243458
23.59651459953706
-337.1437496302948
-391.8620146169427
-234.72573432832962
-248.59379231957172
-359.11103864547465
-495.6573335271719
-346.41237677772483
-226.40304809539273
19.20163171895556
-19.109575932936707
-14.244953778044774
-444.58688699404377
-78.75193975819663
-48.05269629199024
-503.5492047408442
-308.6793860782297
-177.61588193882923
146.49569925068582
-337.3232732050727
-27.978111281542745
187.4040073311041
155.42503575070327
-146.2863447441587
-130.15795011143695
-399.0380502488138
-330.2583962883921
-430.78592522162637
-266.73618891053695
-211.04209270634476
-192.26331986701382
-279.98916608631544
130.6361784891471
-260.42376043261106
-70.2205143623963
-173.95428279199126
-81.60401684524362
7.737056758443785
38.55861969983647
-95.52505693340278
-185.56070959017302
-511.26525003013205
-256.29835227619253
-62.42587736842931
-80.63132228153745
-171.71009132768677
-206.90417598177152
-207.3221652799669
-266.23334558102437
-329.70054018806735
-105.20305749531273
-66.55686713261466
-20.867583278226007
-323.48172564707045
-337.34731590138335
-291.06321953821333
-87.71850889952529
-171.68359130928758
-225.04476154685005
233.46961374685404
-55.74592902901611
-248.79188042388174
-302.6512976493253
-19.023203348005666
-14.180494073964018
-7.297413999076448
-38.70667125792866
-791.4951344943398
-690.1625910550792
-1.799335726611659
-250.05644736920593
-350.25989383138796
-198.31709462071296
-344.28787589162243
-147.26290863144487
-50.07962682046624
-40.9540949626411
-172.472777536524
-151.04280751659604
-447.6244895578477
27.806817996484455
50.3276374123881
40.686703727175455
-505.7883433834337
-585.7857587809618
-2.1026074770973366
-40.87283195688495
-166.62033726918662
-184.24258484911599
-35.42287946453786
218.63846571196018
-96.63080931244961
-56.02875176895613
-605.2589152352691
-365.05242849706707
-279.6067754254652
-282.4992059484217
-156.66389603631401
-283.57000111503004
102.48649712477287
137.46475850694046
-138.01660340524282
-46.565391746155086
-751.8391452013738
-563.7248615607026
209.40709677367107
-153.00843488487388
-75.10817439944293
-67.0462986880076
-66.1325110940063
-37.865879926642066
-507.3644373924289
-674.7522223714963
-462.471355264113
-268.09267651480195
-103.97293738438673
40.57120681098124
-472.23349995503963
-563.7264014851007
-452.02736769551734
-53.720582496580434
-28.75720666635638
-52.12906114680235
-55.911562847693546
-72.54873291916849
-11.072259961388141
138.97114058900553
-143.1308411394416
13.580408081646425
-509.6596220086742
-229.9988379738797
-74.49225509763073
-49.97041556910065
-291.21753687950763
-334.696117927357
201.42781869512118
-2.725268850390492
102.10056714563052
-124.98261359987178
-321.70053101906024
-273.7537755896483
-284.0757280160575
-400.02521050026445
-430.7006007413894
-80.9669008144745
-65.19949602512628
-602.3323801563159
-109.54204547242743
-96.98468733352877
-255.59583393918652
-245.13937702063606
-472.4904701973542
-437.6154481589495
-30.094146893228796
-262.84030415098374
13.025353105336904
271.36743354259255
-76.52520902098402
-63.815460309330284
-247.747482059552
-28.19845577015367
-292.3526729228744
-45.54285156775476
-48.66279073161931
-20.61962280483047
-55.127106099164656
-37.803486758269955
-304.1915548586643
-232.96894655236594
-83.28006310911994
-13.199437303634909
-249.0129366472227
-246.96268278932916
-289.7801558852601
-260.102928649863
-18.897907558910333
10.556688679242408
-48.55922697897118
-72.42269541093549
-140.7925708628096
-209.67125335271243
-136.99748066095424
-183.97250138339064
237.2965648865685
-150.65062119219434
-494.6328746513971
-310.06818391261106
-496.73882343096744
-345.3060101074121
-277.52528631310673
-155.47954870059974
-649.0689967910046
-699.824909519499
-421.98348926411103
-306.7334245563071
-241.45157153654972
-250.61050050164687
-117.51551053652327
-64.56087354958828
201.93852693594124
-334.96062765811365
-304.83711191642965
-525.9981169028165
19.405486793266718
-242.49979788209177
-406.0791509063266
-414.51008864814787
-346.80378120974217
-315.23083749965855
-200.75042044554448
202.8351391824996
-525.2094599147276
-389.06547088661085
-91.29904595157215
-359.3012978876108
-177.651882730837
-304.16797806478456
-243.19815509187782
-190.80648955023744
-135.86244202219564
-149.03302324194723
-1.839857055014619
-125.31299912791079
-49.03766609148655
-60.21690250078251
-118.88876236185007
-137.83339348563868
-45.62670509063254
-66.4270162349123
-14.550256026765766
-44.092783472390806
-303.88863638019757
-291.48631879398226
-446.0136700274992
-515.5848786114104
-123.706541765744
-103.87254757025653
-17.484941260887084
-74.71417305397334
-410.34482653931866
-283.11220609417796
-113.81329357069012
-237.63991229246292
-391.39610766840735
-262.41643893942626
-274.20976034293045
-405.3283670139432
-189.3301762379887
-296.15365430073524
-296.3575587406464
-457.2976901058305
-45.57023854131045
-228.83801618142553
-246.6876804664965
-326.0615322263442
-12.767739082332682
-9.990878167037138
-395.60617165921
-232.27913070657982
-31.45293627388001
-83.79532053388795
-207.79357563673761
-161.0862539999041
-268.7092924459689
-345.95141139026146
214.80788455746975
-26.816937397722626
-37.60810421637556
-64.60415766767088
-360.6962635183793
-172.6961742849337
-275.34025033195053
-375.8782850173351
-222.58542163881583
-220.22269384990273
-181.117510311842
219.14188928568615
160.0065250809062
205.22085995465835
-97.07062875408126
-130.87737265732991
-231.07798569039605
-323.7820088110731
-113.92017164747521
-88.55526667823581
-168.49055669134214
-227.3131390168374
-342.42610183380646
-326.682130975371
-70.16578383282511
-378.1396831562905
-255.3873163836978
-170.7436576650412
-9.318345041882807
19.033449776269833
-306.350494198979
-120.29753009953501
-103.02875409082314
-262.5341234228611
268.17923182691527
228.85597769989747
-295.226957617451
-373.1052116288455
-137.4731665425776
-149.4210993574088
-187.31551602029901
-120.33351406898348
-357.002031002505
-249.91086971494428
204.23336274967463
-28.680807094101738
-57.79681116707326
-155.3217922341334
-122.98377528582714
-68.6569126731001
-240.29994439204685
-262.4239748388204
-307.1069105453164
-182.7495242364074
-122.92735002722966
-148.45787850619237
-111.0537909246462
-104.0175330918509
-23.07937547594814
-413.4990627945205
-135.4049726595591
-70.90052076534036
8.757005492423446
-24.977746236421176
39.98774421032968
238.9442561960277
-10.0064837110004
-143.7032145289209
-403.0486372173138
-313.06313458158945
-206.32018428368264
-445.99100056615123
-108.37336866340436
-159.970422029576
-323.45871155723427
-248.00116146359554
-327.72505816759826
-108.00397974984972
-541.4730908803547
-310.7348952334736
-170.91298793131375
-101.07971129436528
-29.37400101306089
-36.24357992820642
233.77654403930427
27.50463519641164
-139.76311775527154
-54.34882807694419
-128.33770512915595
-66.64009039523428
-148.3930382656923
-83.83248315065444
-167.46793279082553
-5.064983634767785
-48.73674334959315
-3.7907869892222834
-333.1764937517428
-316.8140445922055
-271.5066070658081
-221.64032017410383
24.83366663568131
3.7788534075817495
-311.940270015893
-184.05481295703657
-57.28395475194736
-71.6685111025905
-54.35835501791526
-52.66211621206269
15.271462673605
240.54392896918975
0.9376284809478079
-414.53329096182125
-377.000270915281
-299.59025670983783
-235.0013890679713
-343.67973972612265
-69.87381587552231
-5.058447436629166
-466.2981553783559
-302.91027023074173
-503.9589715219236
-557.288783609582
-381.4040125454375
-337.8687949558656
-165.67950122709237
-66.52904140361792
-113.64947704483917
-142.0211264000156
-264.0598603629446
-206.4625787151021
-167.0288633466451
-190.09324596180204
-363.1455094091195
-414.4779678840068
-254.63382152115028
-275.39411893613493
-505.0706066665815
-353.6645959464902
-162.23433403759583
-162.5689860896669
3.4398548928007813
15.35355790424272
-240.72039448056753
-291.5341132778726
-51.632961560516875
-43.196116270154974
-486.86530571991295
-332.35719504040634
-334.3776010805713
-219.29928206785115
-360.16740477925964
-457.51191614082416
126.12494508052845
6.4872122104159615
-418.3240060327737
-381.33800626240617
-276.1273699803302
-89.54098161106246
-22.101573786837704
212.48488042999782
-69.28633887207961
-56.58315043230139
-160.20247095288755
-126.03905007522454
-92.70368488548027
216.13580522628436
-210.16401565519266
-223.8483396169779
-318.8881866309881
-242.18325026111623
-70.68873114898432
-110.59076196646762
-178.24932682344192
-254.86400010936632
-642.3781056269785
-652.0608531310014
-627.7691466948978
-485.1267730871638
-152.2515521750829
-57.32008895812069
-336.79440801461703
-408.63747847917807
-286.009865691221
-83.54994750698512
-253.9148506181668
-3.7737985678290134
30.08603445942608
-25.94200225346752
-572.0996466059071
-557.9611563435916
-343.8368307155441
-698.6024525236297
-109.94599302842471
-235.69880758321466
-400.52107347768737
-698.3628684371279
-81.78546424385624
-96.92785907100975
-65.3612222817611
-18.96187754253127
-383.5417715542502
-485.35207235547205
-148.2372391183597
178.36331256305832
-361.27806805897103
-349.0647530720278
-57.39458677261886
-62.673951404682995
-244.3021906996916
-265.7122584674006
-46.97423688155229
-126.93330283197874
-10.929910213242138
126.34207398347218
-434.7025511695606
-224.43180651099493
-77.54672772851761
-327.6483102583114
103.75922184124158
174.3762955329065
-413.92559199650736
-242.17766670695997
243.52902689094228
190.88864514533384
-346.2752237426531
-371.66251784116935
-108.56892811705232
-508.42882980268627
-433.7086476484143
-177.18964211732785
-72.13103527808165
-48.54663399582412
-1.3802261468385666
-0.9230390341054147
-88.53954564837106
-109.5632363553982
-80.56536634580152
-52.04981718829327
-293.11802072860894
-21.826058438540116
-295.55047954975294
-236.36756667029954
-132.95107098516905
-92.48268154908307
-81.08539106337491
-51.97081311955065
-50.018020932677786
-33.06231253596817
-96.7194305371042
-87.5064220808371
-160.47770112576308
-79.0899748944843
-45.75557696213603
-104.33386341443521
-280.13433283185907
-151.19110331472598
42.96352692228885
225.3757090143525
-426.3394523394427
-517.0989301536938
-77.05888811210903
-147.96738440645268
-287.010911891442
-262.8920125928456
161.47717403960218
139.96553844870874
-391.6871123378614
-388.8814490811741
-50.63110108704477
-17.49106448930189
-9.536780314171509
-48.395248934838676
-261.7978006572482
-250.9815115584575
-152.97923292155176
-100.54760337526591
-34.65979842025679
-53.7599571553296
-62.12696207750925
-33.309075759705166
-314.20871953182336
-43.46634956761742
-438.8362312575361
-357.9088649748341
-125.74674512031487
-498.8839547492133
-477.54109758721233
-396.1407764581765
-24.399788414650665
-29.293738417790955
90.0459224007086
-23.505691204113234
-197.00199350561275
-157.06943154890575
-28.551831746526446
-95.92872985274302
-87.6402507997336
-151.39597788478233
-338.8512037403778
-498.5160175163434
285.3506770591579
124.0759154357799
-261.04752653202263
-466.86587672526247
-382.0019923694157
-30.232736049728075
-562.4436082286677
-638.3194135822282
-147.96950473797858
-116.77740307477015
5.002896536671884
-12.150474733982733
-107.14433750412962
-107.18459327131117
-182.60509742200054
-98.90672589420684
-149.67485705756863
-77.10363653129545
-136.76273613971105
-167.07188003829225
-56.56292030979368
53.63746087579899
-310.2929450579551
-403.2913271196889
-110.79655058865958
-271.6331861987777
-293.6880782665777
-216.8109174273911
-519.3761025281411
-379.20866240928507
-117.38926235205692
-89.33012673668782
142.22689794151762
159.90087155451448
-68.87034170053931
-63.14194800547595
-3.1171794711917755
16.1830428433981
-328.30323912692563
-237.67775236880215
-26.523710615115693
-46.54050808613401
-500.4151389718787
-362.0274888460468
-30.87397948774749
168.49507130186015
1.029701001822616
-49.14810388682832
-235.80900703320984
-220.25320958138485
25.430190149150675
14.38577841731555
47.725858424661084
20.801429274256066
-27.62098675063504
7.791214657908711
-187.93781733157311
209.62904401785477
-263.14035080017476
-414.77561178357655
-260.3069594412958
-107.47126701956296
-54.01835301845718
-195.327116451722
-338.5972744597016
-502.8849403566434
19.49605422011315
53.21745653123679
-17.268930442290134
-26.520405559856695
-438.92898591639687
-95.71091461908637
26.08214393662283
252.42912713826118
-369.2481632591243
-635.130743989318
199.1450668129278
-27.052345788500055
-239.88484851569163
-224.82336284056996
-246.85804941023272
-481.26276368260164
-85.19658056130474
-127.78050924978876
-154.64135416573708
1.1131899779056766
-196.4985939129216
-21.6665392209066
-18.39444899804488
-234.93316900305913
-120.20556961151212
-120.07298827685955
-46.103531080945295
-320.26546110657085
-519.4466494940237
-157.79179397100762
247.55369669709665
41.68584099288782
-53.90589834102883
-38.09609599067271
-536.3653724082217
-578.3419253410734
-338.1630656500904
-441.6005012275497
-498.5287353743519
-305.5109028275673
-213.15076957216667
218.53440276611025
-0.9325950402896268
-304.66370106906055
-11.836152988591436
49.36566803109855
-310.2387051572315
-306.0891271073856
-436.49309401880515
-334.9103235030249
-277.67307230456333
-4.098940774010515
-274.9417585131425
-373.71161633732555
27.3660642570826
40.75425318773367
-251.91349477019642
-128.5806752382072
-36.10640237123579
-19.24639537334434
-397.00930049794425
-519.0209374114362
-323.9322867360685
-205.15173654406385
249.61823074846546
-198.025119399601
-269.0013630790189
-491.36595915839047
13.458204712282082
37.07131041509933
-159.1508678504021
-433.72631214536125
-286.42309518651723
-326.2776259516212
-27.896843883907934
-80.44740473903144
-335.0926906044062
-502.44759945739895
-349.9794989483555
-395.82650985514084
-339.5563237525804
-391.6881602576409
-28.607553447601397
-530.4983054493237
-434.5698001290615
-621.4481778269385
4.494939773395473
-227.5953534726947
-52.74261233886299
-100.14088299461608
-204.61317691540998
40.25193922690926
-248.3725626458665
-201.42241841714957
-246.40463828890802
-428.2599402894901
-18.90896827981554
-10.988623381862709
36.819155381102405
51.1126327744781
-195.43000969336822
-92.40236646940926
-43.33870180544432
77.43813235767098
-7.321432397988062
-11.371539301055904
-9.668390482042696
-12.365691342549198
3.779719976288348
-27.952998118269647
-91.11965750783926
-160.51709574764658
-508.8053133889367
-437.82123432643795
-43.93882168193035
-42.31808848822575
-165.95717251305373
-125.30844112087725
-23.536260080740064
-61.75234129179454
-89.89954132568434
-161.9798614442073
-217.4066142487652
-266.86554779687566
-520.8012411697343
7.129736450178214
-113.6363501131828
-54.76456430110612
-245.9644362395089
253.37024630757742
-185.81472597228222
-30.330286934373504
-75.840326971329
-69.15028514439527
-423.81930989490405
-264.0650888097974
-514.9069664924657
-486.9537056805589
-400.2141719257111
-41.64509526927506
-506.72966229485024
-529.774248541094
-261.0153521576664
-219.73647188257814
-55.833585424189344
-61.65152550461438
-343.35701613140986
-388.50393920175344
-281.23476704694406
-47.49070953869798
-740.9015625788431
-659.9024515018613
-432.93585826639776
-197.6887514743958
-105.77093771401114
-109.9634826440338
-475.40455200281616
-526.8222721664511
25.75399478680778
-249.52352763698408
-79.54974413442208
13.97818777586349
-864.6151782303393
-637.9371015389453
-43.170828397222195
27.911534127334164
-303.37180954043026
-263.73011877143114
-533.2097950903608
-415.3960337779915
167.68002243152046
186.02588529247487
-601.6535133183138
-181.27627299345588
-232.22528731292456
-445.5724246413391
-20.79459907166195
-193.6488171202281
-343.44162505364204
-508.96151464006294
-408.7797761178228
-334.29683584028953
-41.10987476815231
3.9399113870808264
-727.3451058408834
-415.8970530757328
-418.9316779957128
-488.34344203269046
131.29381502816702
-256.78545117939876
-308.5140784789936
-348.1792682053545
48.04277934970739
227.33435194452426
-148.4906876997007
-35.8569787917739
14.670834737600558
12.963932514908961
-0.4824332709345782
-163.2833568023848
-285.0381467286098
-67.69071537402417
229.02372232587925
-246.99574055558816
51.917952969548054
-14.564545620751396
-260.6945947315571
-48.39103852040812
-266.7571372502534
-53.42958490620336
-137.67246915174533
-90.68826228024255
-28.171112469892506
-228.14230698166588
-69.52790107052508
102.07811180439607
-94.33854550956075
-122.98849393300321
-350.6584107514335
-510.0227458374232
-259.35484742126687
-279.70902588211754
-70.47600167445368
-2.3449675493324236
-264.7298213188412
3.1835472785870707
-3.5250150969804963
-40.62204236138348
-96.71432021113792
-552.7299923393011
-16.82555120223155
-15.57732990525649
-124.81349583617921
-447.2889716693701
-586.0326033581614
-513.7066541624883
-62.96570297073379
-86.06559116811805
-69.23660158826857
-238.3474467421086
212.70528775454898
-7.98183527398615
-245.51760526199067
-5.626638723005584
-179.83426557198692
-278.8492658938776
-188.84111655238536
-501.7574524290986
-180.11774977814883
-59.19516005388995
-63.385184498130144
-98.06945275772144
-424.7417786025527
-504.3432026173838
-662.0824277694478
-343.0256318356535
-90.67306838695099
36.43127475475055
-435.83786937824806
-127.15045845057224
-540.4864989139386
-602.6753513460372
4.292757231542225
-350.82691556549673
-232.55386793070218
-253.2367633505174
-112.65164084775792
-125.08562460818229
-473.9561416947475
-140.13429647115876
-223.51412188201994
-177.63872383086937
-384.5543643642189
84.61800314061038
-349.76746514914686
-310.8480647946561
-189.75021013201678
-16.28733423416837
-381.88823159589066
-245.9436494097216
22.157648399426563
-283.8795791255933
-4.0671565257210744
-15.505595918917095
-105.84948080519888
7.3541412358443665
-8.826286938417397
-197.67010789666696
-650.4608129910148
-557.2231999920987
-95.70952879475581
-106.78995996338914
-141.81173773661524
-83.65580210574234
-718.3812032739129
-587.3078242399856
-500.0254699731211
-504.71542711825083
-538.0706774526964
-335.112535188615
-555.8333213085928
-471.0913014511647
-412.833384602101
-292.1286834733562
-393.7143797613071
-34.038377468352124
-348.6381667112539
1.589937487439542
-525.3831800386444
-505.0569509990664
154.49528323653848
118.5720780388644
-270.9870140441026
-172.37473510253932
105.7068726124381
106.4274165316221
-58.33484019386239
-38.95896851124684
-258.69472780711476
-100.67974042078639
-51.96378744642354
-94.36680564561766
214.13520705137122
-134.07360426562053
17.98729435829597
-195.76722351384194
49.710167341353156
47.37355767792235
-272.8927788833106
-577.8456670982529
33.35467013329327
-66.0192670949481
-343.142851771324
-657.1582283037571
-175.49230851877314
-211.93142971079416
68.53568141981577
5.39366189787674
-182.27128934236106
278.3786954393317
166.51647214754206
192.70248043889328
3.9389074472840804
-88.04008508819649
-288.3045542168371
-533.0992002397809
-347.3566079810995
-408.1697895276373
-294.1906772017018
20.755225497817335
127.02732126091327
131.7651198026198
-422.0547843088906
-396.88501159392547
-438.4754218168409
-267.33702679267253
-104.87108945481788
-80.56601684613454
-97.00848776874162
-59.46125755464986
-262.4485513164634
-37.56460480149445
26.751479485611085
-302.3542735397266
-401.7640940995167
-578.2783949926942
-31.52195298488806
-50.671130395156894
-360.0644748229638
-169.51841068382322
-253.04681110248848
-427.15404276914705
-143.76053743480514
-194.6286179389045
-97.71235912688628
-115.90065625795839
196.73904452047356
-412.8564096181351
-141.67804851435432
-66.28036232090508
-330.05562040730047
-350.1650472847145
-314.39226285841255
-485.73343652784115
-363.0262511990422
-239.564009458393
-70.60516033961898
-58.742013869558455
-416.78716770870443
-306.17042593868314
-79.60621413310707
-198.09505826722904
-342.40027439236513
-430.9189505289067
-401.39412413272225
-473.8066259616578
18.969701515967486
224.4887038435104
-170.95892424240859
-273.6132304302565
-379.6818180128966
-474.92108720830413
-0.8181380822885558
-514.2240868453378
-306.9662612746007
-314.62833661589224
37.48323017730681
8.076855822270588
-281.3135048544224
-327.5699724135305
-428.2372866673877
-96.1977867638901
-320.92500611343854
6.125084348041426
-718.6762416753829
-672.9212742036102
67.54257682306913
-262.32967328819933
-285.1637066999922
-436.3523615599668
150.5304951607212
30.7947015128955
-120.43182740308703
-0.03628385007679924
-4.228408713865463
-3.5129363250669883
-260.59031505565963
-217.08968873620714
-335.55415554493175
-327.3999715401264
-83.66298655516682
-74.71762661020757
-2.5422378427542895
-477.05005654425804
-274.6733572029905
-10.183871277751763
194.85078787963874
-39.967764870133
-15.133401867297081
-352.806191231341
-157.2397727747591
-94.07116986642147
-75.33817742547114
-256.61143417645656
-107.35932678093744
-71.89562766470549
-319.78855457804104
-296.6849212031526
-21.603438501123495
-39.18590302000164
109.46470594939395
142.62690573496022
-114.39916923150057
-31.833914779197357
-327.7621766379216
-394.0490686439993
-493.4108960651809
-96.76469170023925
-11.618176473563295
-75.59418839118149
-76.90138326160616
4.648887246676665
-57.127555227134295
-63.173935191312026
-97.56399910229878
-58.0056282714064
-162.4189215553805
-26.53658324989628
-371.6008235854988
-313.66440894191874
-495.42676100458317
-609.4614193722957
-254.18124062394696
-258.57022085175026
48.274886111674505
126.74029839759665
-58.61463784439632
-356.5080902089924
34.39995122471478
-34.99972647679719
-364.7012477607853
-361.318226103409
-307.37543393330475
204.80752704951067
-366.28798738154427
-395.5410651644412
219.61314865349783
-266.53699706212143
-365.8601868048373
-175.80270612607325
-212.098875375236
-265.6553520758278
-25.292257269167123
-19.94396405506987
-396.27930383645713
-219.92179787794282
-311.59814479146246
-316.42265294552305
-271.85985803815066
-232.31536202092317
-653.3299340230867
-375.34579676733625
-293.45735081941734
-236.05016200154085
-0.6606219876346131
-1.9751935150489288
-170.1127186118723
-483.262373539247
-60.64275353020796
-233.85627463520237
246.69508247214236
249.36939312178617
18.2133814719907
-136.44075107612724
-71.2205533249828
-1.6084274734222674
-251.80362293764006
-410.9447742325069
