-364.56544751415186
-637.5311067140195
-730.5097269322271
-1307.0684780462013
-557.2114358889698
-149.7660190269255
-1003.9471456391791
-1059.984356553858
-1388.6579820692348
-486.44117369267553
-786.9382231340481
-1630.839686160499
-1453.5726751905165
-1004.8824157196719
-1101.1288852231728
-1039.2086224698128
-551.3811256804474
-503.6538180122987
-537.2464131712612
-857.3733035014891
-609.8872886424147
-862.67506006713
-447.6594423359883
-499.5168706417083
-769.3926870027412
-745.6598177348031
-122.48776393107863
-124.25693147935311
-852.2903286029292
-877.3236780352897
-354.4477363331846
-468.797946715558
-407.92294079065164
-287.7631658780469
-662.3668632805641
-687.5216680755689
-471.58245408368674
-153.0254038857278
-784.1782895232838
-980.3688211254524
-1078.251367624393
-1090.313449717405
-362.9767134870345
-473.8817779127246
-1564.53538603465
-1342.793776147695
-427.27997421899033
-492.98505744659303
-364.43961088189917
-487.31390366551454
-415.56225657774183
-586.852944215462
-412.5999704918807
-320.2334882775687
-547.2734849105734
-444.7436533361773
-817.9404715346861
-818.9362997382876
-309.12341149609415
-482.67323062903654
-822.7065722343493
-754.7239130698233
-804.5045238560008
-736.0294036548521
-435.7416220012891
-795.8078872321439
-805.0914821777174
-646.9988517345297
-781.2609456701225
-590.9918708556936
-1429.6640533924185
-376.99746516022867
-421.22610174746876
-547.363026521069
-763.2444207705805
-777.2269050902237
-233.11549132853906
-265.56264639535766
-1210.8595942589654
-1419.0549169844123
-841.9976831782735
-1015.1809383935719
-207.21741108941092
-187.78740616356401
-828.1206687739262
-1184.089160560987
-194.753626438755
-147.08777363921018
-747.8981648209941
-679.0895584288071
-670.4212068946623
-757.9972778448964
-326.9137431682342
-736.0770250537587
-134.87377089222178
-251.84030652915973
-241.37169223505103
-404.4343250865981
-465.2910714977351
-878.7158980860675
-687.407993538124
-782.7044091147711
-363.3760238169757
-412.73734407536296
-730.5292087824756
-1075.872346354809
-2316.1217833594565
-1419.3191327723907
-949.586287419541
-1009.2291213292102
-746.8742714336377
-1260.6170708121008
-473.81096636014735
-363.29056377451633
-534.4705818183079
-752.7392367893898
-471.4590573499353
-520.1718858683332
-460.76502332550564
-557.5613756262238
-828.4903604041485
-862.4045184194352
-167.1811175679067
-751.2196042277982
-2184.7751889924725
-729.8487528552994
-144.35305417013237
-85.73998937537365
-160.48968722822036
-244.69897879674696
-1480.2677364232916
-1714.2413373288632
-614.6796131216022
-821.1481334904603
-652.1665789571224
-436.38211360410423
-1350.4407958775387
-1094.1026562664074
-670.8563280442978
-511.57638820463865
-284.19494699434847
-134.5006827569145
-878.2391632322873
-759.4124334534137
-446.74284945527586
-515.5606507923917
-541.4679686638294
-712.0774682472277
-604.8967074618361
-748.128023565579
-785.3079308832433
-892.7161354958064
-617.8854132623258
-713.5369085076019
-821.2697123023272
-544.4375396776312
-488.30616766484087
-588.6277788393124
-402.61079400072055
-1108.716697171164
-736.33266319627
-347.1684906640313
-742.0937181773222
-806.2953258582974
-701.9234131052025
-758.1131956150723
-722.2769225279837
-392.82618139703675
-326.17003000838463
-337.9317684584927
-201.8576772579689
-1364.443600677954
-899.4899309904093
-1615.1753832663135
-525.3542131371867
-760.3565002808597
-469.71412817601737
-576.9038112834395
-428.19047577309306
-450.58499995833216
-343.1604403868879
-1128.271035710418
-899.0150957125429
-541.8601867185353
-749.1279388203326
-536.5603077410535
-382.6219073434365
-1100.8220687749554
-524.2285505094808
-628.9128613609631
-494.3164565550688
-321.2813900823978
-115.7787420491043
-126.24957866890851
-1081.8507351055546
-1118.5804775556653
-573.6334314875357
-55.48119738285527
-555.3811567720609
-490.03101052859074
-650.3173042812167
-633.3958428172211
-1137.1295564575137
-843.0399431528205
-207.9008750390292
-292.75375716443364
-443.6551008944233
-337.8838493588462
-370.37037882108154
-391.6515068658634
-679.8169554418998
-585.7342027876
-944.2060891745454
-1466.653641697737
-830.9433652237157
-683.5742690911574
-328.3444657631877
-344.7451814745401
-896.895390809914
-388.17788251517095
-151.64216608588808
-170.0625093249711
-771.0705973496305
-725.8573097278736
-159.3439903003826
-680.013294914282
-226.71720602673238
-364.59013055096824
-109.22727861932566
-89.00009507680949
-234.7152939411434
-111.7113052002415
-878.5188736740636
-904.6940541530095
-717.0189543000713
-54.3807982115919
-516.8800424824739
-388.34445088156644
-412.4781010178873
-291.38564814876827
-101.85993812329674
-91.34639084652693
-175.4114867551105
-245.31069764009607
-166.13536626715805
-197.77459311544368
-146.6681409280218
-578.9135845405273
-576.893616042209
-184.52518451586567
-406.72728487973177
-418.24826997245594
-392.0484547272327
-304.29391729465266
-72.22259861189113
-600.6109793772498
-78.83146556288628
-415.1760164264394
-262.44069072220003
-138.53758139670035
-192.60838973319443
-284.6706882086708
-135.93058438698478
-140.48405017623583
-239.26829191161457
-207.61940907967977
-153.43017301524327
-138.10487880868283
-621.9228093106819
-719.5475537424801
-543.5100014623531
-577.2252960975386
-455.0883715947513
-63.4661303034399
-148.1675423989911
-64.52009233270188
-384.2816096532891
-219.20686032150974
-464.03876211668205
-410.7544882099728
-193.82032939089208
-96.50850066612065
-346.81908998396887
-69.56466804687449
-126.29277919598952
-181.06344423692025
-546.370783475247
-714.8669320590568
-479.36344694651643
1.9502967537745235
-254.94601511235703
-174.0375868263498
-555.9394594006136
-504.1186136266167
-848.1174707587029
-540.0263232427537
-339.25102679797425
-315.5111286906016
-99.04174463540032
-136.3299935532724
-137.8667804796695
-118.61898827708538
-173.4186116194586
-25.11316757947573
-407.63657241009787
-344.3840756777278
-721.8318161512129
-728.1133352999007
6.961305036185095
-34.39339629866194
-523.2702107525625
-407.9446996872035
-566.1851640706434
-970.0708168915573
-192.60425696926248
-194.52537638034133
-552.3160124010351
-524.5079178177007
-221.52708586646736
-310.3853533877301
-481.5637164137253
-586.2682997767308
-771.1149381751231
-677.1344574308063
-140.88524056590612
-291.7822809303948
-403.9383894810019
-382.1379849635788
-160.49476073883886
-405.935807121083
-704.1244431291842
-463.57424280297283
-140.08403879630055
-155.23958223026463
-591.4130039777301
-185.71426924406236
-668.6236782349642
-555.7756143966349
-959.3169815825679
-895.2696522896292
-764.0512943873107
-720.0702603206024
-784.4443585358789
-544.4701531382951
-553.8091399864958
-533.3460320233289
-248.1334357938562
-292.1471864323807
-62.30758775916407
-606.7285978370112
-809.6536075740258
-720.3647435915964
-433.1437169154366
-543.3707182473887
-380.65303770171954
-355.56696132371894
-477.9061509674319
-461.6210243460316
-248.7579933803256
-753.3293361308027
-246.81102340506658
-90.1538968285204
-217.9834770332952
-333.94174694655135
-100.03977542761044
-66.440399759922
-780.9393724773366
-581.5324025893768
-184.57294329469337
-188.60202643658994
-238.82386306406093
-305.52078323612136
-662.6893690727252
-663.5175999267701
-520.4706747351557
-624.1483526531651
-1182.2037658217325
-754.7844906303875
-264.0287212999315
-449.48747228819275
-458.4187240034653
-578.2880179440145
-678.0863764531607
-690.8332732596855
-916.4557264987568
-523.4175260898207
-1064.3319717553222
-274.19442742598585
-737.0079328069138
-563.1804595433764
-332.01481023293695
-247.79370252385226
-607.9752986199313
-443.29923275311626
-366.1748818544897
-298.17972834210093
-170.14272312047422
-4.868141020170185
-682.8691382512568
-283.21748551209043
-246.4868726907383
-211.39559471565883
-781.4557305967518
-448.84568607456276
-580.048503778137
-1499.8697446101248
-325.90080154740474
-375.0972778103873
-635.9965180628908
-621.6934836930773
-523.2888124668791
-551.2667949779075
-490.65696224384203
-622.2676790154186
-1627.5061418724022
-1322.8270596848179
-129.67154839831557
-147.1000703821192
-12.082713322674167
-35.467870162425484
179.62961043332092
-58.48207080109586
-265.69751296164975
-333.88629935151545
-294.569577381258
-277.65564330648783
-630.6521344798008
-615.1389096884834
-526.6802610197412
-428.0140953938903
-119.36588402816864
-68.51858063345311
-578.6057228182704
-890.9684218294391
-455.4813075376543
-390.4442455659229
-631.5626424656261
-426.44739289972404
-582.3793613886689
-407.31330887940925
-326.2537911923446
-201.22888383751527
-141.23044232684018
188.87131007407524
-47.81001703226933
-56.8011457500913
-442.0106750333001
-492.5961291658688
-27.541059912713123
-40.52751180005964
-356.79541241505035
-297.1987724659133
-535.6351414580505
-524.020781610064
-766.7835846711167
-627.0400884417768
-410.6266219461335
-523.6407306563913
-64.52585874429428
20.8979026419685
-275.7313785188064
-140.30295768481676
-510.25273735529436
-427.7615636870645
-93.09947172061499
-97.47854349148739
-38.59090585667077
-30.338042247544678
-747.5398639275176
-513.4695240032263
-412.9323743990765
-387.66104014626114
34.250303995952606
-90.13867354524277
-454.9150806319103
-407.5325193663629
-225.8140700445808
-229.15747077335277
-51.69927700003068
-68.90903798275127
-121.62940625814365
-86.11235486732348
-252.55446095151828
-107.58926802727261
-59.35237309787745
-120.48880012117932
-769.8347277506593
-852.1681207477071
-341.6726494093031
-383.4597488551293
-52.9067415437719
-57.812179239864044
-112.7309688427055
-139.49676298080598
-604.391982059573
-388.2399380806853
-5.483660937937216
15.799434093677377
-4.8696127332738826
-31.431127520918153
-25.542348157310855
-58.285144720218604
-238.40622263115262
-434.35978537224025
-30.442945756749893
-118.94751793149275
-418.6883538423445
-413.63376425769036
5.7837518177485805
-11.77332762163627
-40.43016920879806
68.76446127192168
-68.31199662056952
-110.7560141143276
-465.58649834373267
-437.57284886620033
-280.61359538389644
-402.596702764329
-326.66674556749666
-150.41528385918303
-19.143002964317873
-73.09253237683905
-134.50513022748783
-114.37246315435989
40.00601893185967
-201.0775390266657
-706.5787528850302
-391.5504180346126
-131.36748588641342
-124.78936400842436
-199.98191412521783
-172.91117618307192
-181.27801140616157
-58.788045394326375
-130.88546023355823
-183.57909142336177
-364.0901648614441
-204.72678322097732
5.923760735941457
-9.791941857615939
-81.35966698447291
-35.67281797207389
-40.394610734601656
-116.49995275810409
-80.01406565033986
-265.9646599609853
1.1535524332347933
11.944681787167312
-340.03330736069313
-364.0833591148432
-107.45862087762399
-124.9326268297617
-475.5852508057863
-370.3385848831421
-71.08509131227073
-33.75642872211667
-308.5396087768679
-492.7373201910073
-42.27160593564351
-39.923591193068646
-398.76425733120635
-303.9224601341429
-183.21892578679314
-48.75171506130801
-380.49728923081597
-216.50179452023175
-101.16817748356179
-110.83842506833368
-63.468435178510575
19.87155762744385
-231.19968607544547
-243.3977963311221
-90.90881704069994
-112.02070113354736
-97.14612723381909
-43.66977400376677
-239.4579934448767
-100.1949051444214
-106.75329164852812
-156.90169928681982
-364.40760913176524
-375.52983750941564
272.36440495412796
39.88819186818469
25.271878631274046
-19.70741696842704
-14.73361695513482
-149.36441959998655
-143.12724426473494
-265.6361143093404
17.830149731752826
-24.927030880744937
-180.9560402455373
-81.76289907171439
-379.9758998701146
-581.3414846662869
5.594982651248088
5.810284167093258
-442.4157981700267
-499.8105691592863
-318.11184737795577
-329.19611718370106
-283.06997435194273
-182.64584013673073
-47.70931827714952
-50.21528856825063
-8.157597128611116
-11.58955970906284
-24.786729006347613
-70.79414412550321
-87.93824976470725
-283.58453148563
-126.67197162952378
-81.02844867313783
-350.31073960519586
-295.71604885373733
-364.4343344253942
-331.97134930394327
-343.0906295168942
-238.3826487629938
-320.0542381436434
-353.2778012659669
-38.21320210904503
-47.24556073511871
-47.879557289870846
-573.0506346809215
-120.63802114777329
-96.50711363897493
67.19716253646092
-62.5258597211891
-437.01734543525237
-374.01427547275784
-187.82938442364315
-134.92338233267748
-142.69480836202757
-114.37915957641329
-495.65572586056277
177.4770813853612
-345.1083070697702
-392.93796228238756
-373.6206100406471
-294.2344782748837
-108.83824232977419
-84.96796059288971
-74.74713337214803
-67.23088928242402
-106.78799593253356
-110.22166074724399
-154.2462300957161
-91.40054777405442
-145.52848121399563
-185.2428203792161
-216.3185848538485
-143.419927828168
-130.16520052969622
-397.0397132988393
-500.2798062098456
-551.4197146771755
-223.38341802103048
-198.89431595636975
-190.76753711261927
-240.72615861421906
-21.807265097224317
-87.8134329398942
99.73921075183173
59.090123135778555
-48.81796610308248
-118.03322969578176
-205.0703592971613
-247.33330499964603
-50.76628977038929
-86.69366285934267
-675.2375237790219
-603.9615987086768
-111.29444066462835
-250.2680651250826
-234.5301460761537
-367.6312667264112
-186.06748526629104
-210.38803926222025
-87.18248344775228
-191.44666246199284
-589.324503755445
-584.4249481993518
34.445970866847034
282.01921214912886
-76.60584816323828
-194.31223882168706
-18.124546880204832
-379.7902562621832
-148.00459022568228
-121.25062648206908
-77.49461695395587
-100.24871420938969
-209.3020762113013
-240.7509190931824
-45.67017365284957
-325.320239277269
-420.149528737603
-336.7810836223556
-106.12755793032767
-157.23916817146298
-100.53294836278768
-114.19580640569173
-65.3696605830089
-132.11843038107088
-239.57052364138838
-183.16417359957842
228.68095043811516
-2.9720406180052237
-46.218604292251996
233.19902154018706
-209.18793309812943
-162.7247320095315
-255.25229991078828
-34.94051017338485
175.70870379056248
199.49149927758793
-49.69318390207359
-131.4873400007957
-329.71665544109544
-57.82954207903562
-215.5008722888108
-200.82990380674377
-368.08549799157794
-389.8271752854861
-0.4477394122908227
-37.83138428236827
-231.33758144236785
-193.6931531824464
-1.7591812318970028
194.64498557853648
-36.54739277597893
-53.717855846466556
-38.275639208923984
-37.05537316239067
-277.28819613581385
-28.205706531324537
-81.48782253440227
-118.26602834720161
136.08975201923434
135.50270374316358
-442.24282741036666
-280.89195800549123
-58.458819987493484
-51.0940951929049
208.98098772389795
248.0992516711727
-206.05565226214833
-48.63404839907653
-271.9027336025117
-480.94423444529144
-60.6009691714258
-60.54467455212418
-48.49132285330465
-28.792475885789557
-146.74813195617412
-262.01752219998986
-155.92872170713923
-12.790159761627635
-124.80120277514077
-257.9876042348186
-12.112812390733453
-274.02884010495075
166.06881234906484
246.2716736961748
-450.55441407191785
223.33240411721755
-251.72295369656564
-283.6878175164371
193.1129427178333
-257.85216237772914
14.95047673846993
-66.81395721545731
-132.75683764655025
13.163452601339657
-262.6242285873167
14.245607025679973
-259.13304789241056
-212.3769138376383
-44.162644710632854
-98.51241602648506
-392.3947473039955
-62.36310023995607
-293.12484148988824
-222.03363431898862
-109.1577222069235
-352.4626533298287
-331.14014267942355
-466.6590252342718
-384.98977839593266
-113.03879682934242
-1.4937510308071609
-6.536420762266218
-85.30312428287797
135.26257004306996
-24.134580219025523
-18.99392224296315
-216.3850621658188
-144.10564650179117
-326.4291443301954
-344.17997076633253
152.23428426470377
-109.07584039906973
-85.26224121573448
-220.4557308315441
-69.15219851602915
-246.4977607387774
-224.97238634631537
-232.58204931864884
-185.73788894354263
-128.32451218213996
-233.70879242113926
-304.8600235878271
-205.49986507996113
-105.21421931310904
-301.8093555418444
-269.5923516939684
-118.18646192101087
-134.58818256590166
-118.92130876844351
-133.11251141674174
-73.86605916143985
-19.356314986817523
-33.20137229646551
-472.8663924273487
-117.10763741767752
-336.2303936719273
-245.48261404887324
-268.567461535004
-189.12457690787494
0.5648491249667558
9.709877607626623
-83.95689480890643
-49.99827424231512
-161.5735388653667
-15.067906392995283
229.81444394512096
13.51493762423442
-164.03410268985982
-22.746027164169135
-147.5927036382381
-2.174569601418355
-33.72167880346507
-494.2728197591581
-377.5336506715377
-555.3782756302271
-336.97976620428847
-314.5579119661195
-316.9938627283884
-97.16870221260649
-186.89349305801753
-195.08123353601167
-325.4645638382898
-91.0652654626885
-97.16254850883213
-214.10740043115544
-32.5331965645789
-20.75526590697139
-20.431802388172926
-327.94827551472076
-346.01715311070234
-120.3747701260269
-69.58156826519003
-412.6505259070412
-381.14808074149573
-279.46464780650285
-333.49114752946366
-319.2150967958623
-308.95645718405376
-214.92997545586275
-239.48413875095707
189.36117267661228
-196.23959324711024
-54.32210346245796
-24.381273357164815
-32.87267552043937
-144.15675667386336
-202.11104672419913
-272.72348121144
-335.2587463635628
-215.36825285326503
-71.61608625419815
-57.56375908735826
14.96613437013636
-59.21526669513027
-29.151964860199556
7.2514622049360895
109.7185054063681
-40.111594954034516
-92.52253058159205
-78.34033386605131
-384.8846633035712
-522.9341341033828
-242.85648012633982
-115.73494074530335
-205.36288691683333
-173.38677094586225
-112.6061704485922
-32.90235284224735
-137.81311834282837
-76.025167650408
-291.620091073774
-307.7749595006161
-39.053848614582236
-286.1085704813632
-15.402318158034575
-41.95842279277215
-129.39851692623103
-73.47880286055796
-20.032349006514195
-224.20593372410627
-266.7715638351215
-321.01529513013077
-223.81402193731168
-275.82822551190725
-26.716090289153584
-18.499014193935565
92.76694213702123
54.76749491559647
-177.19016022359318
-176.82723962731555
-34.357400774431866
177.50437627598723
-76.17722837357918
-41.06541432486071
-177.8642837239431
-194.3774693750168
-69.02770153498282
-294.33323583101236
-93.10813747512236
-66.86268206968656
-82.20309324130433
-28.31069489787268
-89.7285407643114
-218.99327278049492
-36.91884554469917
-127.3386416504035
-2.8514929034003984
-56.49583408376456
10.320124185727963
-313.66857874004484
-124.45136934596215
-140.37226904988955
-314.3352209755157
-332.3510028173423
-19.830028279723464
-370.48961594536115
-335.2946768155632
-133.83515558878432
-252.31963326594945
167.18268132497406
-207.68894665174128
-138.83031542348348
-155.6292861389852
-216.5352607012096
-153.4791418452779
-417.43534816387523
-69.29920216360452
-32.16424598362232
-382.60263223444736
-198.23559296787352
-137.6796476014178
-278.8160175618116
-537.5728863026911
-681.9996897496022
-67.61808261253117
-164.6210145091041
-231.31339013997595
8.282745509747159
-442.0936080209742
-580.0993945156507
156.6973191377466
-155.3421677765953
-296.4677176420971
-500.8667370820913
-301.53343037412776
-319.7073121041523
18.19193953123188
28.974690072557706
-197.58003592514453
-108.80967414258257
-72.79959445102071
-72.53209927069463
16.246906151037308
-42.309583725244465
-17.870212556626356
4.013143841342867
-160.629754787673
-136.17423644500198
-214.56313179924103
-222.28477036660024
-72.99990101892293
-5.855979029198963
-294.551637288253
-208.75578990456327
-192.70047410437166
-216.7830611318754
-366.83993577935325
-318.05284945559936
70.3161921704135
-129.37536905686858
-39.250183563182006
-44.47623303783567
-95.92187518783707
-78.26769627091201
-223.26909510896436
-483.5549740586999
-65.08306544665365
-42.390354571590706
-46.70445327203061
-68.65380979401354
-383.07910371236
-216.53069030945642
-16.446487673205397
-93.97813451618073
-70.32886905965647
-85.04405600645016
-779.5744956320092
-619.8608402100539
-80.34834409406994
-241.10283168488579
-357.62803081841827
-364.4122143014051
-341.07176037853446
-226.0988500868429
-45.7802747231679
-69.62741893148387
-180.54168949800686
-163.14254430131072
122.41149054744423
174.34528887771936
-46.48974891105598
6.570534865987753
-188.1869775856915
-142.78891658612218
-36.36327175510054
-220.09753945651636
-46.77426754211288
-423.0527631256828
44.717381117338675
23.73297964465209
-118.32320886085623
189.83238543109144
-65.7590188948803
-197.60783075643297
-240.9655752072524
-200.9511971298267
-137.797532810914
-136.39295908330547
-79.84316481417
-5.734260887895147
-9.411972694320951
-57.76078532688624
-50.61792797695357
-24.657458592636885
-135.12999017183935
-26.861505319159292
-197.5332493934406
-201.2610491978981
-138.11739743037452
-270.52880854574084
76.49871883172969
-169.41719081338482
-598.1724252895605
-607.5763482664304
-62.66338988558358
-89.65145458798872
-392.6975857464713
-478.50183395611475
-215.4947033756044
-125.54078572410114
-295.0541586716612
-16.798409129537276
-387.12655471454667
-65.58713997812467
-276.7250594385272
-502.35068877083353
-587.4034805122519
-481.1320539649607
-91.60199102968124
-280.3918557308523
-66.0784536365767
-26.495909174173605
-65.53068055431466
223.72530344891993
44.808241939924415
-419.2283791957936
-24.138335294981914
-112.74410295532272
-129.93934886933863
-250.63243541669755
-236.93119640024253
-119.99139553858691
-31.0800985827034
-64.64987953846119
-416.41289976192684
-132.48113376951144
-342.9278091044942
-421.637228459204
-324.1455449311921
-467.941618618763
-212.60080398445285
-385.26025809706147
-36.800316820348066
-248.42951914238583
-81.21971313099054
-99.40686968045989
-57.25419542434914
-174.41420047615526
-82.78639226749428
212.8838069489496
-461.2713550281374
-517.8436945391549
-570.1272214020642
-687.6199702183745
65.81640167034428
222.50048430289678
168.28863629615466
-164.20957507149961
-87.45113681006794
-84.13366423389455
-256.7841911825712
-330.4872582248129
-204.45937952275176
-278.30344872034055
235.3764850397448
-16.372307903732477
-129.21095420654672
-137.10263658385077
-32.13544206747695
-12.665563946241337
-482.69029870487117
-431.30506299722924
-256.2744671358676
-294.12321388918065
-739.6556104384803
-428.0760001001206
-124.53288893701914
34.22838090691636
-41.03341645453442
-29.69136235472267
-21.148467101749276
-37.134499649374405
-224.29543102046392
-62.176157837133275
-454.53176111736246
-172.0272219224325
-166.18927954406624
-14.748916305514427
40.534805084015545
5.089955116591682
-60.20165767883686
-200.89927238415416
-163.5758051170704
-167.78355691052352
33.623397871371
202.30031499935592
-128.46391356430703
-2.5075908209730216
-299.0419638195716
-309.5938258777664
-199.37969075476988
-310.2862040045891
-29.27718096869907
-58.980114171448015
-469.0930602913815
-173.18381888440058
-340.17407084028844
-367.1034267020003
-95.71769686602352
-371.1529851490518
-88.43006848606707
-11.514340040421388
-154.37932027510524
-371.75597001691335
-217.85297792489592
-25.01829164134037
-345.75631221741776
-344.3187065257929
-772.8659399168505
-521.3316430051475
-160.80227246249794
-218.4469242990686
-206.00432399944754
-253.14339842722333
-201.6815900111982
-161.06296955158706
-151.94893244067956
-247.5007536879553
-552.3314073790896
-271.10140737986137
4.785918836050698
-87.31331140992242
168.81880843048538
-163.08770217002598
-581.9324698540979
-424.07846261539873
17.577133927928102
-144.08535691923822
9.862069985185897
-88.59081093456885
22.14360844663568
-5.493791024429825
-202.99920558817962
13.106272070001808
16.554763535073363
-128.49998028014647
9.059147902234415
212.15146440184947
-283.56349538605605
-320.3222877703903
-312.2761466567961
-399.4715048691714
-43.852346984891625
-48.67278144183378
-426.13012331074816
-638.826845193201
-109.28999024920634
-92.71682136980911
-26.04699388379879
39.46801629176983
229.74989447013823
236.71472141551538
-4.438648512225129
5.401062065897591
-82.10774472884084
-227.03028892886974
-93.13825508644639
-42.38359861907381
-295.005193459214
39.504927759041976
-21.032819827932457
-180.56531127065426
8.035494315396505
229.89960721164775
-46.82322097714204
-67.40177805286982
-61.8955939274258
-96.64142377687773
29.983071067996832
3.140008410017117
-13.767564751802041
-413.91559099942276
-363.38146689940356
-1.384409717297757
-26.066202802531862
-298.2014024964466
-102.2383349443453
-235.6394805365643
-262.981967940415
249.06808899572144
11.728512651222985
-95.98161096881817
-14.1850564999948
-20.277764707719527
-91.0479787201404
-40.6323310410846
29.10174421977831
48.18358807090746
216.8593349675594
-86.51193977972368
-363.13468062526385
-261.2521695791151
-134.03525829017744
-79.64202876074296
-236.70326941758876
-321.98474789478365
226.28878969167525
-3.8021255743071833
-289.72564776108743
-242.12001256246225
-330.0998176630384
12.238296612881129
-95.03213720753364
163.69789471586117
-499.3440364369115
-342.83444727684395
-78.8058761114863
-91.52374698740748
-62.431169389164154
-591.0678442572307
-565.5843990941503
-384.4192289278687
-291.25988905321003
-304.3559965854636
-261.2160832040475
234.890281116763
-229.47478485418017
-1.519402162722912
-173.9788340044891
-129.17034028475683
-360.88686030063997
-294.8060744390648
-73.44668104150695
-97.15605848290112
170.59186311517965
235.656606927732
11.646513212922912
-329.89057964574056
-129.50785685236212
-257.3852122601578
-191.35872461979977
-32.02528861187028
-43.69161143531352
-36.195099608983156
-415.14665177709014
-170.32889265229642
-105.75651504093739
3.9850523365617647
-294.0757176072665
-287.20748329394144
-134.34451195136162
-142.745173236309
8.55503106858211
3.7234871098776665
-332.4900627176936
-66.08209731342247
-322.0898946519135
-525.5808871310905
-35.02369364750042
-299.98003283765354
-13.007922301178212
3.69872737575632
-365.70314935196
-494.20230460698696
-77.10828787884037
-429.1070513209312
-422.56110530313816
-550.6727486651187
171.00864853747456
195.5415020360415
-174.49290182772415
-203.79305014372176
181.14250656188733
-66.32467192748977
21.918510241133276
0.8394209642832493
-64.55264332436377
-42.171599426449724
208.51094423864697
-296.49208369162466
-496.04907684559385
-257.8447294493793
-345.98740927731694
-329.40986637883935
-307.42301464230917
-325.9037941756867
35.813934080241324
-72.48958727780283
-97.11793801873804
-107.09094096769925
281.23275062825473
231.4079601405922
6.050849806717977
32.84972878306934
-224.7496732182746
-305.8580833938187
-104.62386962922828
-32.33741488075967
-195.202575987604
-125.51600510466591
-22.432777919172608
-35.06630176454566
-175.44947331149078
110.75291599010859
-116.31262010672339
203.45670739589593
-101.276870456189
-98.26655934585928
-611.1530738899498
-129.74081202032906
171.04443244188977
-62.63895922569017
-306.6179035873063
-342.065755182678
28.922576240462348
-105.26321305876893
-26.419042881669554
-44.44011824353545
-281.977107515817
-548.2793607747802
-160.39573195091623
-70.71330493431888
-327.8032033187417
-814.5207135955578
-433.62584680810477
-426.99761818334235
-282.2423751452453
-361.26087421581843
-44.34140361814673
-372.10434688945026
-278.2673147446717
-80.57601040597643
21.423100522562493
245.73976391572288
40.474992843361804
-29.92438605307504
-64.83925920766907
18.583054634179046
10.070872481755814
32.62013714627787
26.058271793480074
-163.60049222833217
-209.24179129157233
-224.1397241192701
-36.87472504015672
198.17157359063478
-233.47463507208082
-63.75575271605739
-18.71285973848942
-135.2492510742149
-262.3796511133599
-134.57515182465875
-30.27491278713258
-35.27275760365458
-335.5041779997882
-159.56858677035123
30.59304310501426
7.884167943594306
-28.90676989814797
2.045693506107213
-191.22044090548405
-233.63882201678396
-441.84592984158417
73.44180815523961
-98.75940507104784
-229.14967776736506
-222.3018342950986
-227.475723868566
36.355510375181495
-133.12260572440047
-12.002195811767876
-269.66221975261783
-463.79958633150363
-381.1812005333674
-240.1085791977767
-271.2180053590952
25.153063782042167
-16.35873759814976
-567.2218112610148
-307.1500918849407
-346.3014841022456
-247.67491182259636
-51.7818540847976
-57.58550814450295
102.7935199241963
-155.72649156496811
-397.0092837619046
-444.57583850661575
-434.77026029985814
-240.45844738429437
-153.2166104517569
-234.19845017063648
-261.28503465214527
-96.2261409319777
-42.53904742144159
-36.88594009618714
-303.3927930965447
-383.3205813118852
-0.5883448624228436
-14.299604080888756
-60.47964131781089
-76.67589523203863
-131.3782872302149
-94.16689597768939
-171.83541534505338
-135.84780832840804
-569.0341423323091
-532.5761696103955
-100.33184284465916
-7.919968853947623
-584.9256437655511
-522.4874268325186
-570.2093949830044
-602.5117985066997
43.633709721261425
-6.968702874220355
-63.61266490144838
26.99089663450451
-410.9037458364451
-325.94691168216974
-36.14595561909296
-31.36647396464697
-53.87193852166812
-39.91529849197816
-79.13313245648277
-3.5622922958220897
-61.32939428903332
175.2235470320585
-6.235607945626327
240.41090936812725
42.51832042641513
34.30090509207284
-273.86197571675484
-14.582901520514042
-4.393137085334601
-186.36039366674163
-161.15964945077724
-331.33390652789063
-91.38259977646567
-242.08095822286586
-36.43218577565578
-46.97236378446455
-204.88437918449944
-192.1681760420914
-259.6640106673818
13.871453083867834
206.80630296796022
-52.3222523092226
-248.34851030194412
-339.1610205792291
-28.887014078570488
-8.963945169824726
-338.8620049764992
-168.55505534189177
-200.00651494973818
-628.309480599929
-469.52047980948726
-24.80957961782029
-350.84709215886596
-423.3051238850857
-241.93860962595593
-184.87619199031167
-42.784457664494795
-66.24804094080937
-67.34945765737262
49.92773590276397
30.101901080141573
207.74550404506374
-144.19811192961646
-128.61072438189126
-11.564906068802912
70.52934558968352
-228.2684716530076
-377.2639683359421
-330.8189840231282
-490.1150070779806
4.598311801782643
25.43314277308683
-121.51379357429036
-243.9574944547094
-288.47137882993843
-167.85718971826304
53.52181306305545
-17.674019684219616
-97.63521597942436
-170.58649552215263
-522.9299739189464
-196.90424907036476
162.85842335992368
230.20591343995503
-104.79677488735679
-375.26309687105237
-69.87245727993155
-32.36359415905886
-113.58254038535446
-179.47247912027223
-280.97377697856035
-327.6998714694768
238.85320827288962
241.30234969684173
-170.99882315174005
-121.31685382729378
-397.4962767444686
-861.496384912394
-129.09373646194928
-55.64858105957131
186.75607574382178
234.9567279370352
-709.0253269181375
-647.3217055232171
-84.57448972501432
-14.053627340489015
25.332183131330268
50.42780547084109
-63.03836947352263
-7.15956793404433
16.947707871472673
27.273471507385153
-359.4735091672151
-30.4104851263384
-47.17268018551659
-55.405996722912796
-39.59288308873285
-119.67466083912907
-158.9805778297207
-562.7698379892385
-112.6027219480802
-54.52982219191388
-134.66838317857406
-49.28456741130044
-118.19630571194773
-28.262999703598922
-488.3396796209357
-405.7296449835255
-11.360625509014355
-7.963117025788804
-109.7264596032555
-118.2914317907538
94.8195964561874
46.8644949388716
202.52093237401436
167.09117168662482
35.8307524097136
-347.73187990793417
-3.5051250278801263
10.43279818421631
-393.6218139361805
-323.0931051762581
192.61985978755368
-44.57931245313678
6.58449566724768
-45.804049179108496
120.94420260378112
-208.4235907891204
-13.93817012718712
-79.85720904821315
-35.97866383512083
-69.12814655681294
32.241004792414
187.7409475623079
46.188107416255406
13.46041803609485
-48.266308444940236
-18.63011699020933
21.47748627856336
-35.1948290386275
10.765534640522475
-7.674728281120252
-266.5537060521124
-290.4682018049674
-475.48054634190856
-466.0371157164863
-247.50401165552668
232.6390871800641
-611.8093458811247
-204.5131412064237
-109.00675120627217
-231.60632478629736
-102.24628601644183
23.07085436191261
-96.92705467693963
-120.47379796557075
-49.22276047987174
259.28186905781445
-184.747667616508
-118.77904829999042
10.568364703673069
-71.74981291897674
-196.13600778429375
-160.79880585354653
221.04688745484455
-291.99840419302893
-691.1558319477209
-632.3202888384001
-198.07012673261082
-200.68568719854784
2.036624562463942
-53.140770323817925
21.128142195776874
-34.08583969000577
-27.1595382289114
-21.62983620650097
-549.8293317026843
-427.7525094334803
-514.867200252381
-554.4752164522752
-69.08878219260333
-148.43872039767945
-9.057958099594401
-42.677647939615376
187.14240393819523
-41.894558103302984
-103.92354939055195
-56.81588560090489
-50.90441887017583
-42.27508503461118
-529.0389790990807
-599.1791755666375
-279.6288995118716
-362.42534473105155
-120.15955069484401
39.83363625374426
-472.76978932111496
-416.1570737803488
126.22534893966994
206.24271055649837
-508.2713062285741
-50.87801442017737
-52.20253909716658
-53.195444902689694
155.1091467969985
-141.70796592205735
-95.92709767058537
-168.94733019367595
-60.841600999649394
-24.73679493390233
7.673112045746592
9.626354156273152
-375.9817912243548
-300.90516638390227
-221.6104818103217
72.85313985051778
-499.1126731957484
-457.5671293973876
-7.511917577359014
-118.3793008487693
7.548646125996541
8.481329978323004
63.33451364188974
22.287843972507048
-27.313433083750283
-36.368960747210494
-227.6530452815644
74.2299190678798
-324.5815219365058
-326.2790868317739
-363.87267291676363
-322.78066776889176
-175.90081009598964
-268.70061855593815
-137.98742973815098
-408.0475677250608
185.60909388454257
9.785321762695531
-410.6008919683453
-132.78795665543458
33.73750146467677
-385.01510498045104
-317.33898722643494
-281.6417258118542
-340.0636100729797
-339.48073286016944
108.99570770259011
15.936161472235767
-120.74426959415692
-105.21716039827024
-126.86728052932696
-393.45234343030853
-221.8421176716547
-245.5154279911526
-78.26134874769284
-101.27086165176348
-19.12034322274313
-5.722857362260839
-62.47578244930669
57.06462179838729
-102.16529057425028
24.086720481561727
-21.58376283142111
6.810117138168124
-415.9595993526475
-336.75904278910264
158.55912476905894
-206.5533017578378
-385.8994615659023
-85.03626164537383
42.110585486815324
-160.41401795227998
194.7643702007361
127.68636059653196
-85.83135328874603
-143.60243219947625
-502.9225118719312
-279.74829337290646
-222.07304800110174
-317.30759793175184
-78.29202942706095
-508.6267379371559
-138.3459517590038
131.4980503917593
-129.15022733709304
-81.3340571776264
-21.506684151530266
-302.05391024823393
-473.07083023395484
-436.84653267050356
-94.60010884381298
-32.67637981527557
-11.235911350722517
-3.854547904125397
-0.30536315185669594
-84.69111703111739
-83.70247099758842
-30.76603791774056
-504.60886804684196
-32.84507696281659
-297.4601952735908
-260.10911976110765
-22.205604979502326
-295.1978972426253
-413.92391835459966
-450.78480366566725
-374.03037460880984
-144.16259282953115
179.89849981054886
-39.15631853149348
-24.918797366268066
7.330785794979562
42.30952659793823
-163.95116659097306
-225.6079866596174
-402.1772052022553
-176.48798622824168
-279.5580662945532
-90.17096771766727
-10.007791761959098
-30.266083520739244
-75.01290013837632
1.332449333001847
-34.6113476933769
-22.33560680559772
-49.32247990728172
9.769961242463467
241.14346579101078
-31.505069452072505
-217.827019565915
-50.548546484137304
-96.64950513492457
-7.684743888350695
-168.19648923713646
-49.1487632913707
241.03551344032425
-183.4397252920591
-7.130238550950324
22.513437201239924
-21.651793846293273
196.18128242556296
54.054291995596
-336.02130108746167
-329.2799500842756
-538.6365471329204
-640.5236967680264
-27.884735453728425
-46.65091304668496
-260.4872745837225
-339.21591259538485
-79.25376522781832
-24.567961089861058
-358.37548006528385
-89.02030181542649
-49.45823432333458
285.3467579613035
23.89924362990712
221.4021421003123
-47.18734829672867
-104.18526692183725
-108.74020673838177
-71.62919589777086
-302.66815443294297
-117.03163236610798
-30.581032485854124
-40.8873272113814
-246.2712537440472
-459.33764592637607
-214.64265284899489
-115.06915692265042
-24.805630659900814
12.059376240372615
211.52541106258866
280.1688413311156
-182.37330249080327
-169.5456933031387
-318.9035261682344
-280.69293029401217
-266.1598640871378
-221.66888890114004
-113.61010420001071
8.104654213469011
-466.35793463974164
1.3424107691826208
-43.83542861871925
-12.055296591163312
-84.25303326884541
-105.36442409117889
8.481950613019336
-14.692628150531888
-345.32460635062984
-499.44830699138646
-295.4171394298329
-306.4418848451911
-637.3186374108116
-317.8072906761486
-333.4238628479185
244.53720751556983
-37.59463941689927
-378.7377470220192
-284.215865079664
182.96395386820146
-422.03210006291465
-57.1376126773605
-47.032968230016536
-75.57895325625073
-435.048544880965
-594.5848444437108
-306.4950669627387
-279.55615730968077
-295.1189938770243
-63.62863165466296
58.96259599566031
26.7768407736654
-280.58215689850243
-318.9831206172764
-55.96963816920895
-89.6167075078895
-282.82130082626
-69.05724143360769
-29.13744909918252
206.94614389061024
-193.01705215007144
-350.3551196506894
-567.2285136205485
-287.12256660499804
-2.4012963120989497
-406.9691211010777
120.95840308543218
250.5220223571559
-561.9254050493475
210.6089730586395
-145.7631648676595
-144.63962020496572
-116.74282970042992
-148.26594431553028
-439.77925379309244
-550.4153633463127
-25.045451182424216
260.4066150410049
-48.65737469511872
112.11567850193833
-424.24849808973624
-132.98286445141161
-260.941415897763
-280.81918603837585
-4.348414718087085
-8.960216591094607
8.921240849756288
-14.05929777589364
-86.37629385298472
-395.46799795216685
-482.86024285460223
-474.77731585412624
-7.093139240133354
-228.4237463434194
-13.722786467821356
-500.3017221768814
175.80300264190205
82.66713396658136
-161.62949960020234
-75.41675459753694
-342.46030721304965
-463.70616355338564
35.56909744815786
-6.648489936807678
-57.86939668557768
-137.94325482215433
-40.992140292649964
-23.207121697222874
-38.030354009240185
-379.2580983702714
-520.4529337122651
-525.3278293410851
-24.036096488975716
-314.7005959359766
-221.63708578809792
2.835280225752072
-93.84655939605797
-20.824117560593137
-62.31179878025969
171.12864150351083
-581.9118599412699
-588.5912120226305
-118.06498675708617
19.43858697900518
33.70890345562245
22.285826540670413
-87.04600845807657
-118.40983975203358
-316.1550513757787
-298.3700324822421
12.113494811019052
266.5468913900088
-207.94168879737265
-371.19576107745235
-441.52972382766393
-472.4686621421148
3.3833735193548478
-298.4445653762813
-664.5285457351393
-359.1695300316409
-3.5251464699197044
-11.928347580706813
-344.3438482358531
-289.13785983702525
-73.21735253479379
-56.42688405858365
-351.71636383552925
-365.1515642590896
-437.5146034782368
-493.5366526305397
