-471.0773777097078
-446.19821602420194
-1441.2133224005076
-676.2811368344766
-727.2431183104602
-737.9843796902459
-673.6732651294748
-562.2028428987691
-163.59678874990712
-243.311692851727
-257.2645735223959
-233.78386557400728
-545.3899196041459
-1695.0230658473076
-96.84873428890457
-140.85659112307877
-253.56485742502755
-414.3071762583353
-104.81063688134752
-144.93815770463584
-154.61461003352517
-214.95974178807728
-143.84594626671333
-146.3301991484359
-234.58853443327015
-299.12715977251355
-300.4868633682063
-411.0794010840817
-249.35575194809252
-293.1597282126697
-167.21957664387372
-324.71200393484395
-163.73334645120752
-31.31431929036117
-203.8928333727721
-270.15442941824733
-226.82379947266247
-197.554670493505
-160.1637241231898
-140.62507732629996
-142.84348991566816
-187.2311251038679
-240.28961512810903
-234.29744010989137
-133.76179840526854
-141.35784481931165
-231.25725526542692
-213.5740461498586
-382.6222432424804
-186.28496578925643
-126.90913825078638
-115.54336771953147
-232.5423693816841
-268.3479116599285
-210.1978303257872
-214.41227576242636
-131.6203032747142
-142.19624485185253
-213.75375325594644
-138.708285455031
-608.9296377506936
-328.51707278224137
-270.42293099076426
-222.2151565714356
-211.6383131438085
-312.83982974297834
-158.729387709017
-141.5444833456243
-372.55632055941993
-216.57678004426643
-630.5563063773674
-582.1790082724979
-175.94093501576742
-177.20319010479693
-352.7854802671055
-410.7318825729809
-423.44957394258705
-173.19315652319725
-180.16262522594613
-181.6936485515539
-113.40666249743879
-144.25622516780152
-189.82901642513286
-333.7734079058238
-443.30701116649465
-406.43249393198124
-149.75119674426762
-193.23581528411762
-129.36448530954692
-149.15175500844765
-318.00317762181123
-336.42348721951936
-208.50010745456092
-145.9137205375851
-149.4846837322585
-165.12630239532888
-348.8143401521671
-455.0093908928699
-291.00094182008206
-240.95188407420093
-141.4114054854636
-196.3740438929069
-271.4665436126514
-241.76891712426206
-346.565602522517
-315.371830223154
-470.09631519515773
-162.86731552906747
-127.15542423400603
-124.43339111299306
-247.70959982335816
-75.20078454549204
-786.8209791861474
-728.5200318773441
-189.24053115489914
-314.201799816437
-199.38307135128508
-263.9952145580986
-265.71755374405285
-305.84922801970174
-314.3223886408736
-253.73602745224647
-185.61837222215706
-132.63330544368984
-122.74801690898944
-113.71568624545577
-564.6585595411552
-90.4514719363612
-212.84702199184292
-502.386570253591
-327.9932959823925
-340.60323466181444
-506.31297640797794
-570.7134872656698
-524.5263872702781
-602.9435937348121
-203.1606360387554
-127.44996061831104
-314.48672405110983
-417.70996348509806
-232.04647526685588
-296.9058688621068
-222.40370006957892
-743.5765273019189
-111.30860824501596
34.002322221244384
-531.6652993968232
-606.1456012492552
-134.33692587226798
-153.15633061282972
-476.2113399412922
-132.95556543689224
-335.82126519115457
-227.67785226600614
-116.8719926875219
-112.47126581076908
-599.5365761750904
-531.9590929098431
-98.43487747764146
-143.9373570759966
-129.17502708097655
-111.7429897333428
-77.4391320413493
-123.44539317331152
-196.00117980644612
-188.84385235999696
-526.0426365758884
-380.88741579435435
-172.05061368151092
-169.78191384014576
187.4583983696836
-402.9569723645742
-124.92037629189761
-121.18910886659827
-209.60591521899806
-202.31788837665542
-106.68674914936635
-153.51240482895034
-134.15474169767896
-155.07727075990033
-56.77021114925846
-69.73961921008672
-139.61290442951116
-120.38662147907577
-82.94026806955988
-83.1385734110572
-139.90180405703003
-126.45048400066794
-136.74509094325464
-178.73403966412087
-152.47854360121113
-155.7085905979498
-115.81505979552234
-133.54998289179602
-377.06844759358967
-329.2732447758487
-134.18090953713644
-118.88727723459004
-110.52788381020048
-127.32627471938477
-108.92799137525837
-173.9470100168866
-268.35889979921205
-99.35761068882705
-434.1208538436407
-288.121734913748
-191.4626292631587
-91.79568460479604
-74.1720391524551
-96.01362988562327
-109.05967916161033
-107.80503739439577
-181.19021008653434
-46.19461541017109
-139.98730313743667
-116.47766360769756
-168.63140924877865
-100.77368954884044
-135.93578788760954
-55.54187587701546
-14.144884917082223
-148.95393733646785
-82.90636940713216
20.844980262488022
-89.01071830293513
6.743158544860748
-202.41140179315184
-213.77242151695697
-142.9062849517924
-163.891456363576
-114.13875004658773
-112.32829274652994
18.75431388819311
-158.81155991207874
-93.97907143928806
-103.19838684885322
-184.78359114149742
-291.7584615927002
-686.2647436627682
-664.2782942325347
-118.81602501220132
-118.98964695758892
-135.10146920140366
-52.464567473547106
-147.86138716359682
-150.96172499794778
-222.04143416786712
-326.9010984003892
-426.8296257898778
-568.0368697288529
-135.61905144739544
-112.96188433333033
-378.88679173547484
-528.0066518286015
-51.072783839597534
-87.06045329801387
-174.18273003795449
-120.4747779431247
-115.15747780151725
-62.70876151535684
-166.4028813382355
-345.15806615351886
-437.34404966334034
-451.8220546440295
-283.9832782362816
-218.0488901024766
-59.94120491316579
-120.65480990805415
-364.14743990088084
-361.4001496253791
-70.32463356048908
-79.98962178613967
-428.36331652574387
-451.42445620934063
-152.14097159673517
-125.16043940446815
-110.90386898774248
-55.48524029663727
-99.30046462036645
-36.092359221703916
-237.36742997601246
-194.69795644029853
-234.85205884973632
-310.182004521375
-156.57498278924044
-78.6787800284595
-117.06672149209703
-68.64042240341713
-132.00852303343106
-152.5408964146907
-76.36640941283623
-122.67516609853696
-69.08960100669938
-135.94066368491684
-239.69748856574705
-253.1044379506079
-431.5173989777411
-435.341412549891
-60.20279299783426
-19.22683766529704
-146.6406094511954
-134.21925264082745
-478.50311846390883
-224.72798087996492
-118.92519344300035
-153.1540991927601
-68.66729702757652
-72.10864879277526
-99.57310249953716
-99.6643820380451
-292.5269708747723
-440.3232054807594
-335.68004564543776
-287.75994004157405
-84.57916886454667
-90.40471427664053
-36.24135401159416
-136.33728775847
-119.67269872951195
-146.8475770558692
-329.4646880391749
-293.77990217788783
-330.50786338566945
-342.88389721099213
-7.229091750338782
-102.27332426845462
-311.3328455007545
-409.45636901162027
-94.2943671408248
-102.84960977921695
-176.9304403375665
-228.36369465211473
-422.38501685949257
-428.2155143107252
-289.1471067857618
-328.80528389744404
-138.3037361086849
-126.6108163714636
-335.0428470654794
-297.88739247174135
-134.16086353104785
-137.86195835075196
-550.4390862440914
-568.7752987638403
-312.18409509173136
-538.3559437051063
-10.740119551374534
-5.956395139777939
-121.98925993028075
-104.37319778288672
-23.748074459275998
-59.57515160060151
-143.16143712739824
-148.6733246132494
-154.65086276494543
-142.98683317025763
-137.8627703072011
-122.01196394763382
-92.8468036679701
-92.02766069712686
-147.22019023236038
-131.39999278021665
-187.29322818204002
240.84902052717177
-6.921840498673433
0.3067888716787195
-42.858558565303994
6.428416772993671
-131.51940810789847
-17.788868116776243
-73.5505331083486
-13.004750838454882
-0.6031541312949713
-205.6325031140143
-148.45064680920768
-155.51339525558063
-106.97251097107305
-119.33384764612143
-168.69916028080848
-146.51534109393998
-5.6459629768647375
-93.69642763723739
-144.28368249550883
-127.81265925678291
-244.35869125283736
-235.68872589282998
-90.63836193616356
-132.54163862978297
-364.62048020496286
-305.9955254439835
-159.455912396713
-161.10479977067337
-3.6534854966429293
-207.66742211435354
-145.1360213515983
-171.61438893848555
-121.32687373683322
-123.75452503957823
-112.51986350760872
-41.11094386545308
-116.37332633167429
-157.7551286268398
-250.90009058888572
-464.22609111612695
-146.712995148909
-118.79929766030104
-60.269471682594784
-53.21041979449329
-67.17870473329371
-34.69402671630422
-90.60886764837518
-70.13290368648956
-132.46074761519702
-131.36459124656858
-105.217078914089
-30.404306015690196
-143.23891038362927
-118.99899043922636
-96.68738077054306
-127.43871312895354
-154.33418661999116
-178.47156959879442
-144.26682661625935
-158.77106235008807
-144.44755115127535
-60.54103779154477
-131.3225505906365
-129.72730816975348
-61.742860966528454
-11.91473484186973
-245.3410030929019
-424.70078556500124
241.38382528001094
-137.96935437446848
-136.44375688412205
-135.58204214400186
-15.256154954764156
13.78459027233572
-135.53511697054174
-57.45780933724576
-112.34404348052556
-132.2647642756058
-144.30096238891025
-153.00239119737293
-132.15625866504308
-827.915603075305
-133.54140213390747
-128.75716017832588
-143.8924350008596
-114.0135758987109
-118.45951336954809
-89.05170680266698
-125.43475210877031
-141.42205192925394
-477.02874846463004
-348.9581431122787
-114.77566491993196
-84.56567132220827
-136.02426604574367
-184.1022418320451
-22.913178258077707
-9.571580511864354
-67.1753249262492
-141.52710064485586
-142.62969021394454
-153.94805993195322
-140.5769017196771
-125.67961412205001
-152.06285169794393
-154.8360627582187
-148.14219422259958
-86.23286408378725
-143.3252533982261
-23.281183506788523
-177.10675249042174
-271.32008136191894
-117.85473586224364
-5.805926555385881
8.806389916666603
-128.5853729403137
-185.44190424184768
-85.92837988201534
-84.81637109791109
-142.5953033358592
-116.77340840097885
-84.21140276002474
-32.3749562361449
-138.70811013112137
-144.97921891574285
-648.2529005630892
-155.95545209707367
-146.347834837115
-127.17996477912328
-181.72157767302758
-161.6283735193815
-188.4890874566309
-44.520318208418956
-108.05501516264746
-83.97049284298367
-122.41649093771257
-76.15558518222333
-126.94758885672292
-36.49894558360169
39.084786314219315
-21.722006225676495
-94.69003792835038
-185.29841418204643
-147.78633019105587
-107.96972174210852
-92.80445331152892
-120.88562157714955
-105.88027989826973
-89.17032550838488
-111.06726153649366
-162.3523786754359
-189.32930374803516
-121.10506339883736
229.4532247985073
-112.75444561687205
-26.850116567057043
-93.5453208867031
-101.99750269295254
-129.7258575172294
-504.0174672244566
-70.00884477720581
-413.61976497798275
-114.77432925066445
144.57809682694779
-126.56689219130612
-121.46287593885101
-129.9141376795157
-135.89510308603025
-75.01016182351275
-100.22297572056576
-137.78629580496553
-149.58422440220545
-240.8662195274621
-240.76248055147855
-133.66785925161483
-143.45615646227486
-175.09183204654317
-153.0798524270872
-130.20439041453443
-128.20481965814668
-131.4589403379425
-184.87528209940103
-92.7059359596979
-115.85648886059366
-83.41944755010253
-124.84850818691109
-115.89919673567167
-15.2156103233403
-84.15655746305842
-117.3456350732412
-690.4969811396282
-170.2221877776275
-113.39700013177668
-126.85225282835913
-135.51224496346276
-141.78320999076269
-47.61129382126459
-141.8564697410351
-73.8338211857146
-91.60958478266292
-127.0140618237931
-240.34092630489192
-2.6227940166173767
-119.17520649040264
-184.92170685378812
-165.52235573255928
-153.79611262146904
-223.58397214764096
-151.3350706801425
-142.03529826036444
-120.38468496767365
-12.788865942754754
-150.0449036444854
-172.56916564492394
-101.97003978315774
-225.65844559154107
-159.6119641004351
-141.67672175825314
-122.86632479289162
-119.66927870819828
-186.94336415881986
-176.9069390567194
-107.88222038274662
-78.04043508493474
-161.23745392008152
-170.25967692473654
-169.89893613361403
-112.29166275782036
-201.9316721249584
-148.0990622804528
-95.37147596854973
-159.11079071273016
-104.84998628415046
-126.92730734232057
-427.91200421540134
-141.951169291979
-180.6847101961955
-136.16826299935562
-133.69829388820887
-122.92487292036722
-110.22351370005737
-103.53766384784629
-46.04456049680925
-102.49997693553166
-148.34617303333465
-454.32357556597566
-99.33268499267479
-38.579063811981065
-21.506713043683945
-22.93595957923992
-288.57290373397825
-272.929694195039
-189.1896117421647
-166.2045767819834
-136.41683880836462
-19.185382781306473
-80.11752375510434
-100.68456923583052
211.21189894329126
4.509265765844631
-8.707995989937658
-137.85601412100073
-145.90224991102428
-146.28944180099208
-49.88984358288924
-213.18856915719286
-116.64822171703318
-155.00752782169803
-122.90274184298114
9.847723157395777
-132.30064961100663
-104.82592020303
-164.43416998164787
-136.8191380033368
-98.65831793094686
-103.24897555700429
-337.5841452777348
-27.38420664819499
-292.18264290005914
-294.71013375745065
-140.29234636080173
-145.63079210784184
-27.81646055075319
-99.54384051909773
-151.99642029423765
-119.74638011050733
-112.07794494784835
-135.3163114943527
-129.08487356772366
-756.9755739015287
-135.90993602191415
-107.93056716580303
-118.27584583866256
-119.04119176034024
-19.44455973138075
-17.300022322045663
-125.81638841830224
-39.277673739335356
-283.8076088370274
-203.65784637585423
-128.77518285802128
-81.54751211565531
-145.92092284060027
-130.57864921395318
-10.465045404392043
-106.53856242361462
-117.92355751797999
-131.24472722470802
-132.1417374786753
-128.08715160993992
-152.4193427341582
-115.87735649217566
-89.23898287620742
-182.59405904498834
-236.63196407451034
-282.0543431227418
12.004906484404628
-54.46473797254065
-120.27422932404266
-86.43402935930797
-147.76470830514094
-164.13000733917494
-148.72221785303574
-147.98205999955223
-139.9866268940055
-102.3441535614326
-71.44086978446299
-138.93294264109
-138.53955886509195
-126.66321258815978
-61.15010530250309
-19.69653542704245
-369.95669110953145
-146.66973278336914
-95.82583108307092
-130.27373819176108
-168.93948156149193
-173.69361932429695
-133.77460730460487
-114.19171281785967
-219.0203687112707
-194.4423594909172
-129.5675061484391
-136.34968843567884
-137.7166927952898
-455.65678278847196
14.146765084472051
-9.467130854793623
-112.4679608566492
-124.3782845748701
-138.83501896220517
-327.0732879668471
-26.54148145579532
-29.240710945541977
-80.86801919726116
-52.268102530487326
-117.5782545620718
-134.1074350774793
-124.6649729323014
-149.58735749461835
-164.3673613983509
-150.46072511085958
-153.12327342861246
14.634796741757796
-149.08938735760475
-103.21941523630126
-93.70651340826545
28.625212371130885
-138.18689403583625
-103.22183781540187
-753.948411719389
-20.547608725102748
15.698828452461626
-12.34546410182368
-182.3152202872555
-138.88990507313568
-95.46470789440576
-123.6551833446432
-120.77365864379986
-123.05676180855599
-141.73277402744006
-38.7550031234629
-125.75899413648477
-137.24281593108228
-111.27013424842835
-122.23878098047788
-164.9409450125722
-62.94065504064788
-146.2548039737978
-123.00299167489234
-133.64492856412642
-145.4776086729774
-146.86999657627027
-175.77787142006702
-154.5297683356669
-148.10407947283022
-176.1440308304592
-258.0482969008233
-180.7720774867097
-194.1760658909809
-122.33606633944484
-124.28865819760102
-166.8860983751369
-126.91423241178182
-117.2864600669634
-135.00713052486668
-87.41644936997534
-52.15843389397552
-258.7987758464669
-225.89619480119
197.06751106088112
8.246954117378152
-133.1855186533964
-128.13037611358578
-138.44226937374293
-77.961442222774
-1.105309571198319
-248.51288373293386
-193.76395930883407
7.564663229031083
-64.6402454899816
-142.5858017343427
-19.728559524872537
-150.75849673972357
-11.30540526341376
-79.9676914383333
-146.6419050946859
-132.531466094968
-120.46892908898897
-116.47948117478866
-7.941378198926628
-52.640981883811456
-157.78828208334204
5.95785378886346
-92.15628614501895
-44.862731835314605
-123.11720537874466
-153.35612129560596
-90.19005117031597
-70.47440571532718
-151.36385102507808
-156.0320459173854
-159.73433194477556
-125.80338932242407
-157.0045301385319
-59.43289162107385
-105.09374006320135
-93.39027625060375
-292.2221685934046
-51.077381216400155
-43.74502305123218
-6.472283930977781
-132.22424570161758
-224.73278300481002
-163.00243465306687
-144.65039324803774
-152.22494449017645
-98.75808132092084
-104.6025506075454
-124.65586971005428
-101.56624541668604
-110.92427708415197
-104.46617708982433
24.484945076556173
-182.46018286004806
-141.7572945414377
-155.98359460612284
-164.5334016656168
-138.03389337917483
-126.62848663855351
-153.65055783761557
-242.8341474819516
-115.59685497458446
12.37920762438111
-156.62777886158054
-153.23312636723642
-148.11842701914316
-136.03636503774234
-52.94126164943155
-144.76421895985936
-226.00971644899525
-143.02016912722993
-155.22257600330664
-102.83773742028106
-148.9441095945885
-98.20077796521356
-155.08888354489088
-125.013983513941
-156.87118557883807
-157.0585782302109
-155.81203283316336
-128.68473354416722
-94.79007547437935
-104.35419140567821
-124.65153641496188
-145.44012957860664
-136.081191421192
-51.919358730943756
-95.16133369664509
-162.16639616425874
-253.5793462170377
-163.9839008945618
-173.10532814802121
-163.28839698339172
17.64839649167527
-36.23910531090981
-16.15214534372771
-124.54207869342268
-152.63709500962682
-69.87474581923234
-92.49245671219064
-135.70967165905301
-126.6661286948549
-121.93208024641655
-296.5125680569116
-280.61700749794
-55.845926990729794
-112.80770658053561
-45.7131739609786
-118.92617469869062
-16.277124610877138
-9.943720252649555
-133.18931099534706
-83.74938951443495
-124.43669974341955
-93.4816486503566
-142.57563743948106
-118.05483478692338
-128.52319773144507
-146.77334518693903
-327.7186613167147
-288.79867038799586
29.60411570512224
16.20971777548587
-72.55001731653161
-128.11371318111478
14.648442863795239
-47.86461156944637
-120.15173312345259
-103.44557098132611
-164.92172198639287
-144.81435335776072
-146.35295424799517
-160.8789410818922
-123.45878378577186
-149.63149406637405
-132.2159191035557
-116.75568102701118
-329.4349697018964
-2.8951335292879463
-37.373867444940494
-146.00656580866863
-146.5882866483477
-128.06707979221096
-90.16001480146888
-139.0802735354324
-327.0818785140251
-169.59972678550105
-225.8673839199935
-163.1654852025149
-128.56376083183932
-150.47665939213402
-136.99877367020926
-133.2736647192034
-156.40066862220792
-160.6804795730119
-102.86629327187481
-112.78213184484038
-196.86320842685774
-201.93833146094647
-120.03694859845288
-113.0411614355487
-208.0292686724987
-163.5310541620878
-164.3119288209598
-132.84878114956712
-40.98766305087688
-234.55876706252496
-119.61368947608737
-155.30763201254192
-142.36116803795665
-161.9984162061014
-151.41095776783317
-122.57471914757443
-148.15675861091447
-132.53608720170368
-87.17207523888666
-75.15001837689198
-160.242747675644
-147.90318089838232
-72.70716888217811
-394.644817713488
-24.556584943828796
-55.933353822095604
-25.42339245129361
-58.64165865391029
-159.20747176639378
-147.59849534568335
-127.7214550802071
-392.1401279926649
-64.4863391113639
2.63976270893491
-129.4969514449018
-132.24425616603222
-456.6704239754356
-140.0920646249541
-533.5585994526571
-712.986809393232
-135.72176296937306
-118.07146350866229
-142.8060979138968
-138.16341921498667
-113.06100054892052
-100.28714072228769
-157.10977616545122
-112.18581148336386
-122.46908713481959
-95.92687563490976
-154.23897977305853
-560.7744758504302
-362.6400425999381
-148.1084539208502
-428.12362903849015
-464.25532271678105
-37.17569725240598
-137.47111890626454
-512.0571469110077
-149.9221759586306
-53.416878908915876
-137.14842315752395
-127.85805415752023
-154.15178492526553
-342.3903851865972
-388.4631222362264
0.6465693733796058
-100.91772408465243
-122.17940574497806
-180.8766954777157
-143.58492308301197
-185.10796342305633
-144.5601824613169
-429.1864883306334
-126.52266030560821
-120.0178128632756
-131.90421507954414
-194.64430767936977
-140.064283510741
18.976387469328117
-3.188485447182188
-115.77046168752248
-131.75724684977067
-129.03585079950082
-64.13768074155931
-39.173786666277024
-13.801914396247199
-144.005061290226
-173.74232564980798
-147.00967951921098
-130.5924849775697
-157.44387268631954
-78.82799803319067
-0.581650536423254
-175.1723338264964
-65.24677383262282
-32.23897252227857
-146.21834423232417
-120.12076930686025
-286.2787831942486
-86.61206978622756
-105.82490361719897
-172.83187765917347
-210.45452001549813
-41.44594019536993
-93.35124046092729
-176.93161270643355
-102.95440841084972
-107.26470288208311
-60.00286294847273
-136.42736350649807
-114.76715603289995
-137.23530573059114
-461.2560328658784
-157.4406856682545
-146.94765118304576
-184.75539593891676
-134.854244016684
-158.7294063647327
-117.06871141480092
-121.56123408528745
-57.60144238906112
-547.1790040913322
-111.28423437288478
-82.86583486488624
-57.91879437560671
-65.89543876862366
-141.90738748289945
-161.46545259770434
-68.52443581956581
9.009634873101973
-124.8513908837568
-88.17654811451561
-71.04700954390876
-129.399865775951
-140.91968035347082
-112.63013143431517
-143.5332296320674
-112.49839489224668
-92.56048350816849
4.23395143513838
25.764235240048137
-49.34242631122599
-56.389013777782296
-116.17395102485057
-114.6199973277241
-155.52334468428853
-80.93113816865913
-129.6545964243074
-136.38190454129023
-105.29524929327448
-205.25135545188104
-79.11364822932632
-137.80729725849392
-96.86099981529205
-130.4905084131114
-103.8303091516305
-96.24717456134731
-81.10955777184134
-150.4730928312005
-175.20546625269242
-228.90504665126514
-29.585303113820515
-168.1313288148882
-38.087610468641884
-69.0006062880868
-146.2972365081995
-141.59466285273484
-142.57422784196243
-126.12123529894055
-115.48097574913409
197.31325484395973
-80.03271949041408
-66.74481187654044
-8.442579318317073
-149.40572546510398
-250.53284293880748
-261.3936192078601
-99.57704002455566
21.01982450085802
-139.41136470779253
-0.7191084819372833
-17.51412635902429
-119.6274803602455
-107.86575601036066
-171.22813101103227
-115.56107574168738
-168.061898910921
-78.11552116438764
-102.43538207804077
-43.95114266179791
-159.80824329281418
-49.989549201047026
-75.18920518598291
-227.51559659096463
-229.84419146011683
-141.4854059138105
-199.91761712870883
-151.1984840375908
-33.70537550654788
-118.08708609555397
-114.10769040706336
-2.040689702485423
-107.20698831893532
-72.90984210541616
-111.78000179392801
-45.68886184557054
-47.18121881595359
-122.47001304399004
-124.42601915291773
-124.51280692666828
-142.66705770116246
-115.09726485461468
-104.26837608883744
-166.23207153265733
-137.70063692638507
-109.85266888542093
-102.83608479993002
-129.09556023387125
-131.55076219456788
-117.6701695493984
-117.51550485127757
-100.76660039138238
-118.48371294063489
-148.60853286348018
-178.94173036354903
-54.98362057484039
-133.43695649019537
-239.49517544847143
-242.02782077842264
-131.58988945947746
-135.98824713367273
-130.46739975073322
-132.6466668082483
-41.071308169782824
-109.80194370306276
-62.50740665084317
-103.0218171875745
-63.270594680085956
-85.94069280144107
-1.826516531100836
-126.7238486491387
-60.871227325110915
-125.85731183323222
4.227315986986611
-122.52490431091196
-640.5667268966463
-632.7857100605198
-32.430174641786465
4.452637364186955
-119.38311640230908
-150.86378748770625
-202.03040562922948
-194.11723243866948
-175.4648207297945
-156.78908616006288
-154.7181492321647
-152.29341221107478
-113.60923774658679
-103.46835059480844
-612.1146751124612
-366.6887602635086
-154.7489242234596
-148.93555130860517
-1.2639111698745893
-92.93940846654245
-307.86290013868006
-201.8421062364277
-141.40796753055832
-112.79154155200078
-138.37789949526916
-139.01737413648232
-164.09886828535898
-172.61740002029933
-246.5141334265184
-227.56163060909768
-417.77988047700455
-328.98965123125237
-18.54127459645676
-125.06522862279012
1.2292533926157319
-167.36749461084202
-200.44540004417058
-289.1475616805981
-118.14034496659028
-6.947636931662942
-33.68846588974783
-78.32262336121606
-86.79741853397196
-59.13510447359094
-138.71597123114083
-135.88195041664397
-138.82534863646978
-582.7146794631725
-1848.351309701006
-1565.1758357289475
-105.37539437290336
-159.07497670924863
-90.72289778352196
-99.84115243433399
-122.16706011746783
-213.16079637892796
-115.29055599183054
-90.62740010720658
-149.41963018831575
-147.17109661414884
-98.27132216743566
-99.45417053330628
-156.26351010173664
-145.51541432332104
-622.421644764504
-643.4301555537711
-111.06043077338123
-161.2642207577719
-139.1114017000366
-143.56611600378687
-134.8771842003431
-115.46966893788483
-134.6331808521507
-216.7024837220021
-50.24463138299181
2.300407286636471
-119.64174128694168
-104.48085964776249
-272.81942623843383
-104.04779067589905
-107.61433830946552
-90.41891290895717
-57.92031780114034
-98.90638247364055
-145.92977317123152
-334.0429744023343
-140.74624061091623
-118.07604406881116
-133.99010729582494
-171.62312815326334
-164.12787735989696
-578.2762164239109
-136.04309947622053
-64.37358597109954
-38.55993270148343
-5.439900872634965
-35.28497025407319
-12.329543595143889
-47.79183598394108
-72.3595956811063
-143.97792602031956
-513.9311914945222
-281.80369720903246
-171.55914679045674
-114.31184333801478
-12.492492593465471
-180.64472490370224
4.870313415171978
-151.05413543433994
-132.1455886922081
-115.1304505497783
-118.66710366780654
-13.863346983617063
12.314126563414817
-78.80221957219446
-100.25344893218684
-151.86341207814837
-149.40825364088965
-72.14228891194985
-66.95411955927409
-61.15696840014475
-204.18788191828833
-441.25155816786884
-196.94376655923065
-140.53910074696708
-321.53593332184937
-142.16954303231284
-58.2032996596061
-48.9426642497627
-368.91916335992505
-167.95824939431026
-140.40204742361905
-222.00622523676617
-170.4742100323984
-401.7419461028543
-457.67316599783106
-220.79573408744702
-322.83808309564625
-11.122926332641782
-144.04503617129674
-110.5915615733412
-149.17361797403612
-119.97310646746492
-151.88003000549327
-21.573568470565917
-54.239563825126254
-140.83108071577578
-139.54965299113047
-78.66540409745895
-133.71365906855323
-107.59018151019518
-118.35238572714425
-110.4318662094431
-153.56756008971485
-58.868339644625934
-88.96106546762853
-418.846559009631
-216.36967491214543
-132.80474094047582
-100.9657450050056
-144.30439010939372
-171.88615300917655
-270.1242011715706
-143.5726465221198
-139.88359594080293
-68.72660937742039
-96.8064998175066
-118.18191213136456
-7.623360070109072
-116.48377314238849
-201.31051645422184
-264.2148882717024
-73.12634841884987
-147.04766713364907
-137.72924394818043
19.304728671017344
-121.56238778695058
-313.36209798062237
-135.81878907843162
-137.85762000007065
-138.5099286775041
-158.13275190681475
-77.71789353434217
-113.26219745935722
-182.82854498145736
-123.49973275699851
-139.70700143063422
-153.33901728487203
-168.46295932170148
-168.82898446657458
-53.984875823001204
-160.7447045631422
-124.73415953030357
-56.87140625797221
28.6816239450265
-132.39685874989152
12.664601072100709
-38.07010289274522
-144.30292635963832
-65.21565532632962
-133.59564156837368
-136.13132780848906
-146.35273796059937
-139.32552334249402
-96.0421796676718
-59.08505953824824
-78.99958171371118
-49.39200771743597
-122.40311528464943
-30.974935911987373
-3.3696980378306307
100.80907523256285
-184.70603792004084
-225.84576062408132
-49.60917434878445
-179.53330034071888
-155.4682862152207
-144.77487388409565
-123.39794498707215
-149.626099134577
-150.32542604145297
-183.40023844037796
-144.49225852593221
-151.51234832174555
-143.3605344980117
-150.11989769532124
-173.31346604070393
-146.19541244934172
-186.73938776528863
-296.4434731268421
-98.59153124645938
-122.22300454866232
-119.30520273330589
-132.18529852316956
-122.31619740419521
-148.02053623754347
-146.53263759900875
-125.40751019730982
-348.28312787042756
-343.69605215502634
-157.03062739621396
-178.2439676609755
-176.02279485063934
33.19993726396811
-132.04033788222657
-109.21164479287235
-90.0360872152352
-43.893365271667705
-124.59431000899447
81.9382819042515
-111.74352969456855
-156.06711385875167
-125.66812992034878
-121.08525434508377
-91.5744054442538
-13.586937167316208
-108.02436317110858
-103.77720286650009
-95.10239188773605
-130.2210428020904
-115.76817658800158
-126.43769408840029
-38.56661836342829
-129.35928340014794
-193.32760279998814
-285.45254594468224
-327.2866053485229
-299.39165412948705
43.156229533330276
-142.8720090083508
-152.46694271210356
-154.39611050585623
-166.69835263057456
-42.41045990938395
-119.17731598313122
-108.06017636559807
-132.58428094366883
-113.16254981940519
-110.08277803664589
-132.82783514073589
-154.9848868222852
-109.17399828815418
-7.4332739375994805
-140.79796567724742
-221.2191387389011
-151.60307684966787
-292.7040142494319
-364.7660316013149
-155.49059743182326
-182.77652291528676
-165.36613473648416
-34.03618560542746
-160.22552767045087
-163.86216609622542
-153.02820726286902
-142.03698299219678
-138.88585794644055
-33.921984061497156
-94.63904860328405
-144.98218628789581
-142.31871100044773
-214.89178390480478
-473.20685561347483
-467.8702943016861
-106.42703455191057
-102.77932268874955
-166.4842935562595
-118.72554243717616
-129.70159493173537
41.75977242580285
-128.18533377428182
-130.57197021438014
-125.13213558897624
-114.31215292397181
-159.49053967560548
-118.26770780428389
-37.327557558287054
-75.79025883936188
-128.71032288321496
-131.04392097436232
-163.41741555976114
-170.9361766646823
-32.718110838419776
-108.23781758209962
-97.35628763881485
-64.27829081375391
-29.824486363433948
-108.1533642482373
-108.01311437109383
-68.26504426792107
-142.88027421134396
-108.33827208628888
-34.74064239328986
-115.16170781372408
-393.00858166008527
-421.07507680772204
-148.90057959020427
-165.18731304869252
-141.9875719433895
-187.09562553937005
-150.10737178012369
-152.92609732311857
-132.5893696681161
-135.53954373454008
-136.23303623198734
-151.01911317015177
-114.07490573103578
-131.46624034707742
-130.567061649634
-141.07776780840237
-398.05490553770926
-179.884999498208
-117.2887061894335
-64.13547962513516
-133.97345948207385
-123.43728865164822
-124.95484497460754
-111.12972911027583
-374.5812842601153
-359.28274883719934
-370.86300211433104
-130.80774653807163
-118.23981636707188
-142.88140542147374
-86.27637312043218
-150.09842864959174
-41.749297983170116
-112.63743784036932
-105.98739548349936
-182.1257400083905
-2023.0984336977342
-44.85122882630654
-13.176467716084318
-182.60298096178622
-228.3568933353789
-202.2736632884388
-71.838813434179
-154.16849064153143
-111.04438836992455
-143.68935959650838
-165.35029835067087
7.92969628314836
-151.67495369796455
-121.89391953409702
-102.45917126859928
-97.73175566213388
-130.61431662966336
-176.80295944653977
-206.62168665666718
-236.8954194555018
-108.3777115341902
-50.15369848808807
-146.4200765348889
-75.77771661177849
-53.01739893007377
-121.83977901643723
-122.13560861287328
-146.90996552164057
-211.97777641782585
-211.70314300635675
-150.30647096334067
-106.25924972731791
-246.05354045477887
-278.61181209852225
-109.6898254349504
-19.46565540365272
-91.3664345242706
-166.56626006230212
-78.39836730602104
-112.09683689222545
-155.40705959077647
-881.2950257637555
-125.20328444522663
-139.22799753301695
31.25332017402198
-151.30539819808183
-115.48954784835715
-294.954677772389
-161.67610665996347
-166.5389505214248
-149.22939438164258
-114.59767561244708
-102.2566346328122
-105.9088701372574
-119.93380859037826
-39.64187486230394
-153.16172916502063
-120.75230917821807
-119.94790131737065
-82.84444515059599
-110.98552152517973
-66.34518476338278
-379.44720227798416
-306.8383966236473
-63.172565150405426
-81.34066702745804
-67.12077311904945
23.49902900163812
-175.68970103885465
-132.6452750873035
-180.36663588236343
-97.05859249850157
-121.42241513804423
-153.1109697708608
-262.8291913372426
-62.68576240940312
-44.07799996031044
-197.86789459041475
-200.06377191533238
-15.860732679173367
-282.4244105650736
-109.91694372777081
-889.3786469906449
168.25213401624777
-188.87413786694825
-17.117343206407114
-213.30914537113702
-103.82678931837117
-135.95462991681705
-160.06345871337163
-37.22475658040754
-155.67591799797958
-143.50209192417654
-139.98648146438637
-145.93775529935195
-72.11034888476763
-166.11242214715776
-146.16708348533007
-7.849539562414719
-104.31422609995022
31.38323504750855
5.108092267189477
-16.780665978105205
-112.49790051641712
-68.86394759508322
-144.00932168843462
-128.77905195220404
-115.16191940020312
-130.107032107078
-10.098416658537957
-135.08226602011166
-165.56603361788387
-4.578843790638217
-42.58511506511229
-142.67856672599584
-119.94959636176273
-183.21393166485336
-211.63637726412497
-130.29195109290785
-133.23959682205316
-96.39243391644615
-65.13343814936695
-691.7544399470855
-157.31936669755908
-126.80525495186343
-148.16009204425688
-144.45451376273087
-66.4636673939291
-167.55472683921812
-150.22787501111486
-210.49042801830376
-167.603450432656
-79.36566495252868
-103.28976272641015
-35.03507359697247
16.65640886620828
-195.5599358031344
-308.8704734285059
-96.25557193395636
-115.52781656862552
-117.83549599679728
-109.4220155735069
-205.5455418046798
-52.729535057556014
-52.50458901707515
-90.76140606539312
-148.59261959662297
-134.75942054625898
-165.06842099239748
-147.6713033519215
-156.86687575256195
-166.42302008865317
-93.25160223163212
-34.86023633354674
-146.79603555391373
-102.64086294406012
-53.85406425972784
-84.1171125985022
3.2508177935626605
-120.92236486218866
-113.66772583737668
-41.60414839879746
-127.91854471660344
-144.43659853402792
-26.13466953340844
-124.4010361910708
-288.1052781084391
-200.62465615052008
-134.3432268773936
-181.65128349849917
-169.3487650203233
-131.64207789313176
-131.4023668765095
-75.23095627476907
-156.51739838072234
-213.25295494428886
-112.75342971615106
-114.20822939128604
-196.4326640174437
-248.47326732965578
-98.75190069762246
-154.2053157761354
-140.33604311345752
-169.0757087263897
-109.31825220060028
-33.98336288415271
-132.5854997434413
-129.41789172859245
-112.32090981357015
-130.51564515064507
-123.12518244723782
-134.74908457708761
-84.13746271710559
-43.949450325467495
-122.27412478185263
-150.52895801566996
-131.20042357263424
-16.03589015363204
-158.2477352997974
-136.09585104280637
-158.8550886208214
-121.2294524992976
-495.2957798295921
-39.14484469033866
-166.5772330214146
-176.64536529901886
-160.73250049869122
-131.78061440238318
-35.18637283618389
25.650253726730696
-159.11252726664418
-155.33354774450984
-114.47549813029286
-124.8030616985929
-431.36288520101004
-100.17851077557557
-207.85010358532105
-146.00195716037666
-295.86604029731916
-381.600206448673
-139.64181929756893
-107.21317611018281
-159.93240625941655
-161.70093635825305
-162.02592450056852
-71.36456821493249
-96.25224405509951
-150.3389562273199
-125.59672312951281
-119.38087140130604
15.583597987949076
-204.19143381275677
-128.37453527444217
-106.30896134065947
-123.08008171227308
-52.35101113695255
-136.47815370021965
-135.83877322666365
-150.68121394316685
-178.4690062140197
-43.08489410669783
-152.15356949478212
-149.80894810578658
-123.90275303182261
-100.76705774490617
-58.777037202442905
-106.94329813336813
-117.30074712237
15.044880507826065
-122.0733298683457
-117.40761406881744
-108.64700901810849
-101.23648729475207
-125.30531013425428
-167.0242329871881
-214.46233457808296
-165.9853912693165
-174.34435636938304
-387.3256941812413
-516.5018165453951
-127.36697133970337
-46.22883519749504
-67.67820482904668
-126.45063109051472
-42.65321625657064
-137.2308349712457
27.90130153663145
26.59977062937034
-165.32345430864905
-194.51487496258738
-52.580037723068415
-1.975168088557595
-112.5232018713188
42.66747033357157
-105.69282071656698
-26.231156695964685
-129.7920547702697
-162.97897545640032
-140.96990800499904
-214.4701837210768
-101.72136540479468
-120.78841641032099
-115.8671743760157
8.204719709532839
-29.81348774121693
-94.97425136341732
-1436.7242030257396
-145.01807682718606
-157.2080461401896
-161.90048421139502
-108.90475018414061
-128.3650533711641
-368.79646748215947
-360.0900714639104
-77.17418450362521
-133.46289993993105
-86.73442421772288
-104.27374445973179
3.5907306678758317
-146.2953200644095
-35.09316148949118
-137.8767142004064
-25.08055617093146
-150.38760994499938
-155.74789486911814
-163.83951865118615
-617.1983409188246
-105.35400815848355
-22.756375898211544
-144.06053892480716
-119.7274458031074
-107.95101164702697
-125.99488742027248
-104.04595472673259
-124.80770605149883
-125.68677319876429
-33.18722390161142
-86.52131775810297
-277.0618339799697
-70.8362922266486
-119.28857606607632
-92.79128647297064
-178.05054685605836
-189.81994139971562
-49.73910027584199
-136.94550578202427
-113.94929340265764
-115.41511973851544
-101.66117515486374
-115.21862456465145
-98.7766639047616
-56.79707411921947
-123.73944914152574
-93.30415967599123
-78.33167889931094
-88.00822562824035
-36.19713328558484
-291.7826611979025
-164.58435075421306
-141.61355992028572
-146.001138833148
-137.27610830568355
-85.25120227612663
-126.20240054011117
-154.88898474692917
-127.72334415906478
-96.061963105213
-95.10905574525383
-79.47793664923466
-110.8423528153771
-981.7165583130077
-957.2083444145686
-84.73208045181703
-88.19974021308481
-114.37381457982214
-88.77394202105044
-25.92209577242896
-85.47659845811046
-46.592911949901726
-156.54155467693408
-46.538035432507385
14.275959839095464
-110.0010594759453
-158.91519327991938
-143.0716087413767
-49.297893341905365
-122.41963014789484
-132.38615112023996
-23.377381211423497
-185.15735470553886
-135.40301122359892
-130.98696303825537
-138.66680588235653
-566.7045635787101
-101.64188084794627
-127.60951433444146
-108.30497290959136
4.268338250400674
-294.6379837255772
-268.80126223753416
-127.17273461809029
-96.28747526468194
-151.94862464367625
-17.994287825434625
-111.5344303464047
-161.9725408718203
-115.84044254958954
-107.40296518967003
-20.649571764260713
-145.388244209472
22.18893106717769
-173.8793267244535
-41.278237706989124
-13.614592006278869
-64.49572518189973
-30.555551922480632
108.58852956050906
-48.58937993573019
-161.42522948662423
-124.30670085634401
-158.76280859344484
-151.30807664722272
-303.7482253823795
34.930915963589314
-0.07502647032822551
-111.87444577313443
-123.1584919158185
-66.52493096029183
-122.085034614161
-119.11886919295779
-130.57377603553087
-146.62850546208625
-147.14019734403203
-159.58271465373258
-7.200742122252805
-70.7717956689516
-150.81568820614507
-123.62985652815658
-140.69000546340214
-167.57766475625374
-67.83108199156516
-169.09674398589544
-132.17439150466322
-138.32623052137166
-5.501346292283671
-131.5029044149088
-98.19065021372032
-98.01694833471167
-181.35600206105596
-237.57387495255733
-149.4524184305054
-143.1837455581074
-51.91551500726162
-27.587657947693543
-13.823443508077673
43.63192506064658
-112.43971953241441
-165.7723681915994
-163.47443560727342
-155.79946540180822
-163.32538626506943
-182.5919945848794
-167.7117590666636
-145.09595790961026
-141.30492925230615
-169.53316177346983
-151.68657433698593
-34.25828274317131
-703.1172081955216
-553.2937992655602
-141.83459665027328
-143.6770966007686
