-500.2221701873363
-429.9915956106708
-252.1865098668096
-579.5170872774313
-795.7970408869535
-623.6151465934153
-774.7576466422224
-1252.2486926206702
-308.80019237616386
-379.8509069448061
-2003.3079579569162
-1876.8659878137903
-594.3412864200748
-761.3479113593351
-367.88871331278693
-748.9639138052215
-596.1462753607168
-554.6437144657315
-122.34774315935967
-778.8117282332299
-345.61491618721345
-618.9756761967087
-517.2166809259573
-555.9885653696964
-436.75473104754934
-402.0632064023226
-796.4182362930743
-767.7573943745259
-395.9569605631769
-255.5315335948581
-463.0523313921157
-396.9376012530914
-694.1786658647226
-456.82510432237353
-220.0235617492541
-180.79072132190822
-83.9509935754595
-136.98755137304798
-131.94688950964277
-763.8988541521488
-550.1674516090523
-336.7812502004131
-138.9336970491218
-126.40806134135823
-360.57945832231405
-104.85000686158322
-81.97284193957705
-148.58401509160677
-322.4967575903112
-280.7322329889837
-598.8281193310959
-1201.7510493169493
-220.8187348970481
-233.4455193555268
-241.49676711507882
-249.05485005193933
-342.49448937393623
-333.74850655990997
-244.40299284702326
-320.7374485200701
-324.65629074003743
-403.11581143601927
-216.56183254218536
-216.01167961925768
-582.27591254034
-594.0356148126947
-206.3637517301607
-485.86247787626246
-264.3759810466915
-275.80089669749134
-83.61447612059928
-177.8947866924689
-241.14832499407612
-276.6587968990592
-370.44747395873674
-674.053317512598
-543.2612919863043
-527.7226594911785
-496.79805449913766
-574.4857316588573
-35.31821778705634
-74.94410239584037
-120.11988577867238
-90.05037393988714
-279.73276121487623
-210.9491028151627
-186.99684316874846
-66.15370896962268
-689.0533720487314
-652.9895433570422
-308.7118702840705
-259.2621890175252
-221.5432304320234
-4.0215255611199865
-376.3084963013387
-369.39717777742015
-208.98309940927385
-119.96719790465926
-605.6886138387316
-555.9847031534609
-2.5621281782172076
-105.97627371352202
-100.18292102945634
-111.20577225116763
-160.90270425387598
-75.40278384984637
-37.45185485563143
-586.4543786342929
-134.46656549059782
-123.80423583035356
-441.17679689155716
-451.67232362299563
-257.03623257720267
-225.36581528147804
-92.21669714039719
-16.954408282858154
-194.75656660161818
-369.74374263682535
-529.6333765400241
-589.1514315027082
-479.14327738818895
-448.8100808141246
-62.23004144010355
-135.01836509979617
-312.21155700371935
-163.47220938936678
-101.76874762785516
-69.14680167936822
4.758581269537046
225.90853198441897
-211.8086771223593
-169.85611174754297
-481.8541046967397
-87.11259367077999
-724.0357549705545
-766.3383876006153
-173.9243959677016
-69.23608753668208
-39.82842992348958
-244.6706951848035
-391.4297299233571
-311.4194232062193
46.87208750746316
85.82809776400919
-2.6093006706750175
49.306530298097584
-52.02783329460391
-21.705374091477395
-217.54957057117264
-217.98330602719017
-230.17950364577024
-448.5587955199909
-462.6854630928503
-366.61643888397316
-359.76769387407387
-182.0473490710766
-623.751073868262
-385.2134759399289
-447.56738365423405
-740.7612838035843
-764.0475041348697
-846.6318779971826
-25.433066365036595
-20.50001302264863
-502.7115143891396
-392.65310236449653
-244.60740935533158
-358.76409999389534
-55.532379633033656
36.23158887605848
-345.12271414408565
-392.368657795832
-441.4620542787958
-338.3209880508398
-200.56868523907673
-130.67593633585327
-314.6048381359685
-399.5295004258017
-112.32456342273554
-134.3322422340849
-210.10265022307829
-111.30217321571422
-158.0628032471084
-180.03369218429862
-161.29671467287534
-130.2627464332316
-118.15230906070872
-169.93482247451507
-41.67610596782178
-62.739612266482986
-171.31816895482172
-177.35372828751835
-218.88413879804955
-183.65270687386408
-224.96422612060928
-85.79009133610197
-112.34287562359387
-152.82412267258283
-366.6709614587372
-276.34500125364264
-354.4366451186057
-440.6822619153648
-109.87722097370212
-125.46541296244807
-100.02093666587264
-65.94974834946254
104.87768638386689
-340.5406888254437
-861.1484876112389
-739.598710994358
-95.29386589033366
-110.41226345704987
-230.5475003379158
-219.2632890112402
7.723830959655373
-146.39308273419343
-167.24569930061347
-275.95454107446403
-242.27573765930788
-384.9898253754851
-35.23618709794228
-68.42693066050188
-302.5924407844789
-17.84955501157563
-149.77372684471064
-105.82019100516129
-113.3658074386941
-101.28183460969535
-132.33548259461477
-114.923517664628
-372.0842937744819
-167.0189566431921
-315.41964577526284
-318.69002247287926
-246.99816423910525
-245.09342066185457
-253.63912648369885
-188.0265228628279
-41.93444390212102
-68.93152918223292
-43.96798045391499
-18.751950157602266
-57.309722146219784
245.93197193979287
-317.80860345033415
-542.5670200341518
-26.849068765713625
-169.56435305564477
-155.24850729544315
-4.212144512538998
-247.25355838962307
-364.71473673637644
-212.9713599716399
-164.60557632286307
-138.92399350881502
-107.9537526547726
-320.3500534497456
-305.1988383170034
-115.51892028476277
-351.4621688260169
-35.08540296010244
-83.55497071880633
-489.66442292217175
-20.58816275620157
-488.90767032873606
-382.1330741187933
-491.0267132183071
-315.6052827068854
-179.75934226225343
-440.92247066583144
-216.4739041349954
-209.30520875660665
-173.4684208726527
-154.31689441540576
7.862480608247253
6.472176466869996
-105.54880900707543
-143.53617129445774
-205.25678271651705
-226.68763659288433
-458.5370709764992
-597.6398789371524
-83.4581446869681
-75.2622019236086
-723.1597084522697
-411.7242087728642
-494.5021449570172
-475.7524575694911
21.15215756219014
-74.6040413030552
-104.40101072681404
-132.3961315280328
-308.0325129334106
-294.1057632628614
-52.149305502335466
-79.0732094854006
-22.929580885487482
-197.88927432863392
-97.41546192499652
-116.65847187297706
-574.7309758556198
-367.25896827914744
-137.57111069338907
-171.90919352927654
-138.217225889536
31.2192679364494
-303.79865241352337
-216.1143915026149
-61.178127312154366
-98.5000983656221
-90.57557472986932
-100.37506892557334
-28.807967150495458
5.99727582678274
-180.10548019482889
-148.0967137280721
-229.76108326903352
-64.41408555010756
-407.7755525696009
-517.3193681236403
-95.76730147468976
-402.26538684185414
-227.96929473105212
-255.99153080345673
-116.92564133365677
-143.36776599781277
-158.96826996533557
-128.1490248585425
-290.6269830897164
-279.7968612845443
-57.64236543725452
-25.4620606395938
-85.12917675864506
-69.43995728310284
-73.58348658543595
-174.06257202784872
-82.17484593598819
-94.51157053089852
-163.33141373012432
-151.6767825559359
-37.7557525828309
-25.342901192428783
-217.9901743922216
-201.8479701033525
-248.61168309321582
-426.10741376729806
-328.62671048396487
-237.4379407836219
-7.935126745879259
-120.82423697107973
-247.36442948338495
-162.33453245717766
-260.2474005863002
-381.8014641114953
-292.23573436003664
-336.8330202613389
-353.3005013294588
-353.9536349159923
-52.755302156245484
-55.971654926054576
-617.9596068049311
-576.115462815256
-155.72397391380753
-255.2938654829267
-11.229268587692417
21.302713281257496
-512.1413852133089
-601.7061402665888
-89.20217547574634
-260.9111302925931
-386.58396832036175
-399.3040921930016
-1154.161248685067
-950.7374032908508
-345.4454293961418
-311.61033968197887
-178.42598279382446
-101.75891981910941
10.756947672649943
-90.35921703677292
-83.30483698749444
-467.0991261600405
-153.43570128206375
-289.5181189631435
-265.45559552995076
-248.32688600813674
-54.37662379942043
-8.020846980353724
-45.696271428507025
-92.46414193487027
-20.40457715559937
-68.40709622328131
-407.2738769483532
-386.5497247330059
-82.32590197114213
-81.89551691171141
-240.13443408662604
-329.57685362117843
-202.0858578037554
-133.31913860350403
-132.87774527953178
-147.17076869638316
-333.60163258859245
-294.113478114559
-69.85852165274011
-107.29711500484274
-256.34798490666896
-303.54003408186156
-43.92527488370021
-65.92029451371621
-158.78102632209396
-44.23125669187495
-149.2748250445713
17.438829170627308
-165.64362423329885
-124.74710403084168
-90.50200619316179
39.643152193714286
-114.60179194780866
-140.01643613688623
-896.7262731634704
-8.667422482330366
-111.06578579065922
-120.13794950275053
-67.06390140940525
-98.57292180329223
162.46791579073366
-337.1649137074311
-74.22990385416824
-155.4518704424346
-75.59277964227445
-73.71416132164526
-200.09811350006038
-107.59194655404916
-111.69956065522852
-211.66622733086166
-25.059027140336326
179.0220701486603
-78.84441559180765
-111.97413453396855
-106.87629534822639
-116.95029238386009
-376.06670872128996
-479.2444314226462
-95.43352849193124
-64.85325702764712
-211.13772585248415
-483.97945928426117
-146.56671768147183
-70.93997283765489
-259.9393428323027
15.438167546827259
-118.9157829477731
-91.17464730179377
81.47048579329706
-240.8350120979102
-98.68474515909797
16.337939073316264
-210.1815354734062
-207.14383888242912
-874.3002622213935
-856.7650647240962
-195.31119792835986
-260.20101066798395
189.9999535939641
-53.47716012496531
-289.58247465984357
-294.41530468091906
-158.41471941793597
-87.25095512717375
-170.25169661248333
-697.5785134052916
-240.86580365420204
4.796248729683626
-4.657631517425244
41.18913889259997
-555.8002297816602
-177.7617039196179
-115.79186791352008
-189.40309157832954
-55.87949027991024
-97.98705733798451
-207.75927678079907
-326.8913503631809
-103.46390497067158
-128.09829329044993
-185.9396023376171
-174.86899558864604
-12.182119618241458
-119.55427279125983
-350.065826648378
-365.9425300884235
-25.186234316998252
-99.1160672887842
-298.49824369686615
-283.09091469771187
-145.73175391638532
-146.14732547631513
-11.671878705239948
-7.58303793400124
-304.1302497701879
-228.86850496761858
-48.32564715448204
-58.03931805262499
-183.00428253905457
-251.73050370312828
-589.244716401308
-335.61222353310825
-71.95807884245121
-63.08196298600343
-23.05374901723225
-201.3412633157816
-171.57807288135146
-39.08109150149142
-295.50015440861614
-189.90125381853002
32.37464413040499
-68.33735863953729
-128.93512706187528
-93.73474080019359
-73.80955841342104
-64.74576723692614
-489.12637761199244
-536.9918061664487
-268.98813723812293
-275.9568873065924
-73.70335467174647
-143.47637738995553
-256.540020726771
-12.785707147002512
-278.8782171766115
-164.30111011378852
-94.71428376427315
-320.55946968092167
-750.8682136997104
-752.4723601331912
-122.44379536884358
-117.11708569323375
-226.03075956740565
-218.43657731322082
-32.73008117892749
-112.68975969335636
-131.44377484461899
-305.7707560999557
-76.97433593262957
-82.86621639995097
6.719429011902619
-105.58228206698882
30.371177675775044
-116.67042090312239
-139.50255139018242
-77.31029630784582
-479.63201782467934
-283.5911819153269
-239.06671055268626
-355.01139531316215
-114.98218010155175
-121.84913729367887
-143.77259298833675
-152.74703113241327
-98.31720655993722
-392.8591867578011
-200.74071854594473
-21.668671796138042
-29.092990009381836
-423.4556847032306
-148.92344222119442
-121.4621275462222
-2.3331765554199535
-29.744400633220764
-144.8505186946611
-99.6099189321721
-342.25414138370115
-296.5744291756474
-50.561748950812905
-113.50936303428165
-132.58812727235255
-132.71616384983193
-140.14862566057718
-4.769267450144028
-121.35643655735315
-54.7606125109158
246.33664748313834
52.04949302212978
-190.62217371690556
-216.15341476134995
-45.710602187371805
-46.5739245704153
-150.94263096919946
-644.320774401056
20.550906162577647
-466.94128266811384
-227.08037731054787
-183.35357332199692
-168.23489190682199
-426.25297272547766
-167.09467805324465
-196.85807327686985
-204.9389497832138
-199.24534822015835
-119.63056452306976
-28.602032138302377
-44.09889556356958
40.399063980576784
-191.27972112481274
-177.80891555971778
-71.7387317105878
-43.7894805079122
-263.8486281527688
-128.90513522567755
-186.88016271559195
-14.572238806641906
-171.33417691717503
-121.496254258534
-567.7570309224011
-376.35102640860896
-896.3536673918036
-80.85127185366974
-531.5791690439722
-478.09038935428094
-354.85250281800154
-315.8773701094784
-85.59822745520682
-213.688662996812
-448.9721960971653
-432.52652218760556
-102.76677609064438
-457.1372428212457
-127.81635265314749
-145.42464966605525
-1003.5531674376065
-1159.7071330057518
-293.74727924939407
-268.8821037463222
-69.775942910367
-93.38808413145145
-528.5431621690227
-400.73264070701146
-47.267612914997365
-35.675025061656925
-117.76659865893012
-153.25846036598136
-227.579423105442
-160.07280025733897
-193.3997858935448
-182.857431043615
-17.66789680417922
-154.58009302506892
-212.3469921593818
-112.00874415286286
-532.5762539049908
-75.85339825000985
-553.666587183809
-438.91614440727477
-154.4548349911282
-181.73929938929177
-84.97982641988717
-97.13911351948194
3.8952006757103135
-114.60624879544258
-311.994746172552
-314.3628208492187
-226.68061830055422
-400.328146159362
-108.49210116976329
-109.44413307143216
-97.38301639515026
-472.77582643964024
-167.29224859087822
-138.8686682221349
-141.31590485155053
-369.52798658483533
-450.47575519411816
-348.24574197710865
-1372.1465430820951
-1342.149357633694
-66.83850097875916
-54.04706834767748
-36.57729486244635
-185.40505717284975
-70.42805970889736
-20.204432315478186
-555.2330414406746
-665.9316819138393
198.6700121647272
215.89634730502746
-127.85928980539929
-394.04784291896516
-398.8997288748807
-21.73899832554244
125.00360085768
-66.5366402689038
-125.68502654494415
-143.7820878813091
-268.7553490384381
-262.72239001121767
-237.7147829713657
-273.81319701394267
-185.08009087350197
-132.47840074940083
-226.8610603585699
-91.96068837053191
-178.93634563576074
-232.86720060934005
-105.69190805642786
57.04779582669947
-341.5306088057642
-141.8836924217935
-78.9896566306465
-120.439581988773
-882.5325572994101
-863.5548339535695
-315.2928918131148
-113.92555079322753
-25.65233430009424
-312.6658138024146
-156.64896623530376
-124.5688901821229
-268.52003985151157
-210.34723345344202
-661.3081331762942
-699.3464799980279
-13.139170434212815
6.441040941324147
-396.531063418871
-405.6862028931148
-168.86851756396493
-137.9338909118471
-93.30934420995511
-115.04375257516453
-449.94589338088144
-578.7383644564181
-344.12729697765576
-424.12139021657384
-151.77617055290227
-153.9212046698642
-25.028546117747126
-30.83798603471479
-106.32342423528986
-236.77332453304498
-185.02223193123717
-235.6743296443334
-430.7609337678968
-377.39470691899453
-656.6373065723346
-631.7385769750941
-201.66039001288377
-415.66631534897374
-86.15338995456776
-45.760708897311375
-150.0397733795675
-85.83819057965192
-136.4616804247503
-107.50412910646085
-228.4564675170164
-312.5282480445038
-57.11427727911021
-320.7673704302845
-429.2150793933477
-251.89183820335288
-221.4162261391723
-286.0862657548568
-476.88256966264635
-492.3730527777271
-150.69760215312036
-114.04524629021162
-92.34276374440776
-139.80609470855086
-47.27803262427515
-711.2137980214962
-357.78156336185594
-225.3791438065936
-64.71878525183456
-84.06134550750593
-240.67704811045266
-80.30040393268254
-109.47596033566563
-78.11504849832113
-1091.2486102512346
-1147.5844339101318
-60.36895066994826
-62.982495101209594
-299.16027856912535
-260.07551924679
-95.45045877912193
-70.66155301054582
-439.4294317936658
-73.31084676984247
-379.5087351329924
-379.63019432184115
-55.59457405120018
-80.889080832902
-164.87801196500772
-98.75084369594295
-385.99367356329833
-288.61637825035615
-75.60872558445492
-181.68377703700088
-235.15875452579866
-408.6620950746784
-183.5182175379133
-159.91561039795448
-137.1217750865512
-524.4497488419868
-655.1247754983774
-200.95687678652595
-212.61096229426005
-163.17803212424934
-58.485289423572596
-228.8483820408639
-398.0712197087107
-349.8983874791647
-52.52504651477803
62.471464935940105
-60.236786938683125
-110.5357058007066
-413.42155121612785
-226.06629868180386
-349.44899843621073
-314.92223792405724
-67.61975934446068
-69.40031877804941
-110.75996388978453
-135.99608153051776
-110.07112161801935
-120.90054774969443
-33.347283244255905
-307.6390480099134
-684.3314061944739
-547.622396715394
-528.8042724379593
-544.2409228342699
-176.48008889717232
-218.15575347232954
-71.42239269227852
-86.42362604012983
-214.07497651743805
-95.24433996600975
-646.9145063115838
-394.25923180101665
-173.56149427210738
-135.07880984029242
-214.91340318042592
-121.35162314755371
-185.67022784105072
-227.7385656081612
-130.45079746869507
-61.24703496722726
-194.8551839797409
-212.8640046327946
-45.75685771414876
-478.61636327825767
-230.38560344381295
-190.31697921990877
-405.0105679484095
-290.60922317650045
-127.02614190946942
-166.74260619895097
-573.2214536673954
-324.7731237289426
-211.03088093019255
-175.03762925914285
-365.3529069622612
-217.92052174681535
7.440830092392474
-52.244598652082416
-318.65548654230867
-334.48571248081373
-88.63767373701747
-167.6080623678983
-453.31540027838594
-8.058022758264343
-109.50905770402147
-285.93018688073903
-1.7567399186472414
-90.20596937346032
-110.65097703805647
-87.23392394252116
-26.711404721939388
6.660295271565587
-265.3547669516155
-251.45430590514982
-173.99611403426377
-124.210475496356
-636.6941156271422
-840.3723745863489
40.80282689433248
137.55688391223873
-119.94612983895038
-90.76062884798827
-928.051433435813
-951.6995039174963
-348.8816523781927
-448.4309660288865
-508.20005611213446
-1391.2734983188636
-132.01575554795056
-88.61149626402741
-189.12611898575
-247.59277930148093
-124.28957528864264
-125.4821539978109
-386.16703229029275
-268.77246985697735
-596.205760312446
-499.83449969022917
-73.46844577486324
-164.46353343204532
-147.25905475131464
-162.4103976714606
-333.89311219169997
-91.39354527632852
-353.8123761938189
-347.1972946704833
-126.99008750535049
-138.28019755988493
-180.67256526472738
-196.33081240216694
-88.07950140899746
-44.88883765179255
-377.57172549830096
-309.26830719772113
-187.34603444262603
-191.13065994885184
-36.31092085380732
-57.015474970942954
-173.03048862396736
-186.20513031629977
-495.4531319867471
-445.92589354279363
-148.47551760290443
-126.57832193263087
-184.40843991336507
-91.92765877527005
-135.64736586925125
-132.4123476311969
-1116.7568276250825
-1287.4682056753488
28.741305875164187
7.328176134049301
-138.54776208490867
-151.87697784770785
-329.3647609342529
-364.224473541561
-199.19423842829465
-210.31755102145186
-287.5689693077536
-229.08825831708137
-89.48095595384909
19.55410588818505
-3.8927356775576385
-209.76390183102671
-94.69170042811038
-85.19537108795467
-748.4863391901612
-739.2219609711407
-143.58109849968412
-351.6783034135749
-78.02765936878589
-202.0582029580263
-162.27278348919117
-2.7353558398699533
-213.388669872592
-161.34072403074546
-131.97616443941064
-159.89721075333557
-208.90486120655447
-145.3124347516394
-262.13429801500087
-220.81757904597174
-1090.973907859663
-1039.9706289515432
-278.5240348504303
-210.26471812708618
-414.18322093049164
-419.7750173388438
-159.50518089060054
-134.0637565731978
-252.0738113194208
-3192.946063111817
-285.42872806471246
-527.5364426536541
-257.5890726689413
-218.34151659109293
-221.2547274331457
-304.2141595083227
-152.56841202459452
-195.5631296830899
-74.58009951184569
-337.68870708716486
-234.02238809663078
-268.36268807977024
-343.78701396678366
-363.1498979803445
-203.37026023974093
-195.37338328562362
-64.41515329260497
-224.0149795744855
-207.5013171698733
-126.5010453033362
-307.32363576829624
-298.4563485377335
-430.6901654676645
-280.99284001884985
-190.38133110132168
-182.64190924083834
-38.77939894018855
-90.30893969669036
-2303.3348719909814
-2689.8135131776935
-138.19057045625541
-141.6008471430993
-140.27644254634026
-161.49341557959534
-219.5196006552694
-279.220547203145
-334.08530473373287
-310.5990625258967
-70.97873636663422
-15.107689319653133
-80.68763381763716
-114.20940800279301
-56.78084975350755
-27.70987793283784
-178.97759538891543
-177.27831212413315
26.73224609752296
-7.997125327571624
-127.2144612394709
-150.9430054673587
-130.5448326592887
-158.4430455413875
-90.77355859802577
-22.49196818128037
185.17223622297507
256.9985545348019
-106.8704692323197
-128.15975570911095
-237.6077646821336
-171.09180956578382
-122.81492604611319
-80.17562448457932
-740.0555752276643
-912.2266274006918
-297.75046308847993
-207.41040126089547
-618.2227362676532
-106.20360786618193
-443.27661231451697
-134.8570958877734
-107.14232348911503
-144.1831909986821
-293.98463766574366
-246.01121632273188
-241.42882275185568
-183.98349546245487
-69.81056736708018
-130.18766775161086
-278.6199572905684
-429.92147527075826
-133.17849445678718
-142.57281279360205
-55.6400772747763
-164.6464201745237
-118.88952897713017
-145.28469075665578
-202.94765070111674
-193.22257179058585
-222.10941495606474
-134.3959523755377
-36.09067586735288
-18.98715649555747
-185.23341361290588
-276.90379793485636
-96.22153163399462
-151.10442424229038
-47.166749402775025
-75.44002099041364
6.9025694529889705
208.9898019081183
-106.6176160401971
-88.20936771089936
32.761427457734555
-300.80604924190027
-470.0262520986658
-249.12172716918667
-160.7510835129314
-148.60600268446493
-242.90609782223888
-207.51230468759002
-395.7011227326493
-264.8556709068979
-127.54919597799855
-119.5907867450239
-154.7521366068674
-118.92944175956112
-33.94556391480167
-16.34031268749527
-188.66752601689873
-223.0430782359833
-79.7663601901269
-559.5578353145293
-162.16927968135053
15.693912590563485
-85.68095029324907
149.05397610118362
-61.21533217872937
-68.82722272891513
-150.69899201141578
-109.50765375932136
-35.70052456974474
-1.583388381458434
-481.3405104499593
-191.66013789512874
-217.5212956605217
-42.47128791027473
-159.86798784519843
-106.14082360537635
-526.4455540900826
-615.9379613952693
-161.67183902243403
-149.80105190450655
-296.2723386235083
-214.04318977479593
213.56886793863066
-110.85428696409362
-404.8525540411006
-284.75781972499453
-168.60223679203415
-155.98863730761923
-211.1393218226175
-97.72541714392602
-160.25244853457352
-161.037022306178
-15.20576672233722
-75.850327024034
-145.79433406563714
-123.8836498035755
-134.75011714199246
-121.35076872750679
18.450791567084423
-143.0189490047256
-232.96202885885424
-195.32997859040302
-137.1888399453674
-147.58859383910777
-108.24527144152516
-142.22190822272663
-200.40924939792282
-151.3334949209254
-42.32043471337957
20.250684527962974
-202.62315477366334
-163.82091550815596
-608.4291365400427
-637.9489980695176
-60.57910591751429
-140.58003863675484
-180.62629521268602
-286.0299588934629
-274.33292292337103
-460.914426504927
-171.16437492176885
-132.94972071742433
-375.3110137468206
-346.3683216371294
-479.2739349068535
-97.48728435204706
-395.3030042643462
-238.5904936321258
-5.743917071436883
-51.16212303148637
-41.20101270889191
-5.645901735149181
219.02087829906304
196.25451588827033
-203.67244227422145
-198.65550524175495
-199.17356794248786
-191.4545968269972
-89.5202025553629
-92.92030646037401
-163.4348010199723
-98.36217945404698
-75.11203206625558
-115.68432331417154
-80.94568288380165
-35.76062458920623
-706.6348188246509
-571.6112894503704
-51.18951289065587
-75.07068318499338
-204.35392972689363
-251.34562431181624
-178.11910858807778
-143.85174099739388
-1089.2039830525255
-1075.6228137432438
-66.17245226492147
-635.252118778884
-109.85996474130219
-32.3843440718208
-28.859706678923672
38.36729371993317
16.77509310087818
13.525704916914464
-299.4689671368107
-301.8016710390346
-171.67963347847814
-95.44797553059058
-64.94353427240176
-128.7640552995054
-235.97693516491407
-265.0512683564523
-269.2754957580089
-114.98617094140596
-325.33689658760784
-252.37158501718216
-146.9735390811647
-117.05006840234607
-202.2776444735105
-106.21431768404295
-62.89721253485841
-18.119292082035614
-182.515793833487
-172.25360493969754
-151.13256059250517
-182.5735288387495
-191.5894861220052
-226.2907619014465
-223.47669202239013
-213.74398017901729
-91.03634987007283
-40.401070978369944
-143.3130181205351
-158.34549327716977
-288.49195043390193
-367.42301918240906
-437.19446710229903
-429.0542474152265
-9.583039321662156
-133.64890990209187
-525.1979723700707
-242.45638736140376
-267.00309453762037
-267.74952516833036
-263.1817022404042
-134.13751368599821
-143.77533659847253
-90.11016359997812
-44.458152368324534
-264.5450626877023
-32.91726877084682
-136.82916576831354
-323.32909355806964
-383.5939959603078
-395.24542761460435
-333.68512206833486
-18.163156941538958
-113.28025719208006
-26.752748699780597
-88.70571547490707
-156.5003927220689
-114.50597127544302
-283.31223352832956
-422.77321994057746
-478.12235032912383
-308.62970479922615
-289.89633239548107
-315.6966624813287
-792.4631577314602
-848.4315391125125
-283.01472293490065
-134.0377790891055
-118.66669178203148
-111.93285488841276
-148.56070407584556
-144.02708183102973
-72.30701199679956
-150.06132942171178
-64.79976075079792
-462.11095598607517
-39.307335320412
-275.4978559432865
-6.9114903450412015
-160.6032362973761
-551.8301112248768
-155.1225540769234
-677.4517124078992
-362.3580387817948
-90.27764240661668
-74.42559242100646
-245.86289083490158
-148.6931731151365
-178.381907614485
-228.11387303781473
-70.0482028164589
-43.817837189041185
-307.17706369122266
-286.8057824787261
-170.0070280835306
-160.70856568051516
-88.1409081917295
-107.12023939202875
-91.64312485000704
-158.9579316814768
-288.63204733887625
-186.93209618355894
-100.87383611194956
-123.5795615902279
-81.76811266402518
-127.15516921962775
-4.821658825153605
-18.119627865931122
-206.7270380962694
-167.60257641508937
-353.0930606866078
-21.28659596965545
-296.35662976708096
-339.77769026282533
-259.9603819477185
-239.6134993565261
-277.73878381043227
-304.80347661021017
-308.8508008523348
-287.6388891811371
-291.9853987142202
-280.8691365460618
-127.15297258002147
-163.51666781768282
-702.4392888768549
-852.6839924681082
-154.5095309890881
-179.98280252699726
-127.67094265603606
-120.86424655424835
-155.89785766238617
-174.48182268766794
-209.32864014531515
-113.9295452227835
-189.39405462743417
-221.13885528652372
-544.922872839203
-555.9830362928303
-189.16127940507195
-182.5491388720136
-288.2178881029805
-408.362543205337
-261.172262167591
-311.3914540264685
-84.85438889618548
-91.83382410185553
-430.285084077126
-246.2940944650577
-215.70470080995185
13.459452621183488
-195.06686842435693
-187.20234047647315
-119.911408952431
-140.94943486714544
-131.13005366256715
-122.1180084290391
-157.33389511278253
-81.30668271718663
-298.9859389445495
-267.92420539621423
31.452553291381236
-82.80364452195037
-96.73831346200535
-4.495979553078342
-915.9488842098498
-1003.5236444750564
-22.99870922464696
-196.99242343043858
-332.4086262194862
-142.04316069754563
-173.54187635023507
-125.75858152555904
-133.6332853629867
-200.2854042152523
-402.9757974268972
-443.4484823470623
-676.8241952912872
-693.6231430352441
-207.9130743200588
177.83534942545134
-92.21080832577272
-69.63086795069141
-211.60942663276555
-90.36817124379138
-179.3106927745535
-301.82956842060355
-182.9254300854139
-282.52411015503907
-228.52230653196546
-239.24599378204726
-524.9519573486822
-473.4243048030686
-301.09136890188074
-420.08415192455493
-172.17852802769704
-240.94038561519037
-768.9084336548952
-735.9880656773247
-92.08662373011596
-107.69044412991911
-399.1911362282687
-155.99214253580703
-392.97742163737354
-347.56008293554476
-146.81314059903877
-22.262261685344612
-175.24308772386894
-149.71026051935087
-91.41112591334397
-108.1940554816211
-279.51993943155003
-188.3484216315375
-316.2006076083812
112.48431980973763
-163.022847241815
-242.20035285467185
-336.23737954465025
-329.9897653739922
-81.43816482323999
-59.57643476698907
14.019156413487437
-32.97911194025791
-20.270449077175442
-154.12873817189404
-457.0819414570058
-172.9334265991642
-134.318387451808
-111.44433596728616
-178.16244432073256
-178.75930807297763
-189.06892806116127
-85.71622784413863
-409.71649699119865
-427.0561550673119
-354.8743687204021
-246.94581252437908
-218.4789137460819
-78.32862453797634
-124.35129011576026
-124.4544361768096
-186.3445474270046
-334.1832486621222
-620.3924957367171
-432.93540401711954
-116.0180882576449
-370.21677084283164
-123.01549651276562
-106.90234263848856
-201.6490095736471
-157.34250831291996
-140.53280349076502
-155.814293855057
-240.44400878089624
-349.3154027410153
-359.3059547724024
-351.23433677460105
-25.082000194647165
29.76544951389792
6.441149470124088
-51.29138354174569
-195.72659129563567
-223.10853421368256
-376.8285693470776
-481.6202917561614
-241.03106568194437
-296.12281858298206
-442.1166775070422
-15.26102596972541
-271.1801342725704
-157.20576471165208
-404.54524644455256
-664.4409062807184
-124.71925092146506
-434.3141691188794
-144.71631365398662
-111.90178107540159
-107.92539445402743
-326.6472043270621
-283.2424868585407
-327.18159269935876
-136.17387806191027
-408.59013020855446
-84.20211648947827
-110.75863000931015
-418.7907561799943
-689.9704921212013
-77.22882089057995
-128.6161567150879
-291.63255916657704
-216.17177696930148
-5.625319933678014
-123.52259177590793
-163.7126717360759
-289.67014984327204
-105.3511692808123
-42.92392528425363
-140.0356746955031
-29.44634390163057
-147.51851999044413
-107.70912349354059
-191.40625479444577
-212.02134533896842
-168.05725984153582
-152.04970273687562
-191.6496227136153
-105.8149925336437
-104.34578112842657
20.53472918636293
-107.67726160453581
-76.85223914155786
-204.8393446936991
-282.88301612506234
-339.05116400642055
-19.621049376601334
-12.934342476954711
-96.25096971838413
-306.15589565876576
-374.09869973053736
-407.4832628823415
-516.6338504226786
-89.14937486440382
-86.92915413251787
26.61851288210616
11.407363811773223
-225.7814534316756
-269.08757938020665
-100.6103395248621
-74.54986617242298
-88.31041140668859
-166.86166510447273
-137.20855113006164
-203.3680360761962
-186.03150423275528
-108.29802306169071
-373.57128604341835
-261.8446037366366
5.848025826013412
-132.13093594609683
-178.55974979727006
-183.87923329386197
-143.4024111760547
-126.43669233860025
-73.26251849523402
-64.19435743926395
-232.72352636401365
-358.4839747119549
-546.511977824618
-451.27201927754527
-79.75469782751408
-151.85187235530339
-119.01390393365597
-128.01063810227544
-613.5987496465505
-669.9862031171918
-247.41718929356992
-296.5376538034639
-180.8241593798516
-164.1202912994248
-503.2311310106876
-437.15734227905205
-54.43363417393734
-49.12931643696018
-199.7670166334294
-213.41880634859197
-1061.4281635051752
-1202.9937550768832
9.872227628126652
-16.973210321565972
-250.22474456545697
-282.1618191623029
-154.43871522116262
-61.54760983320146
-475.5323865393169
-544.2526680395497
-127.50567582977206
-112.09477829359957
-156.11717930035294
-251.66549700058832
-82.74584160614447
-85.54569513175178
-206.70006066137609
-522.8627662611278
-256.3526903307958
-154.85070467069306
-266.9674299858362
-205.81091691353888
-279.0321013852138
-353.2152280941174
-143.18879528416403
-238.29306490931342
-275.7434808005613
-228.59366768157997
-202.13656251947918
-533.8895224794733
-218.79761666142193
-136.99106351851765
-388.2623622809632
-295.70412478816075
-589.5392993775813
-326.52859718049086
-190.82319164934336
-193.39685015618733
16.39340370617029
-107.68707233206426
-496.8953866665146
-515.9630307944035
-96.85457580686183
-78.20383971554341
-118.34779036444235
216.5273957848937
-56.874792958486836
49.57240707228225
8.938638834809836
-170.19257940704983
-345.89246922452975
-131.64498103462645
-243.49749886155075
56.349823129240974
-199.87542692349462
-655.5353466524527
12.124325993914823
-13.553193125069697
-43.2367837562755
-176.5497883181421
16.79429075027265
243.84727051933217
-123.64755984669915
-200.38106340504413
-359.12325521843127
-277.98180040577876
-502.0615227647872
-116.60831342248346
-280.69391309082584
-262.56556636339224
-178.98747127017356
-217.88910117694627
-115.25721015312043
-101.29056192354143
-126.63890865475086
-159.75474477877592
-409.67930716906426
-467.9294885783829
-244.3680559956463
-61.61476516987023
-241.63490393281333
-171.53545314083578
-98.4222254341203
-91.08395776348507
-104.48070010570417
-90.00299747397595
-321.4934930972588
-264.6935035112071
-283.157411064144
-318.2999476359739
-142.34424081026557
-122.01576386670115
-124.0136461683853
-135.4874461670195
-56.67325405189689
10.055315039066869
-559.744308128951
-196.83179330015082
-151.77306077003854
-271.973690614817
-119.49443996255619
-119.6800457377324
-28.03464349106507
-172.58728004494938
-78.40664757286723
-160.4586734722431
-340.2148449854668
-376.52607774756086
-90.87456106954156
-29.546913045103864
-88.97746416767215
-34.28472889839918
-396.32208871731945
-294.9797975239093
-279.79255608575585
-232.970299834806
-280.95076719380074
-300.3295333827309
-60.99764214644559
-79.43363424926167
-163.522219771735
-192.63658155730064
3.663438861501291
-142.5157062143228
-81.84972847716206
-125.10422851602519
-17.822862433270018
-53.07309270384096
-272.0339375359258
-268.7453779426885
-157.21063550691844
-188.1589385832573
-47.23033646070873
-80.25190149869672
-49.33873537245429
-163.40808081610828
-322.3637684974884
-91.39844165337347
-109.91144283532246
-150.54577710890817
-190.15161309592145
-61.372861833964265
-1170.7737779649567
-1111.8839787142942
-161.9389788404871
-207.16133711265562
-52.757921616262564
-40.01005039363254
-317.1501681497399
-320.02191348576474
-272.27606106261896
-310.62045883376413
-47.862620394653185
-97.87942610402436
-186.24561962899685
-146.958898191936
-543.8957536448105
-564.9864022963088
-33.068118861802176
-438.0833622962322
-704.6960507625723
-841.5651612108877
199.13018984634132
7.114068665061765
-121.35681549540232
-223.1994631934091
-13.183098260273297
-63.6156146817771
-195.3674631908286
-193.6194050695501
-270.56217061891607
-7.334746038004482
-64.97031122303294
-50.02159873758949
-269.1680483997509
-243.43043982043028
-146.8863145633478
-107.48402534264795
214.14825247025905
-70.75795883485802
-353.3296865141257
-394.7657598587207
-109.81733339588361
-119.34237032868076
-486.67178496862954
-318.69868400851095
-230.16706903752578
-53.77293149001058
-324.7589264775339
125.61358543636157
-331.18645010212185
-527.3356577156201
-382.9093214737698
-297.2391577126566
-68.4015492246155
10.163637319770217
-262.59634515541063
-188.74602405056845
-1.9375522706265542
-259.00119467501605
-126.37385250868937
-507.22444259319013
-56.71620184510728
-110.60461052000352
-58.35890274860296
-98.1846108103777
-20.97264411329496
-72.81210384582691
-228.71105768028266
-166.22642719528514
-113.31828218132858
-20.217409403311322
-263.76372974842417
-77.71087785887586
-93.93169732772238
-53.508887236726366
-90.59641450852877
-43.384371828066925
-95.8935958847676
-87.26716706478304
-277.35912216760505
-215.89235831376845
18.655082638967656
-102.95945598772266
-380.3145170081177
-612.1260368066752
-111.10595212378496
-133.1882806521768
-134.21851750030717
-100.90328217052752
-461.3456670799568
-256.09809780874343
-125.82737367005974
-100.1433108786525
-47.543442274983924
11.747808479861732
-150.24937595549258
-730.3995159970133
-55.492185839344856
-68.11266431995745
112.68579685909263
44.18791212600877
-774.7372855406434
-1194.8683697741328
-82.91539684380248
8.905964153652192
-437.47285143849626
-110.49315679712086
-277.72365070847013
-305.45411298027295
-76.76451427775916
-48.08300607638416
-538.2010623587328
-545.0413952156403
-131.30521166125806
-17.548384080582437
-356.44419329422595
-276.71951337352914
-2.0020022906217463
-31.366741726394267
-13.682213244344922
-149.36272879978407
-419.7487450164169
-223.67821298075808
-27.305925465474402
-4.077513402862266
-78.40812265528432
-66.88331201254007
-155.81747944265783
-131.92798204966152
-253.6983067028982
-379.42663304801573
-516.960771049355
-556.186073629767
-286.5646319306529
-32.40841827543852
44.60559973760871
-90.37468339041212
-475.97926702140285
-518.7622873845285
-118.08042678709069
-112.17091813897298
-178.5875888588177
-102.24190125782013
-132.5754713841419
-165.9596653583542
-524.5709732099633
-630.9005287984668
-261.37089291193945
-277.4614435051642
-424.77250661751486
-467.64296146024395
-107.98028929478791
-137.73923473366884
-114.24284436141198
-14.966219961054762
-286.22965630526784
-263.47721654524014
-96.76877773819963
-118.17129057264872
-444.4189912099012
-544.4104002197996
7.081333909953614
22.72492211712344
250.40176736217785
-174.08350730824657
-145.90179081884952
-180.8929903022771
-272.20274347423367
-507.7599390271529
4.044485655365023
-504.7384787183256
-1476.1567719940601
-1513.273904256491
-367.44765469030085
-489.3431262152171
-130.61033954853605
-297.2070876672873
-229.23843713844246
-203.9434831097488
-72.18193170960024
-86.80746198117154
-676.3030227287799
-918.2702076045138
-272.9136039120102
-537.0637130930295
34.826782749884075
-50.49786202094106
-118.87170445165106
0.6470997158873075
-215.00618130803204
86.66037349780504
-354.043921706662
-256.0164430107136
-77.49724625467783
-70.1272373784274
-87.02457378359074
-48.93587012508431
-597.864855010572
-673.3449759537999
-645.8163381462621
-528.6996748706283
-313.3974180475045
-270.8363640882311
-633.0395792011378
-750.597648484088
-403.34333003447216
-146.42331231931655
-192.79543564089585
-382.66123211131077
-8.828635278518803
-149.54245194930687
-215.6074497157495
-143.6764814704129
-290.1482997245788
-286.433511848392
-109.26357888001456
12.080763026254147
-78.28746911769585
-204.30086776396058
-100.90569883803677
-119.48185673859669
-264.4197661439009
-75.96816146416347
-655.6306758957392
-626.3899408725424
-386.5268006005015
-430.2339954724764
-154.69805140765308
-439.794468619334
-259.5073399092323
-281.8561159672738
-921.3760966078341
-1375.2227664319857
-193.93094948954382
-249.12158529271343
-69.9213888674438
-225.09164954060958
-165.79024270995728
-958.5814087855906
-239.74198250084055
-134.6099289600719
10.241974986752098
26.201950899891997
25.055069127861202
18.32899511020591
-74.34168177594518
-167.4131940916575
-152.68161255107896
-186.36272486296923
-503.70031893390194
-526.6147450021433
-104.91221608930297
-205.44277158031383
-369.33334024245937
-296.3081598960892
-216.74091951653642
-678.6462253593882
-78.42964283599117
-35.7925244497449
-583.1484748749529
-1177.1256923628682
-556.7928973627216
-193.1047476579621
-166.93351292183974
-117.52436601223727
-11.995386178870731
-175.71595153279895
-108.19110356034787
15.554639134519178
-72.35515621753757
-123.90566261108916
-308.1369303338273
-244.0483371848172
-98.85722238735798
-103.85032246424707
-170.0709391328222
-32.85241213015652
-384.42751236519894
-242.5619668648171
-144.99307037579695
-259.45742120314526
-199.1113505113155
-226.5405832847088
-370.5670686798769
-258.43453800284357
-931.0892034545751
-800.1465803803279
-597.4377200768297
-361.32325861732033
