-877.8001058405677
-804.0928340707245
-526.5786268868162
-577.9602144350579
-505.5638070579789
-642.8632148115955
-2758.0352220047694
-1296.5144512818883
-626.4170463294574
-602.6179478310362
-789.8517362739699
-826.0732330319512
-761.3729754240868
-723.1015306648196
-433.1012795263018
-420.1601872892209
-650.0695069328797
-579.4891196168876
-503.53349785519083
-376.9473337026152
-674.2478795678272
-557.4678103378947
-681.7632580511562
-715.9216252951994
-643.5111797503131
-527.5535041656087
-403.1856077924628
-390.1796762929377
-260.62186303664186
-894.1126951007561
-204.60171065170476
-191.76740585710843
-888.5423141910637
-508.43931851603776
-914.3138242540367
-712.4634953249933
-113.74848230166592
-363.74325333304745
-405.62631192335306
-489.1155926783993
-274.3978381707707
-567.3387097876036
-293.636833519357
-596.6929086064812
-777.2116239653375
-573.2949316874622
-608.7776163305422
-711.1771951990997
-1525.6028436327363
-1013.5235471032591
-461.56473078373114
-416.20775165383054
-402.27101781328355
-3982.549131016607
-145.87305988887823
-152.11451004505966
-583.8377321307961
-777.7287573934633
-98.5624512796978
-17.46141501897391
-1054.997053933763
-856.062330351117
-560.6011064842901
-416.5628940443723
-720.9719534007717
-239.54555799298018
-282.2020657097721
-179.14527191330887
-302.18046143269834
-480.28371749791535
-516.8204900258152
-745.7040579204859
-428.1519064436063
-408.20437191340585
-791.5991677245264
-367.2683666060918
-482.65216503883767
-535.1347271211482
-1586.9819493206369
-931.2990860939625
-589.3019749427572
45.04511578686294
-1759.2579320131567
-1805.1068056016093
-347.3800458892487
-213.61282853099294
-501.7943519579944
99.40254454194773
-722.5482711757114
-650.7017704320762
-175.251068703216
-163.35998717873844
-308.0136497210956
-686.6801056586211
-548.5101693206223
-543.6386369022612
-432.4879451696769
-475.8085633348447
-517.0579341965574
-159.7996172378003
-13.86876520430199
3.8804917395188396
-532.0797576088728
-522.4177834269528
-36.89280388238666
-589.9867173071639
-434.6480889100252
-212.03379062636844
-659.4379514603953
-666.7143014153241
-86.80806959153293
-19.972666798236446
-329.65543702238836
-254.12468002017343
-31.788405096890685
-3.510049352049263
-426.45840904378565
-572.0486259201705
-380.99332491596806
-423.11017540132866
144.46984651017016
1.9669065647520654
-469.25573028428965
-824.3343339570353
-788.5207621889925
-487.6380327061082
-301.5893327133353
-105.80427583498108
-390.63651780535224
-458.23779824306024
-234.54871348689713
-280.520730709659
-14.879230662822849
-179.71854809347388
-583.7598759837986
-853.4392599201251
-692.4143424863296
-49.36839168905622
-704.4246530941203
-852.5896082184375
-532.8308338383251
-534.6016410897855
-76.9893876735935
-57.90800795952462
-574.443718587502
-533.0242423249564
-238.8406888715258
-267.8201957822093
-112.79556348742634
-116.12920742933056
-26.898236098614575
-12.29517024036521
-334.2985474903323
-330.3068409565203
-46.99829715689434
-46.82180384563193
-173.0250159757386
-280.9829143659217
-358.2299769671979
-116.78877511377549
-639.1394888859893
-478.85133347082035
-540.1771214174069
-494.6341846464295
-39.37518202516249
7.0651181398139045
-447.0730919509396
-30.349436978885933
-577.0483933056962
-537.1175387518809
-532.4824532754986
-586.8356970487021
-61.212357376657614
-93.22239908032087
-149.3308461920845
-141.0125327480296
66.30267630994668
-275.66048439147374
-738.1295268033278
-650.217913180556
-585.0419068938309
-361.8139662749556
-90.20492309029436
-211.99607412662246
-258.4802569342609
-355.00134692759764
-64.85410038612211
-74.35329786440856
16.373696887341993
-692.9526632420813
-179.2397980090712
-36.71032599347059
-111.8677790168214
-202.92875796266492
-447.8687402857291
-620.4898957117323
-214.52489987103164
-239.6632117467952
-540.2941674549754
-557.2945091748652
-17.024880460389824
-125.71718461840567
53.727619373934715
206.5633681117477
-82.0213761904017
-100.75720805999431
-326.23279601795207
-511.81956199683367
-756.1281577602953
-958.8616795752471
-485.5654737896849
-303.19493463693925
-623.5440363080132
-676.2279002279939
-575.2658604200008
-456.36319118344994
-107.274425339905
-68.4945796611648
-25.820448596758297
-169.22924454435116
-571.3976970415756
-387.05966798332923
-305.6584925739916
-206.75449181537942
-139.84293310851714
-306.79138754817785
-77.21035481414243
-373.2763202269032
-664.4045458202495
-555.4272221576749
-203.34143348031722
-456.55718810699835
-584.0036842438033
-183.47685180996638
-173.37759517760495
-171.10251875077
-377.7039571859413
-497.8955121396166
-575.9042337216742
-526.3302739490076
-375.94541509553596
-402.88505430917206
-577.5645987486657
-632.3926057471356
-107.43816139330248
-90.57794664696613
-656.0312988804142
-692.5547769253743
-517.2253388910981
-547.3924189861041
-57.9667409720293
-53.856347438388156
-128.87129548280166
-61.62041341881193
-185.97211280943088
-226.70529461251698
-110.43799245524583
-155.17600739919143
8.520854553338594
-10.116875611807473
-347.98647092824297
-380.87180200585857
-636.7679883237065
-817.6013682934015
-782.4590256977864
-942.5594984119588
-227.09714443685286
-280.8140010903244
-53.01326534649908
-65.75040910243015
-178.21832681513817
-259.7636513184255
-185.94367939225845
-57.502041872774946
-138.09130588852747
-120.29206629945735
-194.7931094701142
-757.5590876433591
-213.1055805224031
-272.2476346599604
5.626285868305004
35.72966661351566
-74.79999114285712
-92.08736235357253
-571.9155793912196
-321.73308263541037
-174.24773127496442
2.297679965368502
-512.5935836541225
-528.2823669334591
29.94172836301462
8.75480007615981
-207.05405036769645
5.7059240384411964
-224.77522730371584
-290.4879477695705
-442.5366680419097
-548.7987633989856
-358.8917444758348
-559.95033030559
69.94186714035942
31.892027694163602
-227.6104760867765
60.39815456126661
6.182095520447831
-163.1374355060274
-467.1640868416768
-457.3524047589433
-45.29853424490934
-513.6907239731659
-473.45986658153845
-489.8689309184508
-444.98177064587617
-570.7083087134816
-489.43404332239925
-565.9788987253769
-163.03744712096028
-286.095146803076
-540.8324788759121
-578.610395949462
-230.15174266275858
-302.511736231112
-161.80726564109193
-157.80848012194866
-546.8761512379883
-404.64818172194555
-583.4693065018243
-629.300324186283
-259.25154218438024
-516.2058145057766
-166.8958442360034
-172.6734823126975
-50.9541431447811
219.44221608160478
-684.380156496879
-442.9672604216971
-309.2493119853089
-332.06519856485744
-124.42667132797291
-376.0902812815676
-541.6349291628505
-597.9452100382442
-713.7049256657054
-735.2123952326641
-184.81990776567267
-24.61837599067843
7.7204901289818935
-59.02722408794395
-742.9021095092496
-98.21760598285876
-482.66577056475353
-354.4514430970384
-371.5779355903119
-336.22830485464965
-472.13143879058987
-489.69877926354854
-488.99624404424287
-491.3662136951318
-424.49482746065144
-367.0094899741545
-386.97894326248723
-481.7219050761808
-130.58317753391952
222.76927487075292
-209.63446812443902
-246.3431282499689
-99.39139536844485
-132.7534013095348
-221.45853116444746
-313.23282077320766
-754.482713115608
-371.92498481166086
-345.43355985826906
-549.894148601701
-343.7443065266922
-305.4298055533312
-467.3998373972753
-549.395612485927
-99.80294963598817
-86.33030373047316
-445.26197216075695
-391.5732722052266
-10.709372567060274
-45.167242607187646
-350.56782392980597
-667.7851800821163
-200.77951539656647
-437.86833179362446
-567.291171083023
-418.49855371429044
-353.5186451845127
-244.29274183260924
-308.0297938282502
-446.6092725339044
1.578286854013328
-6.947273626193535
-646.2393804578484
-562.8358972417896
-175.6550752327698
-137.0342944628819
-283.0286538377119
-620.1086278824482
-668.1995380546742
-697.1470670505129
-342.26550307008876
-18.428535670937567
-179.60000988604708
-80.53390175478103
-379.51205062717037
-202.21881968208913
-32.43154149231724
-42.11621995326247
-369.07293785648415
82.17982377090907
-627.2166965414638
-536.0603908645273
3.518578346360215
-116.75436992343668
-775.3931917496953
-888.7687638839819
-353.94799405850665
-133.57205028485146
-98.12280035629682
-67.95514463956563
-549.0592187041505
-445.4669623966883
-39.12002785834385
-53.22753554454316
-203.21849770233933
-242.57305189133197
-443.4487501950559
-622.3189861838692
-197.95870483245324
-226.5129310002743
-127.61953410864126
-119.5643188799414
-18.610802694170147
-6.643740767434863
-120.8865409362312
-382.6293741298247
-431.34466816048746
-339.10160193909815
-345.11458146554526
-412.35407095599265
241.8554278090216
212.63877529290298
-118.28188821598542
-260.94407219385766
24.946496994893337
-1217.95681048476
-737.8060490767814
-797.0177275568959
-471.41327089936175
-46.14023049423375
-620.4089307006057
-555.9083745021153
-179.42711283217253
-311.17260861179625
-76.63094178949837
-378.539061041735
-659.8262373301361
-890.5127108722587
18.420408686192534
-204.79708965024037
-367.18967608333236
-295.4699830309837
-88.37617394062832
-182.70105625708294
-717.4409801429537
-573.4403354984613
-599.4450171024373
-548.4552272264552
201.2562337269245
-55.87166241323424
-135.7829101002348
-6.870611759725122
-137.88643895379997
-406.3704830202837
-526.8096103604628
-684.8773978312826
6.576786866698086
-136.5464190258545
44.293817294255966
-19.72370173046204
-77.1775619098486
4.533681899223012
-360.7699668388851
-329.8689886087755
-967.442818410227
-469.14485654560224
-526.4302975058176
-493.43245629293455
-490.83923763315784
-532.3018060176591
-269.55748579160286
-378.44612692613435
-564.1534006339921
-592.3446519239835
-186.9931971668642
-57.978209173245276
-352.449338998763
-458.7367219559841
-659.0487304083002
-865.8625521739726
-373.290345606047
-727.8524835403854
-120.72674242392752
-111.43831953352239
-499.9803016512568
-464.22631283569024
-208.2751128469468
-120.84558063386942
-297.84890410126616
-451.9797318917921
10.503760478838052
14.860278143520276
-108.25776216202479
-336.7015259146459
-12.961762861913911
-81.79738776536567
-270.3570022767136
-231.25246478725478
-393.9803138143327
-422.76578116858076
24.776016851804812
-125.02294633411256
-308.7182997722781
-480.62796565738023
-463.41550005669984
-505.19193798549185
-536.1036936366829
-605.1780684844248
-489.47537312574235
-244.70981721104357
-230.62137933265984
-149.09799959938312
-136.2416011257369
-525.3673844577198
-204.99827371814735
-1.4661420198768838
-304.9384876431512
-329.1171186151299
14.637108414306852
-14.739728740543413
-65.81187149556803
-23.27955166945326
-130.50613578865247
-299.16621012126257
-486.62718059768343
-451.52282343158123
-173.08829563223733
-431.249764830719
-61.65802861216727
-12.504595714275695
-356.8319696127097
-266.6657823433428
-499.2337556008396
-447.0749937096097
-393.581862178812
-455.26115331968873
-7.508731905782184
-670.515806188981
-536.8086370353093
-815.292412485579
-527.067745547125
-485.79132148418836
-546.438698657973
-428.4370169062089
-106.73736379536834
-137.4269612014866
19.36455850018959
-260.2590447828982
6.567868174282026
-96.18389847268439
-555.6460048765359
-601.7780146375686
-226.786651842872
-217.69473398822458
27.78850798185563
-90.84215603249014
-591.2710559430989
-557.1329746199581
-474.79361378693267
-301.9251738783913
-658.7207974397921
-579.4790656503139
-569.1497101725624
-457.41803470484325
-251.10011068009445
-101.71621296591664
-434.97316553779945
-379.3110036652955
-133.70163277805358
-245.72529223720952
-125.07108588389727
-27.177333159866635
-253.83668522926916
-241.98482434414248
-362.8828872735707
-406.2476980284729
23.143720896295633
-31.04203744927979
16.54649188026667
-96.29039169415981
-265.55019893197687
-81.13560440496482
22.20480022808168
204.9437828750483
-669.1813697537416
-605.4410142243731
11.765652999393467
-13.315476395017384
-1200.6884937855857
-667.3803004550588
-198.5554786879602
-291.02070302423294
-259.3928388862181
-77.39746272715391
-468.3874016286775
-499.08435938311396
-208.7490765413086
-646.0732240673037
-345.7857425579207
-449.063999469276
-504.6886601518395
-479.8741432462074
-298.2624868686638
-451.382384155039
-107.01738594635658
-298.8826538962736
49.93830405876432
-332.3321222239444
-148.32171898285432
-213.80784471340456
-473.41275297926614
-387.987767921856
-336.9078050073759
-398.1290610389014
-179.1823354806255
-131.74482765695328
-295.10790989001697
-2.3523707084550693
-49.74046477920956
-47.42502501158972
-250.21127691794095
-258.091623795695
-43.5899892654435
-374.2246412845666
-365.4731475021609
-348.576256961687
-573.1677500843791
-588.8225155336153
-182.5888866300407
-257.1829341853419
-586.6740167623913
-505.8269784530074
-248.3156063185157
-262.8778440868846
-12.155830040009974
-17.825102682275656
14.186078210753124
33.476901520930795
-351.7274393430199
-98.7346066669233
-429.29633650669695
-47.78070509421516
-119.02327034739069
-114.93654464494936
-205.5471002661755
-212.86168006134196
-547.3972167852446
-460.3365717465653
-56.75114760957611
-69.76937784421676
-268.32970315585624
-380.9853474899794
-400.1712547459953
-355.6310437708546
-449.9850178165628
-412.4124089610412
-526.629142143599
-515.014171578443
-374.0924843847643
-348.14911006161003
5.95903298647157
-19.422720029897363
-681.2394500169288
-590.5894659604409
-306.5836794064271
-286.1440138962383
-346.3917930926553
-254.39085021216815
194.65412972850112
-470.5045854295003
216.94633680714628
197.60679620095672
-649.6715046489114
-552.1940239304724
-483.0862575850159
-243.45738423564356
-478.79159126312953
-488.9555403657074
-635.7714523085839
-603.70541446415
-334.8348309243055
-36.96661763508489
-521.5109754189999
-436.62070186304334
-311.157461026186
-96.52655238391219
-472.0624247813686
-720.9642469200986
-62.430248941946616
-543.1182267717336
-71.54985338073196
-65.62702851151664
-366.05916065089434
-82.85568795499307
-54.5442060165413
-75.44977958337856
35.157655112885266
79.48902430666115
-3.4385446584946777
9.191195451178757
-464.56383906159493
-495.4180782666494
-835.4383015557629
-903.2822620354727
-414.8262454522979
-490.5116605858975
-348.739495722971
-753.7859864077737
-113.10195200896233
-268.35127511571164
-705.7418444921731
-562.481828225717
-295.9248786826189
-302.7787973503824
-804.6008221846689
-767.2550288669498
-55.3252124246548
-38.47282058316515
-126.12692761004563
-165.46062479750952
-246.2724539874534
224.66579718742753
-25.611634554326642
-224.30916811774705
-54.44130991111066
-92.56464818836324
-459.66954097219514
-628.4832834421018
-458.95988515680256
-135.54265348044723
-134.78084161076265
-160.04853303045812
-92.17854248225933
-56.77281079251203
-456.27946371395495
-715.9130553542318
-448.9217344931888
-503.5461575888013
-297.48322026830147
-256.1074489465989
-173.17662006742458
-271.086310363852
-567.2759385720733
-148.70315335183335
-15.025275786365
-24.251049691034254
-161.63029584095477
-115.36619735643775
-382.0176084610357
-396.15846072376644
-139.13862180853687
-201.59036890150566
-108.76063433283971
-86.150789516609
-12.072305078835598
-228.3581208463487
-75.87129145901824
-85.71383042687526
-354.26428998826304
-82.88992676610907
-415.5832083673746
-104.05192004737378
-314.01288209100596
-303.04194379915634
-276.9180804709065
-450.3954487911327
-95.21804556563272
-99.2792256367545
-207.7466980546783
-122.1613049246007
-538.3759088736583
-492.5989848780213
-530.6482316171825
-414.2315136214953
-468.8421225697444
-545.3507870329693
-138.55601623176028
-295.3425236970912
-274.86467035708785
-317.74778642244473
-1.2454354958827452
-57.05636283733362
-261.4636382522816
-542.5836287323253
-189.07290792612883
-7.111882242396902
218.28439534480074
252.22275588389024
-211.55289379788007
-90.17138756036474
-146.88640886777483
-559.5629513348522
-607.1692316586534
-550.5072656680943
-138.84013213653193
-128.57915532350904
-98.58015818802119
-45.77689183864074
-114.21443158735255
-138.94428427227564
-286.41819568623043
-399.66191969734086
-866.8916436752879
-612.2981400550501
-68.05461078043317
16.597471167231248
-95.21367489057744
-57.40897721436364
-449.4210143526785
-358.6037944388864
-68.17733082603513
-19.43394241505606
-498.1591988983526
-410.45051549291867
-442.5522824018361
-443.53878986845115
-425.46713199853315
-710.8490433805174
-554.0517077989011
-500.36855225250355
-67.04191866729079
-87.1693295705748
-539.7253141411727
-608.2905999152908
-506.0211105490349
-539.965155204337
-525.7015054657088
-605.4576952741081
-424.01261747357313
-302.20806149837495
-449.46723966179195
-46.75420794810091
-343.1439868477146
-168.86742041933752
-667.4644002724967
-633.3818513998644
-57.54828321477917
-8.030012117769857
-451.0957611498247
14.937698921863673
-196.8121384769779
-228.92248684804304
-120.1554127359953
35.32039334065769
-121.8134423245188
-345.9632244968917
-341.6184971175894
-445.8651451535329
-122.43402019206323
-203.6937046940981
-270.46223370870314
-485.45880444162185
-163.3302089037667
-189.71428958505783
12.588875429324432
234.17311872464543
-208.81385235864937
-284.86093346724317
-282.2867998146704
-407.3469922228469
-282.6002968207217
-453.01228722167457
234.92428862127792
-4.377939800344819
-505.37354370533757
-611.5778055914425
-509.49965346962995
-459.39046255972016
-139.08796288983058
-159.35359100204664
-673.1603116618662
-69.75893827014889
-462.1592203410123
-495.05589931963675
7.678162703626597
-384.74280466798956
-387.7302013253593
-543.4845613067039
-75.89499465262723
-246.7422036350143
-32.89503978387296
-124.7587612133416
-352.43474463134726
-314.590057084719
-572.140686119209
-540.365241223058
-446.59476762165707
-270.5087420093397
-459.82532704005337
-613.3226454861369
-763.7418637853901
-687.1744635819797
-395.90659794577886
-136.42140764379243
-65.19947289968343
-72.58067167765792
-558.9428818925737
-546.8063313605375
-61.953240002495164
-373.4013732168185
-62.344243254997394
-93.25256103125602
-596.2321194310347
-250.55740388997918
-193.72275286090388
-229.17030063913697
-142.46905066517004
-88.96136557968926
-106.34561213958052
-139.25268295062156
-589.5191492410768
-536.9952749957574
-421.88313225391033
-495.19416345489543
-7236.239191910727
-7430.114072353424
-458.28726333633375
-282.5246398789389
-745.029626077509
-387.665651980252
-359.1931814487621
-373.3126968886996
-62.280280780752804
-51.37315089421293
49.06458132426178
-41.47915318604546
0.8858350919468876
6.673476285225064
-600.5136055225305
-493.48690448034756
-309.9592437444402
192.9029289802601
-469.62657153469917
-123.44611158023442
36.29440092939461
-32.61302159150118
-284.01291734440167
-87.01417313283099
-140.79829281778206
-280.3436836721951
-194.66979008224573
-212.44334903215753
-288.5224814929687
-432.531247105127
-110.1073320669637
-75.50695458315131
-58.84525893299881
-118.15964206075334
-22.474473371377854
-268.6139311966691
-328.9446152469694
-352.07839086080367
-350.94731381006477
-553.7034107024225
38.26340564250634
-49.197935011826075
20.535372614598213
40.060340754039856
-126.72781397713206
-230.42030651174235
-1077.708800766086
-1421.1131620078052
-39.52244226112567
225.6756121475896
-395.71628980535627
-674.5424924217543
-88.05269158812806
-87.809835561355
-642.202109849817
-347.9905470746096
-119.46488709943148
-137.483549200621
-431.6413321955987
-523.5898166967606
-68.45483915534298
-159.31341022961874
-55.16593450814601
-119.409419997024
-322.65281233635454
-422.0085496954156
-129.99395351513868
-411.8049220084276
-624.0164624408636
-678.9827701865257
-832.0143123073652
-522.1581872548954
-714.9965461819705
-747.9072090217018
-305.5118096923646
-44.95576217561599
-733.4327073843222
-668.5317991343725
-462.874815113487
-503.3557565112095
-368.54082395456675
-311.8824994104783
-365.3424520473878
-383.5396144274394
-587.7772527902675
-686.4228337594409
-117.43872216902815
-173.81150079386762
-328.00064340237304
-287.2264873075737
-19.03372102230965
-381.8364999702617
-772.2980553646546
-828.4635847251881
-113.24128143725812
-277.6595657828864
-393.30868546579876
-643.5871415164601
-242.15262691916064
-144.91576806528633
-291.70322404738715
-201.49425361829694
-427.07325344752536
-252.07250545093834
-691.8843244524198
-754.8026135371877
-86.2771324516605
-95.51911433629306
-359.48994553994015
-278.7741897660507
-575.5135010648557
-577.8706108409253
-104.9289090634563
-143.91028855078238
-494.5590708342308
-764.2674774454204
-697.6836625194588
-715.7854936389631
-576.5588395213142
-40.59195750001508
-540.4238436130177
-549.0093073146674
-10.627101700791357
-171.99462961752414
-205.08766624314256
-163.07350307952163
-514.5859929110541
-675.5640868667543
-457.2711937161881
-433.9683498944743
-293.26268723390547
-533.8561578176214
-525.5052785582668
-700.6857035319965
-318.93416847061644
-319.80498242881004
-499.1093324122256
-646.6861443532138
-121.04721015184856
-135.18711193438892
-541.4751487795892
-532.4171124686535
-418.12204643175085
-139.1315133253257
-485.51139441197694
-666.9363336431386
-48.99171402265942
-92.01195893928302
-527.959679337145
-335.04138013332124
-450.1894370061626
-545.6187605060788
-747.8163944326928
-654.412332733138
-455.6499302126079
-309.0184127139196
-116.99415841272324
-821.9444980178463
-249.16816673956652
-449.01481259538366
-681.9785883646108
-758.3873479063894
-266.78839333652564
-324.8218887274902
-158.26827601325516
-130.92570240810457
-443.203381398885
-1381.5198316378176
20.79688155025036
14.512181742852292
-228.56026297948284
64.52849139149183
-290.74557735455664
-357.58320807794183
-404.27381612581286
-219.4045154794515
-350.2972944589467
-260.1033606920073
-270.19135372183825
-238.07339517574587
-139.29703616800055
-68.5210678076127
-312.263355325917
-318.59635233399604
-565.9494398680724
-509.69346719619955
-141.90380287563335
-125.23440897649732
-174.09027360163498
-200.52133085201086
-894.3121320835567
-1234.769486353329
-364.73239877610814
-387.62201117749794
-147.5010232287434
-154.22923633808824
-534.1105018405949
-406.6044835008175
-256.13507764628196
-662.0715592755089
-94.34253368231214
240.01870290702698
-257.4738840265418
-274.52391558864554
-648.8610896182785
-683.8425237492335
-389.09018282047765
-510.91472974017523
-72.32334489224962
-173.08518664029242
-512.3897106275674
-764.8221044949622
-247.0293494220508
-291.3442370712375
-477.4562995701327
-306.66941366572405
-611.9982507193539
-468.60761542049124
-11.523191754064626
-35.14371478842246
-39.852650697424004
-318.45447466035387
-248.24353664130157
-312.0608149487089
-115.99514133463076
-88.37586475807637
-302.5484304531995
-325.56991440332206
-683.039074130346
-563.5752710819286
-255.22147640680672
-200.96352680035767
-263.5897793701379
-530.7016926811413
-155.00866380114638
-172.1284994816449
-122.60773092478375
-240.13175836892154
-533.4344268820828
-409.34945757772556
-460.24334970862395
-549.189975672225
-628.0949450226129
-739.2586283489153
-18.61527441945738
-356.69431004885064
-526.8139208476791
-374.4212664662336
-493.36696675301016
-447.5898470978731
-86.30974714197902
-349.16129779017194
-149.33722786466652
-78.29446040516606
-515.5331911318906
-586.0968421046191
-251.44819659691314
-268.81330433252276
-64.03619002673308
-44.580457860453045
-497.1218809883863
-551.9948562546565
-224.58569670811042
-174.81443061830907
-553.0997274819892
-473.06638833229977
-65.50627146593092
-26.377371140339278
-815.464602494186
-699.1714381128746
-661.2266527917427
-710.714970595488
-115.89482132356537
-745.0532707641291
-297.30227865950553
-559.301876852606
-193.172095634002
-302.429811968818
-467.9738428223259
-424.97024954336945
-361.6114672860355
-665.803857075155
-246.04149644880198
-173.13891651767375
-498.8408159158895
-379.6614893770041
-37.00312517594068
-86.9338859470788
-260.5910633470404
-38.593319502955
-208.58694537067157
-210.19620305528196
-312.40647443451724
-485.581591064429
-487.981317625179
-372.4484926826417
70.18934869394916
-141.93435236303577
-628.124276405588
-649.2545283525827
-8.604885027431592
-292.5221435145245
-344.6019586511702
-130.76895455331976
-432.7088010114416
-726.6980770629945
-265.1322316065392
-510.32639300295284
-617.614631941486
-581.7197920644703
-602.6938840486991
-629.6328038849971
-686.0341759241509
-623.6568712834174
-171.60035509998016
-504.09507508044254
-328.58940427944947
-299.03472329234415
-544.3961292116653
-497.70891645327004
-612.9602567718197
-715.2906940917222
53.33382094781149
-125.76274745910274
-285.4238515909251
-514.0184643052673
-208.39563415456288
-676.6513440411494
-244.3065072242388
-365.42866573449214
-875.9872916090253
-402.8414664910715
-335.6777898647778
-415.87553411991763
-572.1097840153401
-563.7674016843289
-236.3542540470806
-329.00828395064366
-271.2991525524602
-202.08564228348845
-389.1110198669929
-54.077377350162585
-188.10919752869003
-196.80181740479296
-346.2014804627611
-259.5006212899767
-491.3661408335159
-134.1142163725245
-838.25452158539
-719.032230567553
-529.5835773647026
-498.44434143099977
-553.3851057140466
-449.3099591770025
-134.50737838540223
-104.12291349095412
-549.4130503284941
-551.6503059157561
-415.05948061190816
-399.82032850484455
-565.4331579776722
-327.9876175041866
-692.0886326847025
-696.4648534343996
-134.14860630975704
-121.39317425523842
-586.8942618306173
-557.1299837001505
-850.0085570138955
-552.8713293997461
-673.7114182747096
-496.29042797025124
-352.6683635914213
-572.8821322532888
-375.0721206401863
-654.5381720587795
-316.3904582799883
-255.93224172235878
-743.3181541994486
-670.6342340443429
-49.82816202610778
-52.151643552629665
-505.788142078662
-333.0711438117917
-536.3119240985942
-164.43473233349746
-553.1574640972202
-482.6432933858861
-392.7177696898726
-383.8671479262927
-431.35778145300367
-1147.884945057308
-1365.6186141555793
-1158.0642641904503
-201.5893822937715
-294.57763815931196
-570.5283121042983
-529.218716959268
-261.86223124523667
-315.4700232182958
-361.8425984820198
-272.18987026310333
-587.2571267292046
-690.4289994060384
-830.7512259875257
-799.0408498632122
-421.63985290380776
-477.86337385029395
-479.22173136873886
-491.8288361200477
-294.40721639211097
-490.3797824806775
-794.0900259339027
-838.5957978808214
259.87640996383396
2.680190676768362
-418.4459490817771
-356.19688698421555
-650.6564002489148
-730.4940059272885
7.34467461426415
30.815642300028173
-769.5723174944777
-384.6473702738941
-252.73732925632538
-223.66042703038946
-383.288776812477
-902.8649186097304
-102.70776099577455
-71.3975957099066
-544.5259041722577
-569.9369393700435
-202.31903867302574
-108.04178318543562
-803.6754750532772
-865.3868080460237
-269.01507321394365
14.643610101711403
-519.5782581182561
-549.2547285172885
-357.6240860226897
-282.992107203311
-32.36247847570118
-6.324324351715745
-246.77921779597963
-104.73474675225795
-2138.759411309802
-652.2000672377341
-423.7363387625901
-552.0793139224025
-16.614610314220773
-153.3061935898022
-394.50534727934365
-89.63484831824633
-862.7468460291519
-521.371951309324
-301.5731180802589
-547.8819764819146
-134.30512778338604
-65.70780739879075
-434.9403886460713
-468.4276906546928
-325.5357446544102
-313.8775291549175
-73.92187845643002
-221.31973750002493
-956.0997043195651
-709.5190431732069
-108.6411666794726
-176.1728950664534
-425.02910681863443
-430.9249311911432
-361.3479278629558
-486.2747290037837
-120.88493714536014
-333.6344800120278
-727.9329301934388
-359.85505961026917
-309.3154482805157
-432.23442530859495
-645.956275602423
-584.1322011182665
-445.9700888501666
-274.9424415112322
-84.24411996882306
-136.1957459606893
-131.06582260083468
-235.2985035019662
-556.3444092648242
-488.57946489256057
-537.2364093899531
-332.9629916924457
-347.6190159926082
-274.82994903709255
0.5538361715130691
-7.635176155370928
-324.62721229470117
-210.14528371809783
-200.12845150203685
-9.276892066086802
-463.5337879089024
-633.633728641507
-510.1064180058667
-766.1197840567099
-188.5297252293566
-211.76757829892222
-1063.751611321004
-388.7027426243916
-140.550798190664
-10.167148209110607
-488.7758028654762
-427.02167883321516
-390.43214822262297
-432.702535333423
-328.14555862468075
-477.0879037914047
47.81923457869837
17.194808199403468
-690.0546957126683
-305.45164479275155
-183.09243457813798
-276.6756607735973
-345.88755109052715
-163.64396674659656
-168.72492332817075
-169.32704737167236
-162.95036557927287
-418.66952408404717
-215.19627781118203
-547.803141236173
-125.6231668692605
-158.0307543872444
-833.3794308367985
-565.8279193107219
-44.39071018201001
-117.84394368453897
-680.2750047703204
-957.3748583539403
-96.04377288083164
-346.8306022891716
-115.12089421111878
-163.50114671418208
-157.93241709301074
-257.40247079128255
-543.2079929411033
-321.35342588493717
-1564.5089409476986
-647.5200152965431
-651.635043982409
-250.00403718783778
-1241.171088171375
-1201.9908112460994
-500.0017658025293
68.78104003852687
-477.3631217639937
-451.8402554076983
-635.682675646627
-734.0471364368367
-394.048789262247
-305.88446561627785
-712.0156290777584
-692.4305307423566
-452.18243008734794
-285.4362377107502
-726.5899391536211
-764.3772309133162
-442.3377382824992
-311.7051658361561
-279.64547543960805
-434.06436560606414
-332.16728316053695
-143.62527541263105
-242.47684180309398
-759.9720808041623
-267.5692039766824
-320.0191218357925
-774.4288941915772
-526.3005818745514
-1071.902605177138
-599.4571842857425
-511.8958671661233
-579.6932095732378
-499.7553280864469
-408.2303829051582
-976.4610427435349
-1003.416984798245
-12.29780042464381
-125.52038664484533
-424.9655788357143
-551.1547607787186
-68.65876235686463
-85.14337477074942
-302.83033367626496
-346.4443061270474
-353.04121569284746
-128.11013031121684
-377.64655660231654
-192.37826975603554
-462.28210301288505
-628.7357080885173
-349.63180096592293
-299.3336819206879
-579.5157601223502
-616.8705930044309
-518.1858843771058
-778.6511283918583
-48.51456684872512
-276.3914879590812
-314.7776703617426
-477.54018941140305
-772.6955597893374
-577.3013660355334
-286.90771061287154
-457.833080143937
-426.974978499595
-114.64870054247666
-533.9008753123818
-777.8825048778323
-613.3039588703625
-355.96947434158915
-495.6184057576229
-250.8735140594883
-512.8672022736295
-509.9623450630692
-129.41232990501692
-197.71831679500036
-207.46745951042124
-202.4053098682951
-253.23491535787022
-258.42635976215536
-29.042245387673773
-118.14303323519772
-474.0824165399795
-282.48561392425523
-723.468035294147
-212.7782344075768
-118.47332381841633
-296.75003147570555
-579.9619752019919
-727.4016354259527
-1039.7171257979576
-837.0326696002395
-604.4794230909465
-538.3832870460471
-51.9557158644569
-12.268010881872016
-2140.2045600246784
-474.014821849904
-347.9282969946652
-338.5101790400096
-249.1028312062625
-115.0224596218982
-730.5659456973796
-753.7921549577723
-811.2496803450756
-483.34469936385403
-476.39040690697027
-457.7108698433811
-721.2089404570576
-432.68057071608513
-449.2115404991556
-357.5023096993151
-78.77316419404407
-85.49467639978832
39.99253019658818
40.517518942565836
-2262.175654071695
-653.0960659231164
-129.69892676465892
-181.65934480336796
-134.30785802163697
-356.5212759516271
-249.46286629931745
-415.35379968729694
-516.5586627943297
-488.80847316603166
-444.81527820497706
-510.62905428809404
-80.420953165342
13.45193507001268
-778.8820755452988
-404.9954387027829
-336.3647803375653
-88.78567904165473
-14.710922700337065
-30.299238440780115
-127.69667179342258
-98.62193188618247
-242.59677691062018
-191.29369623865233
-605.333812798163
-103.6341136236455
-99.3249790233588
-127.17563495012163
-185.17739454015828
-572.6864097430414
-540.6105047507708
-418.90650168474383
-531.7923230820023
-687.6731373438012
-461.555411063423
-618.0946708167045
-139.72117831327884
-127.19039606529071
-607.5566366473349
-694.8127999982195
-2.449285872667602
227.6217957182711
-94.9463463712577
-44.03670698307466
-54.627275751033245
-58.48590946279616
-118.32396190123782
-303.5119874541698
-800.4283941551669
-738.1910713777662
-71.26460445187686
-57.29388710455635
-420.52813530998316
-281.6282590075422
-115.80566683222898
-80.74942413986736
-740.9261682265823
-816.2713996353226
-599.2197180827508
-531.24631200927
-447.66629160963737
-758.2363797518994
-92.00206162837685
-218.59326653884978
-372.6090031378856
-539.5931851169437
-219.79556488244992
-134.9289384379434
-85.15293079008589
-63.93378565050288
-764.2904870443185
-387.05226981318935
-628.9978455045441
-671.9566686657265
-586.4251531273842
-468.5916694327564
-521.2339524209124
-595.0537460612481
-105.6127633744545
-56.01622291543507
-400.4692196118531
-469.1687587969263
-286.31959918125165
-336.27551622117755
-102.84446177204669
-140.64457493478275
-397.5044362567071
-417.9619765679547
-865.5917755163387
-543.982493425546
-374.36603449418885
-420.8514459950165
-270.55533092532687
-211.1701503722529
-14.760804362228114
-167.54444396319403
67.61738955581748
-150.8444567247228
-150.4379989090565
-198.71181777679018
-454.4539745823053
-454.7608761078526
-540.4047853356642
-572.7607101421265
-557.2554466302856
-451.77871195679876
-311.3768188210875
-480.13204871078295
-723.5848739589434
-706.6806736959176
-694.185398272847
-809.6760045147514
-309.7813438884916
-391.3007257196036
-429.83858181671854
-461.6521630844581
-121.72840847073188
-230.30593793618047
-1111.76084710445
-926.260729157697
-15.518890353217813
18.116830128922743
-365.42642583752934
-336.8548643021113
-399.89252342247283
-530.895070318133
-451.73095616321064
-617.8328310314844
-389.6086212034458
-292.95596305709796
-278.3615667008271
-458.7547695821681
-594.6532103421199
-653.5003467661878
-22.560605874466276
-243.5266587874178
-303.9866061907003
-611.369425799775
-568.3561846726968
-333.11602263586724
-432.0041153725548
-365.5761588287509
10.700448890249575
-46.94985118012744
-280.55418019121277
-608.8870699075032
-249.33044199600292
-175.11258529667265
-223.8191697868289
-149.690782379127
-66.82894956861134
283.5243915100433
-426.85676074847913
-420.2161330000455
-495.4509798119245
-90.17388344154465
-0.7487123044090964
-103.07540041901069
-323.33961049649815
-455.5828943004926
-69.21429547073996
-110.76964851693235
-114.20303491928253
-134.41396373842997
-445.14676706923655
-251.96975873804013
-556.5894101285419
-799.3951864728083
-994.9645776405773
-982.6775083334654
-467.93643463059243
-487.11954530402267
-443.71137300932986
-700.2890626090464
12.957750121329397
-35.18647880098581
-281.4772811740975
-246.5654929091933
-478.3601944761627
-467.77058072272035
-207.41003410495964
-217.16050596067583
-291.27344734734936
-149.9345882406477
-412.52157810371233
-502.3395415759071
-309.59842292162807
-175.07277494420384
-87.19213317293374
-194.5241583146206
-237.16083881309885
-433.5355035486031
-430.82919684794246
-626.9478159123717
-335.78085060817773
-383.6339722540187
-271.530420632318
-21.84387566084881
-17.660399328495718
-53.413478969635904
-584.3291234840776
-584.6368921267486
-38.01457668493117
-465.72418227884697
-431.8589500407082
-551.299857988525
-49.94639356325823
-55.41467504763433
-420.16273900087987
-491.1141908908566
-120.87390065833009
-90.44581073445944
-121.8924497830834
-136.80451458162747
-696.734447439471
-722.5376085038006
-408.6643080053757
-528.4085811122332
-123.06903285040207
-105.38226868830333
-261.6357837072467
-105.90941574123659
-453.68264626114416
-125.73821403973736
-297.6607245644202
16.26894786193496
-621.7188400284834
-508.4919457276735
-355.6209269522444
-365.2566008240088
-488.5714406224635
-288.78759452781026
-379.15952980842087
-404.02530509923844
235.5401790532792
194.5470909568162
-498.0678314559528
111.19650897417934
-701.3044497363245
-771.7663823641883
-301.72742734903983
-506.66776034045847
-126.19500377918772
-398.2983931268188
-496.4906074932851
-499.3262610412821
-260.5598124912791
-312.9993216118904
-130.4016771821794
-138.34155141940656
-389.8518195686206
-367.7655688819814
-111.72422999260586
-164.18911250298075
-63.54524163335438
-81.16995058911529
-108.34425679754953
-228.5660533793276
-751.4420466927904
-726.5997048904577
25.421676463418592
-121.31621062760925
-2.2641632736423247
-229.43097560206468
-496.51519041396887
-492.11260985665115
-84.66801804151291
-50.72961051045794
-371.89055340156773
-669.2878089784522
-45.394757079850095
-44.37301573311662
-41.28209936391986
-8.889326335926555
-55.390662087504644
-8.898417713927287
-237.5083009916633
-148.8919424159083
-284.4409490329257
-248.58225934125906
-222.60567792340134
-340.3012022014864
-30.235143046486016
-256.47551254415293
-40.462486237464475
-454.5633306666837
-448.3072966134476
-247.03662468802014
-72.8172299232071
-5.3799525491371725
-172.13398727643624
-230.7351414455848
-14.296102733876168
-8.576682150484928
-227.66298932893943
-271.87240054416816
-321.4664341812411
-302.24216099515814
-470.94317484958793
-490.5397060798508
-234.49054603282516
-58.269495959373394
-350.13798007385185
-290.4906366944863
-793.652906214224
-737.1890018344092
-553.3066461827128
-516.9174909569911
-696.7716410943357
-673.1562981969731
-37.99252553639253
-57.48008040940038
-483.3941580904867
-729.1836813639982
-657.6282359446063
-592.6880866850358
-498.9454645458502
-409.5939684046126
-585.1964077995833
-461.56205561393466
-2.1539276945872814
-234.27554314286417
-22.23873457518252
304.21826357475345
144.61502615395497
191.39511700165343
-233.6688032306069
-66.1556780177283
-507.5637811286125
-499.54130698668735
-55.547407978589185
-14.632898754638063
-815.023184348794
-547.1480316550956
-555.9154935802055
-749.4383443608317
-660.9864916157558
-657.0520318820056
-676.3759999218443
-466.03130296820234
-436.17416155290374
-339.8686262564594
9.468070554901772
9.382431199354327
-657.7056174175742
-613.3477494571233
-756.6919574711364
-661.0722495171685
-315.0371759930003
-259.28612842544044
-212.80986415288913
-200.50687927678638
-446.0019117748912
-523.6716272090393
-80.94372797191198
-80.64436755371193
-340.7183204341892
-323.7209510546262
-125.85630949829452
-95.4764993625481
-173.38908963735688
-170.95257663409964
-267.6686823535281
-333.4466273714896
249.7298779464884
256.68849178654034
-421.6179659700942
-423.4958761202402
-365.7836041930684
-499.192807332032
-192.3789980914682
-313.60987534998236
-392.1560978347183
-516.9124435414418
-506.01646083596904
-437.6958000765142
-719.969586704789
-137.85485740526565
-147.30240202370405
-25.306835857695063
-4.293800872510246
-88.3090299434546
-371.6114855390569
-487.65165473072335
-730.7553624588851
-649.246640315284
-478.7516682296634
-270.1267386781003
-354.7712461956015
-238.1879152894419
-117.38820150749808
-129.11194820185833
0.16972661325196725
-15.359951804235635
-109.71409048186288
-112.00059948308437
