-529.7367112540317
-1227.0266347695995
-78.3257499653828
-134.61829626913973
-485.41691807129604
-452.18441220276634
-661.4496183618824
-474.4118639907658
-570.74777304079
-553.3148036887036
-208.484129476026
-190.93116117783796
-325.19667162848367
-241.73887638775628
-1089.1956915646538
-1172.2682923980483
-642.6326200548958
-483.8014309101516
-267.7368993308518
-688.0110890724034
-293.9837125645005
-192.34863892003563
-852.1135633119974
-540.1053692847169
-511.0801225042868
-397.72029192850266
-653.3179045498056
-710.0258225118922
-440.5136590574567
-541.4942236858541
-480.1556016906816
-455.91310015614386
-811.7138913155611
-681.3308492185773
-496.5726956744804
-497.40422816340407
-673.2842769639917
-357.30785072467745
-753.461449447854
-533.8158020806131
-287.49954548203743
-311.2712025177993
-569.1516891757797
-449.3042447438802
-783.4917792965799
-1331.8918778398686
-663.0028209281573
-603.5301394068829
-1246.7646994007757
-990.7885520815263
-202.57691499471005
-202.70302064352006
-1151.881190150979
-1224.0386043801504
-321.8829868868094
-603.8212914115385
-835.3537823892086
-668.642631382815
-1003.7481282709551
-781.0285518036262
-187.9929277251172
-284.5269654667251
-529.4016194990345
-611.7888462853338
-2435.1926956991533
-823.9653857454687
-379.65372617576037
-403.0060130525386
-322.63130891539
-436.4915670668393
-474.2869524107278
-573.8670781573526
-233.38007109466622
-338.7148679500446
-268.72932825888444
-118.7761410941713
-509.6885870841342
-403.72247513228996
-776.7791578164322
-733.1448618676454
-195.90130863046838
-177.54149650121406
-803.9309126409489
-1171.941965456945
-1201.560939940293
-1123.0640628558044
-660.4869702831946
-619.5846919240118
-724.4792094319062
-541.8813652481922
-361.7631466826196
-790.9883269277863
-592.1738839028884
-523.4780348817476
-117.11754813993423
-497.0974903592191
-616.845002480517
-607.9559766549082
-1266.8736217008777
-734.4820008867999
-701.3867946048468
-837.6811045788681
-697.1141785907216
-793.2920138950045
-1204.1176884489694
-332.5475491727399
-692.8604793659982
-107.35811669595559
-697.8916016340031
-782.3544141473568
-744.626892020346
-378.58426460421043
-92.66650716827412
-109.81472923355271
-174.51866349403906
12.777647757017633
-199.55035174077983
-253.02770370007264
-127.906115857025
-126.8968989111963
-348.80733067105643
-149.93948740267018
-235.37118715166514
-280.1153276906273
-238.4621347742051
-705.7142720607029
-434.24548485112695
-473.2654732706781
-540.4596430562854
-430.74089599236373
-149.57788604288294
-146.555669613422
-86.86104422092833
-70.22254517372686
-77.85874715376269
-95.6549131056043
-286.3264405505503
-191.5238538459002
-584.2097903744083
-373.99041172223605
-298.39154235079127
-221.3239745127723
-41.895254860045476
12.509102540455316
-357.24006859929113
-277.771002578224
-220.93662806939628
-232.03105166334052
-279.99721052054
-197.83884995860953
8.878651699736835
9.849012048454
-178.94095788849444
-193.80792457949366
-143.33948720476872
-124.1047091227589
-273.44833912807576
-472.23600862796775
-86.25100481338943
-50.79838160409834
-186.34830728778826
-71.91651617379823
-348.51597998442844
-279.7196048383074
-289.21402440437754
-412.086716949642
-299.18318387894726
-279.00161917152815
-121.41802830876897
-88.11340114291404
-504.5432968660014
-496.2088090074734
-107.05001400179835
-65.97841704423925
-381.6909794991848
-421.35971166693116
-288.03674170474426
-384.1022873834746
-296.5481015053802
-307.0738756550066
-104.14560096103057
-105.25298731776068
95.01670035211137
-57.089056516601346
-122.72574091770227
-169.21785908829102
192.56774186798413
-4.066230983948714
-257.1168768799248
-299.18190037909386
-307.1659395602702
-242.47434696589164
29.938371815605933
-196.6596115913576
-1.2085589285468359
-21.52025969825455
-464.1272600656373
-322.3183144072947
-380.9663445314943
-256.68326189078755
-683.1761034150734
-393.38601702834825
-203.20984583354175
-151.70844884400006
-311.1948507430418
-260.655690719921
-473.98750913528494
-477.27402087789443
-102.41653013923232
-75.89485329698347
-492.88516783358585
-676.0086507454805
-128.27776178828293
-63.32014921419391
-130.9913550848406
-136.3005402763456
-360.86638222528006
-635.5653684831263
-147.48219211130098
-126.36595833345034
-109.3231239131739
-107.20321523479755
-309.77126473119426
-260.82304249765605
-653.8877734681645
-827.3403059938529
-248.22238050866372
-302.63496371711904
-87.04604804527041
-61.38260607739801
-165.61118444472163
-150.93133416246104
-185.29722683541098
-92.28808151629855
-131.92251193541466
-139.72468243252553
-171.78316700366514
-390.81509880708643
-191.03718783790856
-110.65958346606591
-426.7221726344782
-193.93725472753363
-337.5985439867539
-158.22825631982593
-36.683099106955204
-54.11274355351121
-713.1979595938332
-481.2477132449941
-128.13500435694183
11.13773779192276
-512.5939193419986
-631.7061948475432
-266.15652214437625
-183.3699659541964
-225.88772809833682
-295.8420511348014
-483.53816782356404
-292.3589981543448
-644.6650338269316
-443.62490599039137
-299.43670382642097
-57.30437224908903
37.70616583224117
-283.62182024349113
-54.058733283047104
-257.75600380529204
-585.2445415700931
-200.9681313430841
-214.5709411511846
-362.50217570105224
-228.78325493467923
-358.5581850205701
-43.595689300870134
-90.19086084724033
-1413.3972575408163
-1054.662170839737
-644.3382555046217
-751.5729872547703
-183.7080185707694
-236.74390566971712
-13.342064377750177
12.202437065009704
-477.6915440831633
-529.8345398388209
-332.533846435211
6.338115884267026
-257.19580834264735
-77.17916086339952
-259.8269283132854
-312.24851638772276
-408.67949290351334
-313.0223393577138
75.43510553134425
56.54889183848965
-220.97847544199274
-89.20389674260623
-179.97270717089134
-336.65999285012003
-314.06516380586277
-400.3637141261837
-105.31854796511298
197.64879079977698
-293.6148622908064
-329.08436606296914
-297.86666091357677
217.6662496315023
42.62498906821773
-129.89443047774378
-206.64220565685974
7.597593663976369
-398.32881325893305
-346.73882906225197
-462.725738309687
-410.2500316043008
-353.5156730841974
-528.7731087362522
-57.84437537904366
-92.73710950331679
-499.70069415702443
82.6603227867275
-761.3208163966226
-526.8793311336922
-227.89326185101189
4.160267775909773
-377.0746026497069
-341.10198885877105
-330.3203811619106
-123.23266956192963
-146.52867449474158
-176.2086332571128
-86.85223633937274
-146.06977691831577
-255.5317364078169
-159.97519225766064
-163.02656730762865
-282.9376930209005
-1483.1348183416553
-666.4972365729025
-49.52347330232827
-26.26479660993101
-191.75763595913634
-270.7462508745825
-41.78914381235252
-23.091632910067588
-257.0867064121311
-320.03828812716097
-352.8739073032524
-204.79318655675135
-745.4493849393036
-84.98399209363505
-302.3171849597693
-307.471041725051
-485.0820145381166
-50.50254923228699
-28.665745729669
-283.4050710736177
-466.1169197375901
-389.71848353565804
-258.1413867469553
-84.53107981193345
-301.64266246665295
-248.84261933798933
-694.1732825722053
-628.1079447207197
-227.37461527981236
-165.0847012671805
154.13477803374536
-87.76256289142381
-138.46586596962902
-60.77654238950688
-454.8161592308681
-400.1449625544498
-344.33996068622565
-3.5449003910220114
-404.8109045200332
-361.0849187520892
-199.79492661827106
-557.1903008012227
-428.67245085511934
-900.6342478067348
-172.96082730662417
-44.927694897958844
-402.0400980655858
-591.1997315814185
-329.9401347307844
-0.6476520142117579
-107.49373049967878
-305.9002956000869
-353.38289440905476
-309.3356098779417
-49.63782767256429
-55.196465715678826
-448.5655460043551
-213.76423362747104
186.88022724282445
6.560966316962919
3.8338585246036843
-147.3130119529098
-1317.0055622423577
-486.34333785556356
7.85693639992644
0.9673911285863142
50.17532191558669
-205.34884808671598
-458.58909528951517
-35.02254488477777
-233.93560442673245
-259.4778469305019
-144.10187565360394
-46.59063152578733
-27.141861958006942
-65.73096851578221
219.45232037104157
-346.8439359635315
-174.22041806613984
-7.79471077445632
-199.89030917585183
-232.93354762374162
-22.488673075251256
-126.72224561302572
-146.9634617830001
0.4082077348991362
-30.570011027892008
-11.74949712595216
-50.678025551478925
190.30916895126447
-85.37069347913857
-86.88007695497691
137.83590925717508
-120.71787816380566
-0.0009494873030178042
11.032944085857878
-92.81356910407189
-276.9684291816113
-210.8749516629668
-367.55067220676517
5.957195039018641
1.8327448777030653
-179.6593449178007
-20.734147652960914
-391.9365861882452
-390.4908262817066
32.61973804137534
33.14827067381438
-562.5048272887209
-486.49025972427035
-102.10451078588922
-39.56407611936143
-286.63689454681935
-274.1572857756389
279.30687358731586
-240.6390626316253
-142.37798371889733
7.909757046863135
-1254.480337701825
-674.3137142238749
-111.77223610056183
225.8123748063137
-230.9747937481203
-552.7504587673322
-50.89760892203225
-102.43592849034246
-411.7122065235805
-366.32170519796165
-140.47642062144655
-66.92352734558278
-2.0751124797536846
-28.3620972218323
-751.9563324995149
-829.0485984976916
-389.2137403888378
-387.47392629230006
-9.501439651505038
-240.4725579736315
-133.17628480529976
-175.9157287094257
-570.6395594039237
-207.40101719820362
-223.0633662176482
-3.2348328428771964
-432.35579793457606
-15.066349829241474
-622.2966308584516
-660.9708991559454
-244.59863498517828
-173.28682811435885
-104.32152981693991
-147.8608356374799
-254.8482324766853
-65.3649963160779
-19.66641502398747
-777.7867249555169
-323.67261526668426
-293.15515526758026
-330.0097579517487
-358.0418524137571
-347.2903556147576
-489.84883554273773
-283.67348403401127
-514.6135902047333
-793.8714479805285
-261.10709317935334
-250.4899175237116
-268.28086883062394
-58.21323237316541
-4.740913598815766
4.704865283825683
-207.97140421993248
-474.21354172039094
-144.52610300233118
-330.7381467116365
-415.8643524394008
-497.1200823506799
-612.4672808334074
-358.4451129836531
-335.8255960075155
-355.58863656770075
-0.589129852315665
-546.657604394652
-384.7809310795327
-251.87195230987305
-159.76132534333084
-198.94055983923357
-244.10336816281114
-123.18328931284856
131.2544256532177
-414.3056054666633
-312.8249659637837
-32.52384284528432
18.67076300952118
-228.8982104183952
-140.36933777553674
-103.47015321632554
-316.47278552471136
-135.34256514225515
217.67592853312675
23.841251964158516
-9.462659661340979
-463.40754954130944
-634.4054740921804
-484.8422866808777
-548.4964664110587
-369.7271481000388
-299.7900163172616
-6.984913543469239
-629.3770196575003
-97.556576961873
-43.54175195103838
45.026055574326136
-59.35634992129033
-97.4843833828738
-100.29013265687443
-67.21934824056018
-72.84937405317842
-304.2956712369155
-365.4176942013567
-75.56963146967342
-24.582286522491636
-71.89059610454032
129.3380579906943
-714.5096105937027
-929.6415082293388
-179.06624415048503
-65.23396655945587
-20.311578473729597
-497.01928904643006
-1048.4406409048734
-1123.9239576776204
-554.8306161937321
-339.7025067625214
-125.20075202213661
-96.00320334149491
-145.6663025600789
-383.89245838292527
-186.19811753288482
-384.078032481028
-180.77834539690184
-175.85849885585566
-158.03069149015397
-145.38058746999016
-198.94587879100186
-88.40430279049363
-41.35384960329901
-286.89325679239096
-126.40688985075643
-38.92979726942039
-538.8207141701702
-349.4870122874295
-27.563757686611154
-64.91939402073399
-149.84369521184078
22.050412617324838
-499.39518589908624
-70.05406068728539
-362.5068115072811
66.552512045465
-7.167555250825416
0.38387995979663003
-87.80998560680192
-154.47018536068921
-62.382743860180156
-219.2020836862722
-8.178244950924736
-46.80330559647041
-220.98912579215562
-163.7974142158684
9.521254273424532
19.98394783199059
-145.43685381895682
-93.83525419239352
-98.09085429055929
-255.99244074628632
-817.3844706487835
-774.0258032806787
-378.07371137306393
-192.145592043762
-84.99474762384187
-249.5669143214993
-429.4787216593078
-138.18935876638545
-218.14726777048665
61.722735966969424
-120.54941111391616
-137.41878962008423
-736.0927409180504
-808.3492286306739
93.72218319946714
128.22280427008664
-373.8485104382142
-368.91599722405266
-605.0311260532102
-457.4434141553321
-443.4836933024246
-409.2298496933637
-445.92315004407624
119.59420898980204
-685.6065551713708
-643.3524335631524
13.958947829936605
-220.76587172022863
-260.2209800116933
-392.63079846828043
-240.221992935339
-56.337724157633104
60.42227092284702
36.285938818476694
-561.4196802491922
-546.0263197548652
-287.3200041925874
-294.4736044065003
-84.47256398015942
-177.56441280449008
-610.1247407653323
-658.9256159701107
15.539616847225572
-261.4474660703531
-642.7174964375439
-591.9231945197874
16.602181397235015
-51.8744009058818
-350.0641008074397
-8.624846071784319
-140.25743403226954
-162.31187532352823
280.8819470230394
230.91557512796987
-8.323867929198045
-96.32900740335637
-254.27574808789493
-53.50765798808729
-488.76348410959486
-518.0021663840404
-93.09963049456927
-263.9470802759109
-237.6041556463559
-309.9516222392191
-636.1380777793843
-568.7683598950339
54.97031678741365
-32.005150136230625
-176.6238033372955
-219.78473652994595
-107.01522294774182
-172.27168149809648
-266.54315393908934
-120.30232819722784
-100.71603016030896
-195.12132693324602
-422.5266126355047
-415.70283438929835
-168.82087472599795
-224.25751649982107
-206.68472753958486
-232.06600525930833
217.19036827272146
66.3211552086641
-195.81066887680936
-91.04311760306418
-255.6301261023534
-285.0305227823919
1.937344136719389
-233.9550246699054
-531.0487023006311
-432.850317282541
-10.506290048161858
-101.36834090830183
-25.52001707790761
-31.0155671060743
-161.1852110899278
-75.73110226251003
-190.30231343542619
-144.54218789207718
-161.97571393286262
-167.68363283077952
-9.024267371810197
-41.68264668440658
-207.9287648054373
-266.68055477275345
275.8253734454516
0.3650228429682443
-194.6854839820675
-61.36230452414407
-19.37988203473421
-163.57977971690894
-11.48376030602897
225.9580308134958
-251.97427894285448
4.182600688266106
-63.3641387289232
-91.04237700171355
-68.49177702661851
4.967511539917666
11.73498595264003
29.902421515064418
-8.271563762285012
-15.049495043687685
-111.87970401645012
-271.9955675905916
-259.14137212842536
-232.16792451707587
-50.16899903149239
-9.011378762748535
-557.6649063837403
-514.0959585178244
-649.2032505340557
-513.3696640308918
-384.7618455253494
-307.08681531804564
-397.76526320473687
-486.9303730186644
-389.41167572377003
-511.0461849192623
-4.2185446765122805
-13.043859919928181
-105.63828640792882
-205.25009941283224
-373.66587407223955
-488.2870929368425
239.51606248367693
-151.2916866413964
-172.67592645315966
-36.91194407691236
5.236436028095241
-387.54593624011176
-132.95597867496937
-71.87154586980208
24.30693674584009
-139.4045365391722
-74.63839744421544
-110.14289719935256
51.134916251552085
46.05820441116708
-185.3332119405541
-247.3561635431883
-152.68864443224854
-150.06814497414229
132.40638982734433
26.606861812117415
-197.25470316076573
-252.93897443152687
-11.367745379918034
-163.2647304054246
-138.7974104933091
-196.45579633082744
-233.0885461367477
-288.0943275304245
-235.7993430499858
-324.92249496844124
-472.6742200673145
-410.0277082557468
-6.382553658994652
1.5624390999347355
-63.1374716292158
-95.6151255168815
-142.65527826117062
-200.93528913040726
-200.41840213714124
-104.27900174050001
-85.70843427346963
-98.54333001279649
-61.7811149841368
-43.768327504364215
-144.46993951998567
-328.8317966401162
-246.81144325814154
-167.5496052501688
-639.9844622362605
-116.5128905674201
-328.9628947157078
-122.6417454003847
-47.95956507233113
-66.06682365050744
-503.16195186718085
-583.0770528627557
-178.22566212685715
-190.09131743967777
-223.82430402689295
-173.07169744275598
-64.40589969424593
-98.99316488282348
-506.17917874229124
-186.3430628758308
-4.078492335342716
20.97581992233259
-248.5240652267572
-149.99363979679748
-74.50481719038217
-38.24320869595431
17.52257274012605
27.577793452733303
100.8076203362926
-116.43540690034234
-122.39084002722689
-158.16091903100792
-550.0766540133944
-557.5520637037932
-640.8202857747027
-240.3632712053466
-329.9974593210839
-339.3552338018292
-79.49698777914502
16.86725692406418
-102.53581676065255
-165.512210790347
-31.66626499524338
-12.238732514889335
-251.86658489161746
-153.03401665469184
-99.89238327401033
114.0691532262328
-376.70290067983456
-332.0362606184698
-184.22682345783232
-157.3392579690126
-128.4387668810682
-231.8526126127052
4.372897801017913
-26.56307199822828
-134.47337830115185
-321.66582886727633
-112.36837014787542
-116.97939938654092
-195.27151546724195
-202.41013296783007
-197.19461984284678
-225.41941723697352
234.18083402734658
-46.997642688496796
-258.6741598362027
200.8477747979314
-185.04122166861913
-105.65047862344403
126.89717585363886
263.54863655806696
10.098423430791215
11.675701463310958
-176.95949786300883
-68.76831560274039
-284.0551454643642
-95.6777244705162
-3.364226054530647
-152.6170112506498
-132.41860991343455
-41.18656361945977
37.27139226871364
-24.65162460796951
-68.49144640138456
-36.861166333030454
-13.703129568362769
-81.06215834017978
-406.16102144319836
-418.2947303045333
27.088986902311348
17.508838199331606
-104.21878816068129
-54.908040531361166
-115.95527117171157
-167.65907441946467
-152.63835268075738
-156.81021761463978
-205.53164763479083
-255.37675519445642
-24.911227943314046
-89.28749172341644
43.8519809212973
-73.1233799960714
-51.746224149013344
-24.082224018063926
-186.1999930389515
-84.1389330769705
-217.55349674856762
-250.1707049530375
-183.382275929765
-165.66441220559818
-57.06699220979685
-114.61517087424177
-77.34015009300443
-70.36139746597975
-88.66607102235454
-164.43239526620584
-257.30715214653395
-51.591940795635125
-173.50094743159832
-137.27098608560243
-24.596376783334705
-74.9045055371034
-137.67285983622781
-197.32724323755454
-66.31514636304954
-113.89261197691152
-426.6941831596965
-275.29409436850153
-124.65685584626036
-85.81430038429487
-45.63288702611972
-19.258021269767198
-98.79650683857297
-188.03595144220031
-2.330789999845848
24.536325590035815
-550.6029775783882
-935.8656690658
-97.45812679971492
-38.199769193593724
-120.8642814496373
-84.82665692357499
-140.5741050842947
-158.01105286731269
12.247887603018725
155.54147056370272
-98.21442404401029
149.97160182548984
14.668925231301955
-1.659412260549729
-83.94309877524849
-61.249991444236706
-131.32156411398333
-216.55992826779365
246.910272245087
14.4303316606958
-35.288366747001035
-21.12775311441746
-22.417063026733317
20.048035810918606
-379.421986249447
-70.26089088453907
-37.77665264879789
-88.05621683355433
-260.0636065015931
-129.1653415667817
-99.75397946818686
-240.2708403298486
-44.770617658770846
35.49191916041528
-51.465499201230365
-66.18605903626761
-115.82961736549433
-98.11095497514385
-160.9503927243532
-24.312966111824338
-328.75065701986574
-492.0366884084804
-149.2711222114665
-76.1822854222367
-230.73609199169766
-223.06978330605315
-107.46232952326203
-1.34637922176816
-226.21934137296566
-211.9106876543596
6.740479789501549
158.34004715188578
-233.64048467847937
-256.16459378112665
-34.35877553038419
-13.218114879755973
-19.87305416480686
-178.07932332036097
-14.616569771089615
-80.36218852321717
-153.80913321119198
-198.93619624250726
-124.15915838367403
-126.67820783393587
-95.97120942602568
-86.28166184488076
-447.9253894937336
-357.9643562948279
-23.7927329163321
-367.6255083942641
-333.8597960687116
-203.71959696525954
-232.97091753506527
-428.04107377519256
-160.806465184462
-329.35963051633854
10.285927635523578
-26.600970602395662
-195.31755307068218
-79.64393330609403
-362.7669140343964
-369.27895183364024
-377.3913608221393
-429.5506918128637
-294.168788901113
-276.16874478488944
-415.50597766545167
-456.47203557750413
-127.48003644917462
-83.32750739686728
-71.16370975278792
-2.1033504551310216
-243.05645498410863
-222.91123306779355
-18.82243619881298
-273.22019476435594
-209.6516335290206
-103.9099924356156
-167.96312565935756
-149.96344661639907
-103.73010958440557
-147.45709352878112
-75.07952026189454
-111.89862745379867
136.01817073307063
-123.699245309773
-32.76982161294262
-53.794588646937456
-281.6897222511376
-185.35943674158636
-161.54489796466675
-389.1089508407113
-178.08882637266967
-218.90243586856747
-194.46451279132657
-202.81325180187514
-57.85906738323574
-16.322644898765773
175.54033606419836
-40.11411979315214
-204.85988290389696
-161.09756139249288
-54.99826561216321
-43.534080107616326
-380.4979359058114
-46.282718608747594
-80.42755432353795
-235.79066050584805
21.643069279309856
-254.92320858589196
-391.9266179682397
-434.5794801261089
12.46511298420154
25.07594776803468
-35.82358037817558
-97.89289214344072
-77.53980548152813
-74.21107673195894
-288.3887418720325
-267.6592455887739
-221.06549133118034
-177.87799644852333
-739.3408764849793
-549.6452263753474
-41.765539080552855
-42.53411229896722
-469.98700603083455
-228.75337141485872
167.31159612641068
-80.7921378829743
-435.44794412236774
-466.69592156927695
13.29743719999668
24.427490655615543
-127.78402551584453
-116.48053696444757
-109.17900681784342
-106.30887796184547
33.41514312050492
-16.517050101190577
-148.77841496095812
-316.66907472414016
-29.310920754698472
-30.22424909862204
-106.5141454875935
-29.36029998438974
-124.57149899382615
-146.5933904925148
-112.00053732105297
16.80645258962899
-43.68414795029545
165.6339399354385
-113.12542436268129
-175.59927398857053
-106.27708207195072
-91.80291963776412
4.390036449403752
21.560526613944035
48.7511667077228
164.93546799417496
-100.70230243718885
-16.50486114482146
-62.68915633508676
-224.37826904826477
-298.9894743385619
-226.20805397651458
-213.6330042320811
-110.84743171788958
-70.65929916951174
-17.753620921365794
-226.59563415059915
-317.99793256989653
-532.3008991502865
-423.82606359107444
-0.9585354791208118
-49.475245542368214
-177.91729083817495
-320.1751501301643
-453.34312116531794
-322.78142697467945
-498.04174337194996
-170.86215436698075
-14.384438414887413
-115.80935539682135
-121.58284798515254
-241.8794162440386
-72.59959441491313
-20.74057319852946
-74.55900107477693
-71.23077083271623
-256.1883742913554
-263.9523646924016
-322.3549177470096
-270.4993312897585
-56.148331809422274
-118.86849713433631
40.54935472675356
-33.07497247098742
-42.487766516940326
-254.912743777884
-237.20782549821516
-202.18797849456686
-179.94614478076963
-46.64795049281492
-172.81619274073813
-213.46569837223734
225.57228367905736
-15.005729407359539
-104.8152866340807
-63.01728316977266
-146.94404803634794
-204.13593408926658
112.40097237508677
195.53896470764693
-133.99743274178786
-200.5212003448293
-296.84555076722916
-148.16260886991347
-84.4759498200599
-44.24826613867042
-175.32783203981748
-139.21675559255326
-97.23044913909246
-94.30980307509518
-139.20543693885588
-90.81150047968089
23.338248762540516
-34.751709752622986
-36.88744190882301
-60.955227099562315
-358.42745959543913
-337.8388342572815
-13.860162616694893
213.53326369243854
-100.36281086437317
-155.91480559783315
-31.564956248824657
-46.075012818795074
-116.410443235137
-351.08355788947324
-446.68462361977305
-657.0631569680265
-463.8775548675224
-425.5297542136454
-265.10171283738146
-169.83519535606098
-196.24734934669715
-138.93327161077195
-668.3251006868938
-572.7290279356951
-60.81779214833806
-47.29450931813093
-23.6480939944517
-46.47518200538958
-130.05148992777086
-117.23539996563053
-260.15991836907756
-227.44303308493483
-526.9584402613898
-318.7588514746063
-294.43914261277564
-453.4849942811002
-426.194905556496
17.59606280546886
-212.04046376806326
-194.02846597383294
-61.51322681714007
-63.98923603600093
-7.53791773927918
231.88667748230216
-144.85872196893905
-159.6195107883231
-341.70545963492384
-326.0350640682318
-42.05428058387738
-273.77891025673466
-203.41910901128148
-209.83031916668966
-317.48978342118204
-527.6665418575649
64.17820248159127
-29.809583139701715
-450.3525547284596
-401.3638759014816
-975.1200624948157
-1461.4648679981508
-365.9105149114307
-353.83660081633224
-164.5863893192882
-122.05771626790761
-48.396922946808324
-66.76155426429904
-45.7468543259381
-222.6562082523075
-203.33238664888273
-176.68654384510833
-28.376505405196013
-110.12777670951927
-62.32307898281063
-47.79248236487145
32.854974211515724
-1.1732485072709693
-0.8739026177219813
-60.848274703063545
136.82600476994224
-117.71892120153018
-2.6939742610238113
36.59532264857643
-54.689749873524605
-54.64518921427108
-229.0474345607586
209.82695194980386
49.40404382239359
-23.187356871655666
-208.38229682604077
-87.76974090597793
-19.94096102100565
-80.39201609755733
-61.47601434933427
-100.50438233532142
-22.521963295514325
-24.749111458781414
-156.159666195281
-31.666874454530927
-303.03774320139314
-54.463686508602734
-85.31406986636202
149.7644589604306
205.53925412546727
170.6376598146607
-77.21005672556853
15.14270544143237
25.90158482117826
175.27394785707793
-211.6436412818653
-296.0203403019857
-131.58789841901967
-195.22662057212943
14.598581011887688
-111.3967948487928
-122.81375463975792
-126.19527762534594
-273.40001308133805
-325.54325302142803
16.591208286923077
32.70936505236108
-809.8893337982101
-929.7045159719071
-332.4175104094936
-383.6830945619137
35.77956716844096
177.57267416262954
17.328099295814027
168.12877347830187
-503.52277992888594
-476.56007245416384
-187.878487765194
-181.32595732695253
-79.15663101184442
-118.96407821651192
54.15355611684285
-113.25326314205681
-98.67504780419434
-99.3701302617297
-129.5889186592339
-319.7844856156124
-125.84328793060007
-68.96392213693588
-35.90827124639934
-33.84951673036801
-104.81219492422602
-28.046239160436073
-156.80141506479217
-63.26328963306644
-419.61778732388564
-414.379490638279
-64.92222395637806
-84.59827605927036
-244.12658747381957
-104.07480608450805
-105.99150988508833
-19.8920248308563
9.48704782887718
-142.77586242186123
2.2013926281426706
13.364079138987506
-44.78880442801143
-26.747356283968756
-56.70548410546183
-206.81403491479452
-659.9779420401221
-600.4976196015714
-56.69671279677006
198.9118333899643
-107.38760528767679
-76.1399784716127
-91.40995860775429
-81.09656008156394
-101.04689864369186
-6.616695989808321
-217.96281621008063
-278.7258797045075
-24.68919178462542
-27.82064582531676
-242.31145713445468
-348.7901015685924
-272.6264046711076
-244.264612443847
-281.22524196508436
-244.93917947794702
-98.15538469949485
-71.11184221700776
-74.02306018229376
-114.05353997568226
14.099669746117229
-101.22027837138445
-425.8044934936869
-379.85700509637905
-410.34313697920936
-414.60981475739794
-85.09375672780332
-120.62036498135808
-13.257943967793494
23.89678262187816
-111.54277050266995
-75.4146807294275
-318.3577248628384
-299.02741868723484
-1.9441110650517293
37.4891635481317
-302.88785899204424
-109.190344545192
-55.26002731105564
-37.69390503222747
-12.46142455388852
-14.343719329939319
-46.21268633434987
-63.80930875084236
-186.33020936274397
-435.3999111169884
-118.32878532663949
214.5152551469554
-10.675502056847023
-191.04061127006833
-91.99307879868726
-28.727039121877368
-274.1872590436177
-231.40144028579448
-62.19933585329648
-227.6028604900545
-152.71768462265112
-161.59353319374605
-149.34415139332452
-99.01994960707044
-1.3150014583656997
244.35609218793323
-9.511220363040565
-70.22443957882405
-354.2816012939547
-116.93600729444618
-436.369089827989
-592.5876808361647
-426.9099644061793
-94.13790652017288
-25.73220635183131
-14.334028548861724
-114.29987671531977
-94.00345913345397
-276.0829199978758
-143.09860511774184
-164.8464077376854
-145.652082233723
23.32853587663797
11.307789812464918
7.578954385000941
221.0299426063051
-205.57904632304457
-192.81141808347797
-142.1366019152417
-178.61160062205423
-102.62444452312826
-31.27417910176618
-48.98908591598719
-94.66127558958866
-328.79288329703127
-109.70071950069025
-527.2287567581691
-370.71268828702455
-240.27609748420667
-122.50655927662281
-12.21732718185558
-259.5857268571342
-156.49669383190496
-126.96963246930665
-242.62822789186654
-213.80493482083295
-339.1571066501332
-495.00633450832913
41.53271749574082
-13.565855884250965
-230.3018740685297
-310.6861953158327
-53.912691471570625
-42.512500799585794
-1429.3585872689919
-1498.3693100916173
-150.0984593837392
-175.7401327241945
-286.1079506177573
-267.8510752695196
-223.7820634398983
-236.10803477568692
-117.27568978294714
-297.689700252437
44.044419919524785
12.806353296807188
-1.6965050109629658
-75.89228153863968
-103.31665452516894
-3.486852117247196
-157.75990384923566
-81.19404180625803
-209.97990540997196
-282.5739148976662
37.47708160641948
-26.972806477341194
42.18255799425859
-54.81794796695112
-117.24937923233881
-96.69353637434214
-91.91586650643482
-12.773916223279684
-239.97282512559073
-146.01822960760717
-70.04286386491441
-190.40995167270063
-225.30938531207272
-258.03457311821944
16.367020014006513
126.20953133334807
-110.85100985515291
-167.4377674543323
-332.32687449046637
-442.4997062879248
-9.294451075267133
47.319964249455474
148.80191995802903
-229.78738311026808
-40.23278026257388
-63.56173136421256
-374.4876725516452
-357.9899946727198
-631.9145549857268
-599.7340498749422
-30.859648569040758
37.7208038680497
-59.027629979746564
-209.96517244008663
-456.16816366818847
-436.51445870768816
-230.63557462252962
-250.12874516771691
52.080319320225186
-216.76641726731856
-48.205642961788705
-75.9741928956586
-1.63808789305277
-6.6051830408823236
-149.9711181376684
-283.09899479901776
-32.553411842078305
174.87219178732695
13.409521145524593
-67.75924812879374
-470.24825706717166
-436.15820336896746
-368.980095833045
-358.947088507376
-111.42609391636084
-59.609767118554814
-309.83647809775437
-244.51269520718614
7.858810210753333
-14.29290821616624
-541.074119404142
-247.8875172339933
-116.1436540188817
-180.64773446986152
-94.01036780005724
103.66435190194304
-62.35893130507469
-100.71213485842081
-295.61615419413044
-264.1580484511609
-60.51458192348368
21.905413956462624
-43.447766460191346
-69.35148205783887
-89.28735628934598
-96.88055180255895
-176.28584597323777
-122.6711035476764
-5.557544531067009
22.442473523164466
-189.4557078349796
-234.52704067925188
-135.20316083689895
-134.5817128232929
-81.4483356877152
-94.31550470507783
-0.13123074389720557
14.445779129226665
-316.5883827087015
-132.03336852450562
-299.47622403378193
-72.62511896322582
-177.9083857947127
-158.64431550643536
-443.1592127946968
-548.7002210362339
-235.43118803506738
-142.1598040625042
-28.604469410969998
-132.79202157907434
148.13437808020478
206.49410662200987
-214.94859093310663
-131.4708960552671
-124.4452452359634
-170.23550444335126
-242.1449301253893
-258.01522515480593
-345.8367639157831
-318.63460468665414
-294.5910039911399
-317.9549186535845
-72.30121744192652
-44.47511124497218
-72.25375160618628
-80.84127730411197
-51.09640817669144
133.30894702706493
16.15527151461147
-14.810554187206094
-4.549058340050834
-40.805893526976206
-96.24925250729046
-64.77345508396529
-368.4159768259383
-367.1139778978059
12.830311618866364
-86.83276168848587
-63.80410208098344
162.61687656507814
-568.970171621545
-24.130012174035755
-322.7975064851656
-140.0379601910435
-279.1644639408312
-276.4655759031015
4.202448193648607
-172.2074724483089
30.63458295087716
12.527518037763798
-106.94189810643783
-93.06725339746639
-142.30350216451632
-210.26027228346322
-329.9785718758423
-353.811341764593
-176.12879086458247
-227.11938356727637
-273.62574879161957
-301.72848861829465
-271.9701110925165
148.45457372914308
-209.01153111035927
-104.57892819171468
-79.10239600324266
-117.80079161081918
-455.603750394178
-379.9587576157345
-231.5939622543392
-212.34335144059762
-29.58403700787437
-56.91621540696974
175.9201687357647
120.62229273263172
-64.34145271093904
-275.58305213488086
178.2648273388646
-60.48641729179634
-112.13398433836815
-56.28934340709868
-183.62266180366638
-313.4815145888848
-141.84180398078848
-98.32219243673845
-35.02026597413388
-33.001573963196776
199.61369331476408
-219.08244496432928
-56.88892904103163
-67.90689383604953
-352.13283891821226
-374.6011408641858
-81.75064444836735
-96.43321204510883
-289.9161260578787
-206.9760632387478
-76.74723689349315
-103.81083028318986
-77.55377982380904
-172.0649076324093
-17.695485626163318
-26.46248947563521
-7.714802021082036
-35.8513795886134
-436.3625863562871
-346.30486982620334
-20.27867103366603
-30.7351406682605
212.2621874881501
-43.279195838185856
-158.60645567933977
-273.5151127514257
-43.46215733623738
13.257492963086392
-169.8945783988633
-273.8044833243315
-559.6298698405585
-593.4998948924474
-92.77172170703922
-143.72461183988545
-568.543001293095
-332.9198495916419
-65.5232598529316
-102.06529113951683
-4.100859731267391
13.451919377269633
-94.21645266386278
-82.28354906762878
-115.31379123917353
-139.55361415979883
-99.74155700558086
-206.30462195939612
-129.4615472083541
-69.13886892663317
-118.33036615571481
-131.13445877148706
-70.1402611197355
-336.7746437734289
-30.773576299185578
20.755619779514475
-212.2583069822973
17.267488686892477
197.3007433517743
238.7824265772701
21.746226626576544
-169.41691264073063
-42.65645058670633
-57.84422419996681
-19.851045646199168
-37.190278239381406
-87.91073628604485
24.660315064285427
-123.93590187059355
-172.87690688007154
-214.07847497935018
-177.17575441656157
-45.517214413332354
-117.18902171862442
16.96152240140266
-14.48010932747502
-61.80926000579075
-8.153531691955237
4.888224002543069
-13.52880440531547
-20.369479628759706
-52.757650022209965
-375.4056824002956
-351.08638783377074
-189.73377267099573
-173.88531719742616
-19.409208141562345
107.18374670438583
-416.7149824964923
-457.7201123013267
-401.4736041408555
-567.61585838125
-139.69016931160888
-235.6647745022226
-256.5799952409642
-166.85642290534787
136.84962610844747
-145.75013343210932
-277.6070943001582
-108.33723586962856
-387.29977385219917
-257.2742276914669
-435.0574837131003
-264.7152385406254
-90.34088916762924
-117.78770763590688
-37.96636327747318
-53.708100272943234
-660.8948307287902
-728.8675395897385
-397.24175288312966
-498.1771811155474
25.881288559896745
-201.49380963036117
9.280707124785607
-7.732843164138899
19.69634980115636
2.142003389977944
-560.723750917922
-338.85464560694646
-67.20479585637723
35.41449431378496
-77.98052967573499
-32.18116545417506
-32.49114645414669
-130.9300836694534
-127.08489029939892
-190.11082723446344
-61.587747808081225
-68.81726741092898
14.507129871462183
-16.555961518192035
-1.051891254534553
-5.891658027465908
-11.954811847426214
-65.67645608502566
47.1727598672465
195.98302662284954
-140.60173421988836
-283.17657968917825
-102.60506912930285
-44.77060359631708
-105.49023393576985
-47.17947785173689
-175.26122269676867
-199.80232145897816
-589.2657043627064
-300.16535250202463
-218.36849567138302
-439.72222768209645
-219.64673227370062
-245.1577081536764
15.909261340728378
195.87265248188876
-283.3871799693129
-45.62961617066469
42.01342357409652
2.4160370096468142
-107.56305467007725
-140.51597410080154
-114.62272390398651
-93.6831428541345
-95.85887281864449
-162.8976926892835
11.816577528683055
8.325760918199066
-589.2692847494017
-631.0375418340016
-228.0206631352892
-94.86542123662842
-21.72930540167428
-16.21040403935794
-91.3487883458589
-44.86558790062697
24.4441582200308
161.65067705883095
-636.956116415604
-555.7840161112546
-228.1455343575678
-197.13034507617482
-496.7925226684974
-251.32626136669307
135.79650587768597
-273.51911854688547
190.4418508036969
-19.397029977871824
10.202354545390179
23.333360320578123
-392.6593113876129
-522.190266484024
-104.20417487234549
-105.08276337160072
-272.08942642811445
-243.39725238393692
112.78544317237643
28.545802991956634
-72.54249764863471
-121.00563810152056
-284.50097114151004
-371.12539280765947
-419.3155267191346
33.04826930624091
-258.3440972285954
-134.16564662903
-13.950748924373855
1.551340004012232
31.511214982172163
20.961458258920715
-15.105027819878117
-4.3355060073871385
-193.54312787591147
-146.0729438292446
-171.71192042023486
-47.90816398325432
-477.54740168955743
-745.6849922850696
-36.96587845279779
-38.84953446559547
-455.88401573922124
-10.598675134833712
-323.32543880041294
-448.3038856151521
-133.0936815167049
-49.57794706449728
-174.63986365497763
-184.7410373206074
-381.5231084372958
-352.248238281648
-209.08908260728546
-195.75692172157807
-181.3021910082721
-220.81193369570343
-61.28783306035996
22.183211562228422
-558.8134464167701
-593.7049511890322
-303.84786245758187
-61.134231209845744
-144.78555460456067
-187.19748401722904
-256.3213437296172
-118.80986202734533
-60.3774948744859
-47.05708719838448
-6.511474956904308
21.74859937390694
-338.35532980290424
-383.9147149900673
-533.4409039793718
-517.5806286663952
-40.82744202935347
-407.88038946648635
-38.24370805931946
-30.54985621018416
-77.5208850742631
-192.00305384445954
-104.0656596691
-104.17660196072217
-298.4224950364247
-251.06861085915634
-195.52067777013139
-197.10823308016757
-65.47546402472213
-289.3407912623803
-69.95038422315514
200.44742566294502
-364.9484614197276
-180.22066350807233
-283.9363256940236
-293.0940672590518
-69.8433998758356
-70.30545810256956
-33.152525742092905
-175.80582812228346
27.611670613846854
15.731361600577998
-48.71749436224979
-92.23271113416993
-120.78967910096709
55.5716957824215
-63.80497943518707
-46.27542613841823
196.6136351378527
-2.569966183456728
-326.6832514531016
-391.9842964798095
12.85293566716166
-95.04597201728774
-88.23560127332475
-14.187526074883223
0.9356961428930077
-20.766872915429246
-254.15784802699088
275.2090793372439
-148.80579082722286
-339.7054528272122
-260.1184338727038
-9.115313691504753
-65.11381412082784
-111.07141469608605
-398.73537638552875
-347.4352967924365
-423.3686079224738
-335.6605168305059
-37.089003560928326
-8.041629373329727
9.585669880983446
-111.52969167300458
-76.47189325598353
-97.3874012419377
-328.26152298989854
-294.1084174319933
-164.51050836781263
-149.17445220736857
-406.82886848380923
-62.536142409099725
158.5825537456348
136.62464300392458
-92.67861695236454
-44.33897159698218
141.0796055949286
229.089009492606
-144.80777897487482
-207.57856076533176
-341.6107043330042
-335.2095301925488
-217.94307190213644
-140.61162310267196
-176.6182832769642
-198.8762422051573
-172.3741456384635
-227.98707307386266
-17.080730677887434
-1.96522340952815
31.29854610514812
-105.97390444506703
-30.409183155306806
-22.543925766633862
-254.01269969006975
-364.5299056170593
-303.42613556434304
-223.16715673468548
