-935.991210199208
-797.884106214265
-610.9503344426893
-479.60728696359774
-752.55507083356
-440.0396417907984
-598.5764061751483
-626.3807995829224
-105.58949241371683
-499.30036451829085
-18.27097922477705
-67.91832827192044
-166.6716960893043
-756.3324485550122
-127.62511071613808
-246.12920354400933
-647.8468283055024
-729.7578162206452
-759.9854428400445
-785.553256253045
-593.5890144407491
-344.7623796746677
-434.8290402114709
-504.5042665498857
-95.12203709841911
-107.37789203269064
-88.0163678854505
-117.57044171928132
-649.2747142355371
-612.5445982950388
-198.85045632645677
-172.25023973090074
-303.63094134665266
-306.06591465142145
-252.34557025347928
-362.2322431708974
-36.878033425728304
-186.61076867616373
-435.9234980229261
-526.5853083850735
-632.3805815842767
-316.2145773013565
-338.9626466970476
-338.7466099120734
-598.8137238917058
-670.0471740026171
-245.94893168690774
-356.8674441872703
-745.1020630808049
-177.11896341081257
-307.9541882955132
-261.79922417436774
-393.2312404273365
-411.1350266030761
-238.37948408370337
-557.6243370030443
-364.99726575729204
-338.3568631900092
-196.30508161147475
-284.9580364796253
-422.0783520702914
-525.8143710113363
-1078.066909472962
-864.5002627310093
-391.6748366384276
-501.41972465901546
-731.1284314203231
-671.6189056232366
-740.2265258616994
-345.9464553098629
-690.9300811882371
-737.5910320252756
-658.9479979415444
-372.7149016807809
-183.5236488195963
-207.83115970804337
-248.00008258827805
-204.41014984924655
-716.5944309081553
-119.08397694235077
-788.1334846090156
-223.82338325735753
-623.570688571734
-659.6406127616851
-750.2327709187134
-460.32475874101965
-10.895399056949088
-125.95190866268076
-56.616164748105355
-319.8402080360805
-145.65159675268814
-277.97697875674066
-252.47973256523187
-245.18178108637335
-440.1085894709115
-387.84151012124084
-129.67420606441183
-128.73940859304383
-234.62435198560217
-309.4065562071561
-141.07499920869034
-121.37305911329304
-897.8580396231835
-893.9463522726422
-392.7338266820367
-398.7082108645427
-119.86920230526361
-136.6464777871201
-337.74445145774666
-364.5636544409453
-107.62418793919167
-117.52448743518335
-154.7171850039616
-146.34581033455106
-487.96152329211725
-626.6712030596542
-426.3793354307694
-648.7697606378437
-156.9819306051449
-160.42437376554517
-460.4166695218902
-571.1336882879502
-116.1475758825868
-154.1777619777754
-450.63742447880315
-601.0874045034393
-499.5192936913549
-674.5308455797644
-415.5590647564446
-510.16066132578356
-60.61732314245417
-83.58487356869502
-173.71109133789489
-191.86677761276232
-508.19348373504016
-435.3488252919762
-457.1768329603714
-781.8903479681536
-355.5256832226638
-779.683335505394
-619.256010001852
-141.40140761488428
-800.712248145803
-543.992425257434
-735.313303750101
-676.4254080400184
-666.381203871083
-575.113064811494
-396.0271750118145
-411.4797847706378
-522.0052654720813
-231.2867064457043
-453.96574806952196
-431.47519359734923
-163.78076099710376
-121.98344761074749
-329.68881769476354
-76.69227690190483
-281.3391723882023
-699.119209631113
-148.88494527836855
-164.48959458513872
-443.9881111810461
-521.4592487360615
-725.9638014426757
-761.5890298309918
-418.571676765036
-443.56442073668927
-628.0609952891518
-599.0784947017091
-480.47006133970586
-449.3894692672894
-128.12007860141907
14.108160274718813
-901.3900266489156
-567.5616780525572
-747.6228379865668
-596.7535223559564
-688.1832012891207
-583.7003882180893
-593.3726390392194
-457.22194893751265
-259.55393853514454
-207.5874273525944
-253.54747059352164
-440.21618201540815
-491.77722321831243
-406.32602191293654
-151.62732308856204
-185.0433434838676
-668.7952563901691
-265.61598664213614
-473.91214437504993
-799.2894443964489
-821.2207439569161
-608.426389586341
-219.08508977703525
-187.3817349338886
-450.16627120331793
-329.0364013333025
-243.8978356224472
-303.3093913299093
-207.8582988949158
-64.19888538460481
-515.3366228233326
-711.9771385387528
-263.0848313846218
-320.7633199189577
-619.3940983266319
-521.2466211878938
-284.49934062239663
-282.0668318259364
-496.4576982745432
-351.5829703052203
-135.30512959861488
-246.033227140359
-205.42412039735189
-305.8576941057191
-67.35044451133325
-142.44096896827847
-538.8362046583457
-568.2580982236625
-154.60931562137756
-132.70475954093695
-165.56712545104352
-111.57780996461375
-193.220421503338
-307.8036412050085
-408.27564677368065
-374.408096742392
-345.70559674031256
-186.2083802512367
-298.2484090874275
-201.64498327663034
-684.9778492911925
-534.4955226099617
-140.2299769824126
-130.95363060016814
-567.4360055397199
-174.47166935115865
-278.3588510215068
-118.27046096743008
-392.59320913306755
-316.368485292738
-131.06810759806092
-104.99026748347197
-302.64184420979575
43.43978989178993
-159.3630367154642
-185.67753575383261
-35.1512831525923
-388.79228153198676
-562.1057826563597
-59.057791915620115
-477.62249607974456
-743.5801519742192
-250.7700556283451
-160.440693959626
-584.5852515369324
-654.8350089008095
-164.67488027321602
-164.45589733590066
-741.3814475085217
-665.1907382421119
-257.7907760648409
-328.31304582407626
-365.8796725627307
-359.52561615008256
-745.5914526224266
-128.92897278834403
-103.89782633729969
-137.44603887391816
-392.37107527282944
-506.6867056748685
-168.86110048201678
-64.85893938156256
-409.5014193831023
-561.5987189845252
-105.22475936299415
-57.052478333620584
-134.91946219840443
-117.42992597307148
-619.6398261402993
-629.6870761163806
-292.6558664419824
-256.6826358239036
-146.8695880879553
-92.45730753409397
-142.4018374129932
-181.1122371097149
-459.3550268543304
-235.91616718167506
-286.14106830756253
-255.0309514521061
-140.66728720555204
-167.45263516268494
-116.16656275003393
-127.29232663984067
-180.5387527135534
-193.05392459608288
-697.5208794502925
-337.86690277427124
-293.14719173062883
-313.93874760699646
-123.91261862527634
-300.8312661735892
-721.3748354802848
-595.8108408176557
-169.09193795403763
-258.68523017907614
-698.0943772936597
-719.56805829228
-151.82503263397328
-164.89952445140256
-563.9233044179247
-619.2559741038324
-308.7102592091427
-320.3519323172068
-49.25285596574015
-114.47461373238328
-317.0450209785496
-598.3464702970738
-308.1861137984584
-370.4611844593856
-63.32265095365047
-147.6627920011395
-82.90792400040935
-231.63690795604109
-133.56850166802028
-50.75062448183269
-182.17756158093977
-218.00591260147428
-118.89992674574083
-43.80056627784274
-73.74418573642103
-500.00800202168324
-140.66535059154896
-290.6991990327796
-173.9290976289505
-140.10953041299123
-297.78074225223844
-204.06334805343212
-63.30619872981312
-86.0875834255803
-207.6433378836172
-308.91163617652967
-565.7672968571583
-642.5193365828317
-308.23932093602457
-352.6648279383381
-306.4966117855513
-354.4018755128953
-271.66327347848545
-124.41468505429216
-384.7566860652946
-35.3089440743708
-88.677348021789
-93.30411095192568
-158.41508631495682
-84.61707507691325
-547.8741581324031
-513.7989180007319
-155.28739444687037
-192.59745067083207
-447.1561934316699
-524.6393501516602
-145.82292530865885
-532.9895476552911
-760.9283145044478
-318.9449325267262
-501.85520706629876
-325.50291948597396
-247.32131927694584
-260.1243051088963
-88.27301172530504
-508.95659746399315
-713.8339855388693
-707.602863408587
-541.908359992135
-327.7897635054212
-18.992024091633013
-96.44534915931422
-164.74634279453267
43.397700105554975
-183.07464685730804
-161.62396313311024
-492.5503493723521
-124.65799207652236
-216.33299726677564
-542.6219072005466
-109.32993417183997
-107.59915842685587
-232.83827168139902
-191.19284256583143
-695.1878293079795
-110.98833720862955
-219.01836243122926
-294.26146768230655
-361.61707246517136
-407.2988724293126
-554.6361838266084
-54.942006311116316
-75.98215771806376
-192.89377242306546
-297.9864435986807
-592.383282875352
-350.6174403294581
-230.5990992669277
-584.9491290155131
-192.59157004884975
-503.568241458181
-324.2591617560716
-375.8710545840479
-21.55245331947725
-240.17753502267985
-281.47315195632007
-710.7915776105032
-161.18757541994745
-156.66745722052474
-164.71367859312227
-73.81042024860702
-54.583879970550484
-695.679125136291
-661.8055226832943
-90.69640982896624
-163.89240859792272
-386.2834472118028
-322.75498294436176
-295.74908936552805
-295.54494486659354
-105.40572099571789
-79.70504088245059
-95.85134151263489
-149.9003882608968
-272.0196339942495
-375.4454667987645
-402.4591642709759
-369.9654055755973
-648.2563787699025
-98.22817236640756
-579.2859096552484
-577.4019070794177
-269.1112266262714
-190.29483549144692
-258.9822151852283
-323.0743466336059
-37.20479081345188
-130.8725457156088
-424.92378245642453
-649.5850157624645
-76.42588336626986
-155.69410136167943
-58.677652149453706
-99.85692885303853
-106.8687226881673
-54.74170061744382
-578.5818046634449
-656.5209382979122
-98.1140062898588
-148.33361776754873
-57.635787355215314
-146.88903625321808
-130.33642960449853
-132.5585668252457
-273.4218824949821
-547.5356118739749
-138.93692203760648
-224.27658755898477
30.144450709536386
-456.1590075722089
-487.34435994810144
-555.2967920967328
-103.20356391851502
-131.26148303762275
-173.01115548507653
-138.35606156241732
-631.5841082659634
-236.904234886864
-314.4774028183796
-211.44151279640835
-50.9542781654216
-133.28770233605212
-12.633659785724987
-212.86249140207815
-15.973649938781094
-377.2871385038059
-456.2702715068482
-551.8795153177141
-167.63034071830793
-115.65540491504304
-111.09717160742296
-378.2643784749902
-756.7161430365163
-117.14688930280866
-530.2650658753935
-351.57650520997424
-473.2415540555139
-153.98689959502593
-86.46545385336663
-405.30520781596624
-351.79830040794866
-495.94763598720476
-110.03099445201232
-101.0772437322049
-227.82198096217525
-150.77165620252504
-367.3253623383168
-261.734482197645
-68.42420901363776
-38.90272872976864
-82.06881337117684
-176.94794813945393
-262.51734149438744
-367.2880770370561
-330.00753448833063
-353.1137585765539
-545.6947641265062
-654.4202622061223
-186.86268003496096
-223.39495576024598
-314.5170873821926
-293.3178742209699
-149.09792030591353
-149.10604385248223
-250.37316698741793
-323.4181333039155
-213.4600637243954
-276.66802607922966
-395.44694264458667
-282.1450337008883
-387.4997213078874
-259.5481316142974
-332.4010576264766
-338.688752806601
-478.78148938283414
-57.64321287165842
-512.8367055380459
-403.46391953669
-147.92975714211423
-227.55486362008884
-296.7504615119291
-361.4115687638867
-410.03008131043055
-673.7664333810088
-141.3333040094786
-105.50647491285878
-540.4616691413878
-885.1391023281615
-140.49156727128874
-128.25807168007236
-442.17289856826403
-264.77076063212695
-179.82862749233064
-166.95559372987938
-659.2303281694424
-553.2981579610614
-695.5322721951877
-748.7590960623988
-216.72574962236553
-368.3278685692667
-560.4998107634627
-435.8648042997495
-795.262582842238
-772.8237023733951
-120.7438404914675
-126.1789909623966
-388.70363545407923
-297.15130991270564
-142.33030484825872
-167.06214782709048
-343.6145839087735
-250.11428970352628
-511.9632776138007
-484.2274778670989
-553.1297318024615
-498.8837764352752
-551.1208395073205
-556.5877248884692
-178.84806792939236
-406.821519164464
-125.21834053109004
-130.33654915506264
-131.3626230079007
-146.7188734173158
-498.0319051498789
-610.5205174074688
-299.5554990010617
-792.9662217218189
-742.2460723668397
-647.5296329738908
-244.7827785605229
-349.2522876653196
9.508389640399074
-61.10735535770981
-606.4791112678902
-185.58850675270543
-251.07533307035555
-144.72773563555444
-176.4501945449869
-257.8115623952002
-60.09605068087078
-326.8042175263163
20.579964193757874
-628.5878622670492
-67.05838391203716
-120.9960495268896
-176.39290893229742
-252.04564275930946
-340.73089307914336
-335.8313870012644
-230.14160322917385
-224.6973273939457
-328.29251968267556
-81.48430666190406
-168.44728410753692
-557.7993005811878
-194.87137978447873
-143.67558846395187
-309.57670339138554
-69.56753855809063
-387.52794560872707
-400.9897968953409
-143.9994313294948
-228.28411374048395
-166.38680005166407
-228.78831143658473
-124.49281341351107
-91.84098545283595
-433.18949701911043
-449.74563066583363
-351.4562017539382
-505.98978907340086
-19.95114689795301
-196.3336066413765
-250.002084423149
-330.8696691719016
-540.4177788085565
-373.60201194939015
-207.47841211111125
-199.10321674377712
-141.08729076762918
-430.4831201107851
-246.66029642119204
-84.212969351093
-83.24255302877006
-142.98864626943305
-73.27189010303923
-307.9966892563586
-153.0258896392968
-182.94373962730754
-101.75412447547136
-36.26910853901856
-43.75150389487168
-144.7398862047213
-727.8177030927642
-141.57440948626265
-421.6447795723858
-470.69937366753595
-184.37220753163672
-365.1758830274038
-144.96455274691291
-137.58182837154854
-209.43216745089012
-166.04275700244756
-361.41509254815344
-457.85103472638286
-161.78223766297063
-196.24276367747242
-399.3612519923634
-187.845059599882
-70.00194888785207
-145.12712958021262
-464.2276233998155
-538.52016371196
-306.08305733370116
-94.44772741176709
-508.92556424274346
-486.9027563318495
-395.61356087189654
-147.3894950352732
-254.96808016257728
-372.6920904720932
-390.41159235752934
-337.0687044762658
-344.66996298549304
-347.6467410632159
-63.381703386911056
-122.24359750302516
-613.1060671012928
-562.126691809651
-618.6349034440243
-122.8556578186063
-103.94569213718904
-441.51170884255333
-172.89369363246522
-128.75000119837068
-405.9438607666515
-516.3662417310344
-596.4069603899434
-569.8186160914207
-409.51436906877257
-267.34667667759334
-74.62308717025755
-112.76083807102987
-167.44249102429816
-357.56102986264466
-111.03486841240212
-118.96572439369925
-211.4509307127831
-27.14630184684019
-54.1971271225426
-223.09627958940683
-224.19834035904512
-34.643330912927226
-712.5645855497172
-806.0290678399721
-91.60725460737956
-108.92457813587987
-406.42638238509926
-476.14272272765743
-143.25369053247542
-126.2835622307538
-40.80068793555229
-122.0583364877796
-202.5210452716839
-251.16996418432592
-60.24530970221668
-138.06114004319522
-233.77730666901576
-133.6475813756369
-39.87549701528677
-540.0246338795998
-118.98768984617217
-411.24644213334136
-684.6212353461776
-730.0205696341412
-702.246353020461
-669.8830784137831
-117.75248510855953
-118.37501020371027
-100.8765296718217
-123.75356631381749
-144.46026093776595
-183.63445942167877
-37.97741845353107
-281.9632146865422
-84.71070632439461
-115.93552095816891
-512.4724307760519
-568.8207233804703
-403.31033569019144
-119.14834722138662
-133.84608398689778
-258.4848332774701
-337.324633803055
-322.7490766758244
-667.5758089204293
-446.8744846020707
-114.92151338885749
-128.57448666573308
-127.01140898428432
-66.39090322985149
-476.366384933869
-464.0296325430136
-170.76039947255055
-161.15987212102016
-558.8107217773156
-351.3233680488184
-467.34759857617826
-521.4714176030396
-99.03896700422112
-142.24491958992382
-578.3162402861776
-594.7791570702112
-344.2175593322494
-32.79714449241183
-263.36568278709643
-114.84237397586506
-241.7214135103227
-38.999846033256794
-136.7922014661362
-119.47120566504216
-21.721575212782
-97.40361840723462
-556.8687187332619
-599.7797644172902
-166.02925246831012
-166.3981252838326
-280.743462345313
-182.22523895661442
-443.50804548505903
-105.4527379681133
-596.1415508278324
-279.90820433967605
-224.58167517036054
-121.09182274131506
-555.9496143442333
-566.2942323077559
-295.67931180912296
-308.9699360176252
-144.49130981101715
-176.2848742757197
-143.20202342828873
-145.2100412105574
-82.09154468110114
-136.7896681108163
-112.71059954984717
-207.7302202741828
-316.5969892049734
-129.55553707619939
-348.0339364677615
-409.402671967531
-276.72819608515863
-305.49604865352353
11.006766737355335
-63.15782749835086
-258.8722785153546
-62.39007166487765
-218.6906539704988
-187.11840784758587
-458.2212064703926
-450.728355551287
-206.9814965099323
-143.36252360382505
-125.95801963004791
-222.6175014403953
-469.9391682142741
-707.9780543809798
-410.40488465874455
-217.9449186991539
-259.72541382401147
-302.78124373179173
-184.93765609917142
-389.0788937283333
-271.3803107616741
-283.97236663953515
-126.138426331781
-84.22022703914448
-131.48696809361923
-30.227323500468742
-104.02285142589724
-406.56024639597484
-394.44513679948614
-72.10563872213999
-385.3742091013443
-315.4243743121154
-216.26076544276287
-283.10616724204135
-160.13956358539406
-351.85789959745136
-160.7226637805629
-168.0903647369454
-160.95054035654388
-203.03636878687814
-272.30702542106144
-310.807216235827
-328.70695274053946
-620.3674988377302
-270.2535350602061
-285.87881193634394
-65.6160436206027
-50.65379744411029
-135.56212746882167
-161.2219414607644
-110.83315763537901
-105.09943939103454
-486.9343489674123
-580.0257569287462
-207.18333899782345
-130.85025393375685
-277.43375735078115
-90.68489178914245
-143.7318737217919
-157.25197617102046
-148.8269162635741
-157.39599214414437
-507.26687821287766
-312.81273882215044
-803.8613850728311
-121.69678650582202
-120.55302598888807
-206.3442447262125
-443.3749690899848
-527.4854437395267
-209.00568753286217
-243.74178095219773
-167.02617919011846
-328.3386337529316
-161.67129931337809
-296.2468527347261
-369.85305687003574
-411.22519301930265
-148.48477922280495
-605.3494359837077
-84.8190129731071
-216.74367495478833
-91.12154664446199
-103.9735783766261
-145.61925322524695
-276.3026231345284
-294.65972410757684
-290.21400402620077
-198.1136184256202
-155.03258696090646
-249.79298541535366
-292.05136059703216
-291.76429247396834
-512.4248465032157
-190.5546883433578
-48.95958631954569
-490.6038089437383
-318.4958485379269
-160.90868269075045
-82.8029125683137
-361.9613107144039
-328.75937649631453
-415.7891389279788
-483.2582638337943
-191.48401787141307
-162.44286383616964
-179.09646803852598
-237.20853592625662
-267.7756588843939
-26.636966266666278
-149.91942993847442
-124.89665718554059
-148.1719858248987
-180.0137287493839
-233.78891508712042
-184.71929350318365
-128.12354277946486
-146.177786434734
-353.31255424490587
-546.7463838453809
-66.1335687133516
-164.15506111623301
-426.08609367206077
-483.00665983853406
-231.2785790749273
-84.82838334318511
-379.0289091166929
-375.5683373327045
-405.0868187827841
-340.3316011336084
-141.45543357350718
14.93909859040356
-105.7643088685378
17.550436780763533
-109.64921349876353
-89.60139440627118
-434.62535778441935
-346.320732995705
-149.19592499056057
-130.03346293456755
-538.7084600122487
-713.3546786275577
-104.82222800894628
-278.43355776700855
-234.17695344981126
-251.66072670984178
-169.167365452322
-195.06098796438386
-166.54876349860285
-288.7944652683433
-367.95089530063393
-558.2899037565021
-118.41767436844789
-99.52899608792292
-153.01247408128813
-1.8467993382248977
-185.21253645207358
-141.27964702879862
-317.06314273455683
-65.03762049838255
-237.3759820030978
-656.6523444580438
-548.161560482732
-558.7610065965766
-529.3983922457179
-505.9632551599928
-126.65362181682316
-155.78749226382854
-307.1591836337485
-94.16956692846595
-218.28233870277893
-113.56498438050373
-128.05880995717723
-210.1164494080328
-192.66987559709008
-221.37734254822422
-455.15867697493815
-393.25714158525807
-198.45726425747773
-157.20514603398027
-298.1101429524484
-324.69983543451167
-272.3825379539876
-220.83007123879491
-123.80614223059084
-265.5257170965652
-299.12067078020834
-115.73990903889118
-580.1935358517067
-203.1201414981685
-427.5867465642561
-233.90131040535815
-247.99586651701972
-223.20621395347658
-321.6787931210595
-515.9945141401929
-176.71566616609542
-257.1454644208619
-249.4359856211063
-436.9480522734327
-106.7513642401702
-116.6825191511419
-237.12269333121193
-143.61075981707486
-647.3062915676599
-473.676099071926
-121.89073674003205
-300.66136252383274
-279.0739805569783
-128.38919792184697
-227.49349571866136
-227.41761889376454
-125.70114024481762
-197.98954925470997
-386.5523299004609
-288.2485830642876
-89.81325664537593
-226.3164885686458
-155.79428340389182
-302.1889077087247
-102.09853636036158
-104.9993340261012
-270.8838617060864
-220.4765897639531
-520.0972312899833
-166.91864699360588
-405.7970813217035
-334.10848814979136
-429.0951618162782
-385.3829739347494
-149.9652738710966
-131.73812400130288
-203.0142571161434
-294.47268294985156
-81.4339127374613
-533.6401673154569
-83.86020232398732
-145.99638592401664
-190.4756445312263
-348.6123695393263
-499.48803775237343
-342.90576548670504
-626.7912966045353
-694.4563248124032
-713.4390424456614
-595.4973049327039
-564.8047367484291
-606.6229271197022
-82.26447859218544
-111.87268186112072
-346.2402038125699
-42.03899252819542
-171.4909955937697
-378.11368840815567
-394.7437217463799
-360.5247864384923
-329.0104824333399
-436.45205777530026
-131.5637724891262
-52.81406593470783
-274.09009420603076
-158.21046724500286
-144.17348900837393
-116.47060405637433
-756.3147731063316
-773.1409786703489
-229.83541735229437
-140.2887558816407
-147.50116302579465
-198.56056374695294
-152.16492970980815
-73.96242943595101
-127.06296474348554
-331.07336059317527
-136.06679612339664
-237.31318840008586
-206.59539810755385
-18.530789507236108
-114.46867574226157
-132.0855445303737
-632.1220729135428
-620.4081144063016
-272.6418031087105
-572.2232240680348
-153.52857436625274
-163.69849530703527
-500.70181605860023
-682.3649922186969
-476.2656080388742
-27.262010274320588
-239.51566167489312
-123.68875165764547
-404.8286360326843
-430.09428098471193
-711.5990427070008
-638.5240411191819
-527.4519744671775
-540.4425870652685
-522.282173584262
-476.81127443693373
-312.45713155562646
-317.90529004481016
-203.00472097227566
-122.27199930120844
-325.6848841403754
-315.3497131703134
-95.58958371646034
-262.4088399321143
-365.97409892586916
-251.888414751325
-104.07608830513307
-146.93009565029504
-270.874647442453
-145.79400790436597
-313.10610757160566
-163.1716060612369
-143.63484402297138
-142.16716459862778
-819.6321406867015
-787.341108882193
-649.5173651922004
-644.093589032273
-135.25630883360475
-132.4096705935861
-152.49700025039604
-186.99318937927308
-203.71230031383232
-241.093781857451
-140.45314103884434
-292.3004089028482
-152.375007881888
-206.98718944852203
-286.0139272134047
-262.4283659868599
-364.50194508276434
-160.1185284819879
-301.8051183864194
-288.7224101690233
-117.83597460442232
-105.52384819504118
-122.31007490759069
-306.31746824130346
-226.1334665693587
-375.13472527023777
-201.8730644957697
-196.24660460490566
-123.64918345824333
-125.74135067798014
-319.59400479210973
-378.65126834016513
-389.78116441659455
-279.4920689664955
-241.91443508629146
-255.23285980209965
-119.68347124174232
-137.75651341253436
-235.92947168831577
-300.3505670993328
-202.30695802849272
-123.53848879388443
-159.91428259146147
-127.00430484542376
-237.06201812479193
-184.53740439231808
-57.37479080935856
-97.98815111066091
-136.39859687243091
-607.7923930531401
-66.31848454181886
-136.8567390437315
-35.71341388820393
-704.684094292012
-338.4653869543197
-431.95741102121315
-284.07224959926054
-361.4470845099305
-504.3247490272478
-643.170067528295
-565.0924897960963
-196.69862058698487
-281.6221610088827
-534.2589403702339
-39.14614072128609
-477.9297254813117
-746.4407242673876
-736.909389000834
-85.8275973380014
-117.51189336955431
-148.9745894562557
-96.55559158614511
-272.32504184204083
-396.0451882139231
-298.7769340360211
-0.5426111485080156
-248.5653746320024
-81.42441860020877
-576.0569232961652
-229.50949777758177
-369.4747344471296
-388.3516175758096
-194.90032265990882
-91.79179938170189
-4.653648256232174
-163.41345204152105
-469.23075284760756
-358.8297772014447
-417.59839609988774
-345.6922432759794
-97.88760140237157
-177.0328643197975
-366.0441152929348
-475.94448347040077
-303.7588846929653
-119.11036262607051
-430.38287347064596
-408.04771335689907
-271.0406286815132
-347.63823018571685
-1079.8608793826684
-242.56050883520783
-128.10735928304166
-99.47382924494606
-93.20860431029678
-762.0197243436796
-1085.2199058129736
-992.01640031385
-547.2000116157403
-422.2365815496075
-324.2955873365787
-300.3878571098881
-687.0954942285624
-280.9023459219403
-12.666865313879029
-254.08927206256175
-366.85382321810135
-345.44491913842785
-528.1427296039451
-636.1418843762634
-324.86078978964804
-265.123495163685
-265.750828800212
-202.2575688172046
-380.9613868164081
-320.1713333007517
-209.5889444648995
-199.4584874214284
-274.96480270424786
-139.71200326733583
-134.29629268156245
-108.15125755551887
-152.4558133230998
-67.08486978175205
-453.69327603927604
-275.1853071777937
-184.74371189261532
-168.5474647112514
-331.4147202764658
-346.9808049485717
-253.8893985980593
-76.15757455124795
-950.1974105501439
-384.1804672569484
-310.56351434554267
-287.8398769035057
-305.459985364024
-139.5779103076085
-500.65461651785637
-542.2537735551986
-254.2130362402841
-245.7185897934343
-172.82232492234618
-170.550225305298
-511.24252531854614
-644.3591616363245
-641.1950549921379
-467.9109500259484
-776.2711979556901
-840.0313755890951
-233.15492935376705
-181.83827521249685
-126.6973427692264
-154.06804806852662
-430.29482940772937
-293.6855033401082
-77.28219691302658
-166.9747002528448
-114.86849332467824
-214.6920173334977
-53.8583423199398
-143.37104619371974
7.170129384363037
-119.17026074370469
-102.56396142615347
-133.31852526903958
-424.9257841169365
-522.6208694788793
-130.54619063542395
-140.82898551847322
-152.67647563693725
-244.60174018058242
-127.74653787692756
-105.61277478452885
-271.12400990535696
-99.86459108646078
-299.4859148801821
-291.3096707768839
-317.8984081547999
-387.8216051525719
-205.16640603525906
-266.6838391218944
-277.6423866257958
-475.0948635795798
-306.1887525302157
-292.07729456906316
-125.12851209838148
-126.79880088225586
-112.27154166302066
-111.04536387612116
-729.9103522393506
-694.5211496404363
-695.2689373261392
-744.6838998784408
-281.16248925773397
-366.7760419610217
-66.14957583316786
-131.36588986760034
-240.03080964001776
-305.0603056282863
-232.41493488057364
-238.8054325672688
-650.6467204373649
-185.86845311021756
-254.4991769119231
-186.62692590686237
-133.8326949746883
-90.13777429650816
-466.05713293731844
-15.19030738145679
-102.29134840252614
-76.28765332195356
-214.189037065502
-281.7554646488419
-303.13222521138596
-287.0065282339792
-138.0233825479746
-78.1428912318143
-258.9670243422104
-327.59415594443647
-291.04652137232586
-310.7496527125814
-760.0122167402727
-735.4616220467011
-245.42797386614117
-301.3770036616271
-218.17994865149223
-222.94631573927472
-827.4444289326634
-742.1407590185992
-160.72959609594207
-89.38879427572947
-88.65569499513833
-169.16738240246025
-224.02108448722743
-58.58959187639282
-612.4327859422466
-735.7488129596226
-369.75950664859306
-86.10641556512884
-358.54376674313175
-155.34156892280092
-67.02904664926008
-236.9428152442843
-271.96910707007976
-254.25480406164144
-274.74125025619185
-528.2623854778928
-87.11145090507559
-135.5156372569167
-669.3184531284659
-462.22692144230143
-106.30356372294278
-128.49894959162032
-73.84758173102904
-60.10407076877854
-119.10505905798482
-148.44626978365048
-83.86046485655378
-519.4024729127843
-342.38587699440245
-387.04312224803397
-182.9940478336666
-181.96645096415222
-93.6331672462492
-114.34870678347534
-478.97853530554494
-307.03716161952025
-175.7871554415459
-368.7775445483831
-719.0487486045051
-743.629822148837
-215.14750679279535
-308.669150600874
-152.59597971593737
-138.91429850897532
-159.64734177651343
-127.15628821202091
-105.56437265654135
-21.323253180641203
-242.27936530882207
-304.06194431300923
-117.05300120410973
-157.32604341078599
-548.1901018477063
-516.7866745264346
-131.07711695671367
-365.86689684764735
-211.95112250581633
-222.6594403072977
-37.4478178017573
-110.5974243019283
-615.1887077473402
-577.6459646181479
-231.2729510748004
-314.726868072823
-60.689406733049836
-164.4889596021075
-131.86508272239945
-98.84513452077417
-142.49722272721073
-161.46434711419573
-207.82660538582098
-207.1806642558734
-319.83092841878454
-389.36278133788176
-744.2338670502144
-679.0417816825752
-147.60368595417242
-315.9396468913818
-305.7180287803976
-261.13363131122213
-172.13652400977355
-260.7401405699686
-136.66067619925275
-378.27908299555855
-119.80413583198099
-275.8355412017521
-455.68861421082744
-544.3471332248266
-357.48029719991257
-344.9483564869056
-88.38240208180284
-527.3890673697854
-434.7046231511262
-183.68279193334055
-383.1647405139677
-197.32295975411387
-114.04360989668575
-109.20093329115912
-109.15323348625225
-124.44758834786803
-249.70298696451397
-163.30815474984615
-132.55084278517265
-145.95966300781276
-198.09844229663736
-190.55900109688235
-255.51231548340868
-197.22682200597
-52.00669211707352
-154.59524844715023
-203.97927229527087
-184.0747431279396
-335.66348658490665
-218.81745335416184
-233.9176287247487
-146.19177247721606
-187.95797692809822
-341.94688384170115
-427.4787941194205
-135.33891764284832
-203.6205613437807
-408.1796773740232
-24.507781345241355
-144.59901243249476
-90.69105528956452
-271.9131008736765
-524.6177662248278
-570.4793331966116
-666.1129084509279
-620.2285287232291
-446.71992390843633
-311.3423789383263
25.07686760055566
-263.84347807371955
-121.37983462758443
-376.9897178551607
-287.11441176339804
-206.51981401855164
-272.6402749756327
-221.8472988493563
-352.5416826420322
-339.6361601852112
-147.8786762106656
-296.42442176773403
-286.460471738773
-622.3853504272221
-387.1017291824168
-294.65187950908376
-197.80481985957152
-586.3063791305038
-105.38973856282043
-134.84852499160164
-671.1484814703585
-518.5394994655217
-112.2646422533365
-119.91403623571149
-685.9697310327547
-622.6662382290255
-570.2050215038712
-439.39218719953806
-115.40976422315163
-238.98478267691883
-244.87633692981143
-248.56634662388947
-312.47401312862314
-175.97885460622405
-161.56559657102048
-172.2242052410057
-149.53619898358755
-75.42200176117784
-290.1866801781813
-265.50203144860575
-290.50592368714376
-179.19889528423963
-155.5484318004672
-239.00633541185053
-539.8206764585939
-564.7060001336024
-773.4952922004144
-739.763706049559
-103.23932615809836
-59.018963600955104
-325.8563676232172
-154.93085678505048
-212.8937112558329
-300.1697219616399
-363.7685084672219
-274.9668117180696
-615.165300699752
-675.7950261873515
8.651504502690202
-159.38598726741196
-220.29988433884617
-178.7313158753974
-449.12396626309595
-305.8984000520271
-116.68805902341859
-100.83790271566886
-128.92396881621283
-150.3344030481148
-96.11738023150714
-61.96904138872932
-527.3619105154536
-468.76367649379443
-265.5246077025406
-78.26952750369747
-208.59123970664993
-335.1712396919661
-251.80712780410752
-287.35951867864225
-82.8123065364642
-180.5165540266144
-638.6510543137321
-262.3455592544474
-173.53199210175686
-159.9862812087776
-204.16130042933003
-187.40700489147798
-143.41649662085183
-176.8336588925521
-699.1352898413973
-655.6636704901545
-423.85729326456726
-679.2899468349509
16.50507750590441
-102.80921206044493
-296.5335813879724
-449.16462726909714
-99.41717810446289
-297.364658371412
-106.86807868461742
-280.7356575989282
-341.1289534327479
-435.1884099450333
-443.90575444302
-580.5125687312252
-227.29695136363114
-207.96735031925795
-177.9906116084005
-400.87942785532664
-339.83599917355764
-527.3810676901247
-715.2347341119469
-805.7069604938977
-394.0536113111216
-314.5161576396138
-81.92159786125174
-193.24498640655682
-453.6714638387474
-563.5846342817239
-633.2856290547307
-460.55611138801464
-104.20197559900191
-95.84103864722995
-102.21533765513401
-1004.2795803813017
-158.62504163626534
-136.2957931335017
-34.294488628859185
-89.89460467116103
-119.16519738872736
-736.4872248995697
-237.00106180815564
-81.04532410337495
-302.1376135006266
-128.53831438012722
-344.83500324106694
-101.43273017360083
-299.99800888399386
-407.7125206304503
-205.1478181698181
3.906398050005123
-157.74959177880504
-357.8836165014397
-280.5553301841427
-182.73760815754488
-145.63976598432993
-307.36744489857455
-613.8192006614039
-298.5586197867441
-175.2080061943368
-74.34052366595314
-96.77898863295941
-303.03713632827646
-234.78714004490172
-368.63169058193
-553.6745451310635
-671.5849900142304
-619.9498083693273
-368.3496826071481
-573.5518258976905
-242.16942271011587
-388.13317206106535
-197.60373468678256
-351.7662830358157
-163.24622603490405
-67.19819267395205
-271.8704177802598
-373.9675297748046
-400.94779497493676
-322.2896369283144
-255.7525251772513
-566.2575924728633
-649.4062151940798
-497.27537888081355
-394.44405160134755
-536.6416555915889
-763.8242425397368
-502.62754084401695
-517.616137288366
-210.79745595618635
-225.2531091773371
-43.331532750978255
-41.46766944295423
-476.01615897964246
-271.95164672578113
-799.4868799069452
-741.1291235907967
-19.239760411067437
-120.50278366384288
-122.85362255117184
-49.431752691351974
-153.19503379708365
-146.69047016732384
-137.79360571725917
-268.46422002478636
-331.96014440377695
-680.7655017797107
-142.6428420291947
-170.65618551141333
-135.53098611370532
-153.19484902236928
-155.29410289684262
58.04693475400248
-139.1240143214785
-295.8898850722064
-646.4031522863152
-631.576116775866
-143.54644043282482
-120.39755456940777
-236.93850628203532
-132.09263055116332
-157.09971826526404
-148.6720411996179
-152.08996269679676
-245.29299056236044
-756.592595963309
-692.7057750061654
-352.3745014143405
-213.2564028438124
-248.16430028706566
-215.69370097561506
-498.54820006306755
-222.7556243543759
-638.4440131155628
-386.3409198949073
-138.52804672216615
-111.91671504283087
-105.42692073679842
-55.228195404429115
-207.40680833233455
-125.26536187569936
-99.05627666110209
-98.45001265405713
-150.9237094667911
-91.0567488350752
-226.79198659668623
-131.8287612047607
-428.8333793737917
-165.77427897521022
-397.8849732507435
-201.91518657421489
-481.1359083560573
-332.1148665581991
-148.1426896716562
-114.92233129567217
-182.78492584960364
-157.15824360639036
-458.4445128091363
-762.0732349293413
-134.6903593897189
-120.604803308952
-62.17125169222713
-122.29469268148864
-623.4130547460175
-566.0856301464986
-494.35677602122234
-353.296375551794
-285.88034406631255
-305.7249155349708
-205.9433465597894
-55.372391786200694
-92.49582677024985
-386.2608624384736
-229.39754139884315
-283.57220884098837
-228.04614024385
-216.88161714136072
-159.6233177526527
-344.15731547559005
-158.8244488208017
-66.57865966829911
-175.31800742164785
-65.23157959530542
-533.6132774492287
-380.434976902019
-462.27914376427
-450.6438660123491
-139.82428798103012
-166.77239528166217
-120.7544709210296
-646.9851891801735
-248.04596631014184
-166.8281731820477
-502.23359728400044
-618.2883437855525
-130.56402040244942
-287.1938681089923
-101.53133768051467
-638.6998351439539
-168.084029124116
-107.90123553311223
-231.55453985746115
-47.78346357561425
-241.6743314869071
-403.90287691754475
-163.67551780781002
-126.60622727743049
-146.88321018010933
-560.8932433501975
-141.9430063100327
-132.80164364584246
-700.7175112304808
-687.3795171591812
-118.81158798015602
-343.03375217060034
-207.92201296425014
-128.26911828803352
-142.4487147808901
-423.94683605847615
-716.4922978891791
-777.1889866181731
-480.4676493907961
-156.56850808573165
-165.81892409835115
-322.1938242196797
-109.78909318920634
-92.52253410935919
-142.0198316802972
-152.5872932203302
-347.93730895953183
-57.22273162907357
-151.47025066273835
-116.00395242403351
-469.22629321753107
-713.2273494800717
-62.71750028541199
-325.77539252914846
-283.7879365015245
-327.51475750747977
-212.26505116252716
-274.8798906434414
-561.6009996671974
-128.06314749210807
-549.3471559124091
-293.4792902331373
-93.42333833090936
-95.8914116939197
-687.4002616822679
-680.3879319652888
-627.2947351957798
-588.9910618730844
-32.20699205050967
-258.2680572738774
-96.79931574349689
-125.49610415184702
-404.9311977040509
-419.0041818914599
-98.80480171874294
-289.6109258068135
-635.9419643920694
-274.01571594290056
-185.81902685574363
-69.99852162509447
-138.6177399171501
-105.20176733032015
-34.27113846235882
-269.22626452597757
-475.9686055552233
-521.2342241446797
-148.17736262203277
-96.18695408009373
-114.41703991908057
-98.92769444533631
-630.9403979888575
-176.5767393039606
-681.4789396165818
-458.7292271879992
-593.4471369576671
-568.2203692980717
-431.9851379170662
-269.57508535366753
-549.6173697450849
-144.95813918742806
-515.4688314931135
-506.38744831606306
-472.36212072457903
-578.8104151031116
-150.12931804760268
-12.968602378783643
-430.24878683444103
-346.17939372152375
-709.4859619390114
-634.9345330632947
-174.19091696286642
-124.47596060835
-131.6133436960281
-349.42884417905043
-118.99526318863136
-124.8313123839816
-442.48478477901944
-280.3789026583843
-290.6639068959837
-316.72338670571025
-326.1003083196381
-583.8651837736099
-583.9870102924638
-541.8995292348216
-461.2803567718504
-128.81109089019685
-349.9774650432298
-756.7987612993144
-459.2217501312071
-628.1700053399755
-335.7844748890112
-608.4282416513927
-312.6670800931555
-257.8253222215586
-106.72450349675208
-189.90255825430182
-74.72579012856912
-75.79758264182806
-96.95856177155835
-43.457866648924046
-305.0616743782716
-189.1956441562084
-163.57442586551034
-565.2762955248081
-313.4176067990283
-107.37491751174949
-628.3531099503527
-547.1286846550178
-277.23952990115833
-339.32981354246795
-237.59022699621417
-317.29000019939497
-499.64275359938995
-9.45923770901112
-155.85995754716134
-168.652135246625
-31.193644566276532
-131.76746435953032
-487.2650579368725
-330.10181780117796
-428.7025041155805
-409.48332854692813
-50.910324062189844
-495.0888552613587
-531.1496981354671
-420.1066898850087
-577.4904688985168
-223.84652099874685
-358.5075391229506
-268.9024059875545
-502.6737163905948
-476.30917990449177
-366.76062514968487
-261.02538360281926
-157.91261137773114
-442.2343585824872
-473.9745111956968
-473.36342749382163
-534.1885624804372
-606.2491154314685
-302.81903858542205
-658.9572566440695
-331.52755838393364
-460.0842357697089
-71.25527117601479
-360.8924849522731
-790.9147436477283
-693.1135736976676
-326.12977234981713
-189.21664569804022
-123.8056413434206
-121.43953547899474
-254.61379134521053
-401.7183835466123
-130.91703543857864
-136.09689189019517
-572.7340015312693
-475.17914937514536
-113.14952857312866
-139.02534424653734
-254.30044053491198
-129.52432249284908
-232.67547254413674
-122.37533820377375
-327.0212293437454
-170.76625308470832
-93.8031300889051
-180.54211662292357
-125.26709139756704
-90.18284978362556
-699.5849151562361
-360.3787475550911
-199.3149941036018
-302.91377424439486
-353.86994535221976
-294.3347312796339
-117.12869539929491
-126.0562526595292
-116.92892767752352
-231.22857756106262
-385.04879017834384
-471.160351806731
