-758.3031614693372
-621.1310695968807
-785.4366445400202
-1035.1849751932036
-148.5122522109617
-182.66983408314988
-519.4889416367708
-673.7551868650071
-368.46650898590906
-228.18073163286232
-794.1366993761036
-720.5209782022786
-809.0068532040591
-1085.6893272883308
-236.2244115001559
-171.2776386327551
-624.2327998763052
-640.0888702326822
-153.86906730609252
-119.52109005884688
-744.4304286905589
-751.8364431152445
-748.9003541930887
-715.9408928599219
-538.4424700346758
-606.5384867371264
-392.4756796402726
-128.62984581173149
-149.62707053422866
-127.2957628811393
-958.4384613286761
-996.2861786812392
-133.61535803071524
-123.50290443538971
-140.90391566853285
-141.86020857195524
-109.61272188165997
-122.60310147006179
-535.6123260362962
-621.8883584554155
-232.5675702780735
-336.15471676975733
-69.16183161913358
-43.07668917491646
-413.9399772942396
-1047.7335256765737
-662.438842974222
-519.8597191643241
-751.5801505687708
-450.4578698766966
-454.36696634993126
-696.80892166353
-787.701529047289
-667.1143709813664
-770.5496730663965
-580.3117248254728
-831.6771370985928
-808.6664404491652
-142.05178378465786
-143.3988107353589
-281.31682138428584
-155.46286296746712
-423.9255791029214
-647.914458555751
-524.6864019472436
-360.9171989774507
-205.00008788865586
-284.41913905281615
-28.72534660478162
-359.9375232414859
-228.87954828263284
-362.221561789054
-204.8634391634951
-287.2410936727181
-1109.282544313476
-1267.7784848324368
28.712046449277835
-217.9224459147876
-25.40730398582376
-447.8267938118847
-553.0999043272157
-518.3966841405959
-146.66314477303007
-296.0992046883365
-116.756093291445
-179.3215016198859
-444.8471919523194
-490.9396416778957
-569.6812800404604
-1512.5106412050563
-195.8811203795841
-274.75496917284505
-63.84565834194706
-151.7722624637919
-692.5399298685966
-691.3665622193361
-599.6038041119104
-629.0907132933062
-288.6062107792409
-411.5192071188278
-756.6039927362593
-772.3817059218387
-177.93761664319038
3.009756569275325
-579.5902418197202
-639.3891332831562
-633.6651876444564
-804.7714639375815
-624.7232845024186
-696.4219675847567
-248.86511387604924
-762.142843983798
-784.7775372057761
-621.1885118336695
-744.3550811213869
-790.9927619494662
-820.6778968291444
-180.53795071376135
-805.549939262849
-799.1081489636582
-217.4171499191604
-361.1033431352234
-383.8078301786227
-370.4490735998879
-296.15103480278594
-187.49924480208023
-738.6457571239691
-1353.686365074805
-608.3424311064634
-215.34721811205276
-730.4041962560433
-913.7486819398094
-225.4863506271699
-237.0699996017403
-600.9718330546862
-680.0841130369741
-882.0879139184955
-851.8203296836712
-192.7303267431015
-217.57258773078115
-330.4374017060447
-514.0013329032138
-143.08233678326798
-99.61911579532105
-761.5759409345196
-977.133354466426
-2.536759536092319
-625.7050718408931
-637.6800969738397
-753.3602459192424
-94.95203916643088
-170.8547550289834
-790.4797739585114
-675.212872748413
-455.68723120812854
-649.0013918212537
-821.1469493768602
-535.234799320981
-324.6715452391476
-232.1964072269152
-755.0119834227862
-690.3085213611461
-280.8030652967566
-172.21165066171713
-149.61466553388306
-678.2770239208148
-738.7724346683052
-271.196893868067
-364.79391334779916
-313.8026176599539
-696.9320290463115
-710.7072832245533
-432.9518417956244
-343.30276963016627
-750.7334121309008
-731.2151432264097
-823.9657853853306
-781.5994633558494
-213.0573128404941
-355.15756763898776
-445.3408614602301
-405.68706771158173
-198.49000855189774
-114.77685988761272
-538.9834405012455
-425.5774829721139
-757.8811948822728
-632.2223915889729
-181.11019964099225
-132.3640200640499
-760.4727568101875
-769.1233054848082
-146.10154392160672
-8.753501495621236
-654.2041425238117
-409.0362703099438
-146.75522799919707
-77.84452650107019
-1480.4035770310618
-756.0215247375926
-546.6661328753204
-632.1651175149397
-152.66012656969303
157.10928263517417
-733.4368425615409
-1628.1024224100963
-14.362328362028563
-18.27511716074568
-104.49625453606534
-205.09860707243533
-475.20219993701676
-460.12898437303835
-512.9490453363247
-478.3884231699731
-307.5206429647924
-275.876507029826
-560.6850692535502
-683.9689755775855
-151.41294675332784
-221.83459315518627
-202.29066692815417
-211.17671479223867
-217.027222673996
-662.6977992789112
-114.9451904828188
-169.82502533908698
-751.5621581177593
-734.764513705414
-88.16074410769168
-251.99985755470652
-520.3434398060375
-553.3746498490668
-429.8742198202649
-531.8151762970715
-476.4738412257393
-407.0229238833647
-393.9695509733157
-306.32725511357313
-669.1329472264358
-598.035629291713
-500.7344552380668
-786.5291754543061
-349.923424296358
-593.8572612650701
-285.7365746420155
-203.9842494877024
-115.91321617106642
-70.34539411448878
-50.919983380961995
-72.6760871590922
-115.76139735433998
-89.90137197338535
-404.57887079683604
-119.60198612449061
-142.69812573610287
-164.8690073343183
-596.2910066875313
-750.8343297047609
-671.3679945967618
-379.83001966558913
-175.4273405851883
-155.95644183482182
-200.40460617900823
-182.41723424070767
-66.17476414842977
-42.770689489805534
-47.959781268646566
-291.91041769587633
-512.530344879554
-410.1148180444835
-134.2615548105026
-211.82778083853327
-597.6232448635867
-582.7328414949266
-619.9144111824112
-643.0490242359112
-10.953261169715049
-87.49455853541282
-321.1406645009307
-386.1283827797279
-441.48116790616723
-468.8297460802784
-256.07075044549924
-97.63851564427964
-444.2552235618743
-371.78568630966674
-80.01885371775576
-140.7080713523591
-155.1258714007163
-145.13293503192665
-615.4039884528015
-732.6803759915281
-137.02061518179553
-122.61504726687858
-701.524614549142
-705.1060083775162
-374.60341375571863
-593.9035149755703
-496.3742773119793
-354.71642074140715
-205.21028974894983
-142.85948958716313
-151.28865620517055
-260.9120490998647
-97.05543223824867
-260.01066401509485
-692.5770998017033
-657.8908615403617
-555.8137804785813
-649.4922396855085
-152.36565357731905
-153.9997671577538
-728.878539242675
-486.86926518632436
-626.8594167183223
-771.2905906878735
-161.04511933146335
-230.9164488591577
-664.2771466366036
-566.7834714796213
53.57245308709301
-136.98466876639523
-49.530533231612125
-23.56061623362538
-92.5923348528463
-3.866924934993193
-327.3460746237151
-382.15462273739837
-270.2195041522874
-306.0184208636341
-121.10085017200308
26.094300032524288
-142.28027076641865
-53.860148207096664
-76.31752265609725
-76.78533910354696
-675.6951359405938
-643.5274211733648
-196.74596956311223
-431.66926335185644
-108.75165091082523
-93.94366580952283
-63.503165822180485
-84.02137792694815
-137.84741735937666
-181.02211868785804
-328.9573877086216
-376.1169550700315
-480.96362631861825
-178.47354704085342
-192.42630720004706
-217.18899124678995
-460.4932895209244
-437.5240609198308
8.585923369850434
-1.5613780637213068
-44.76654679874075
-107.75435649215068
-590.7254936027608
-668.8688418999715
-65.40990302451792
-87.19719328083104
-548.1385679419876
-703.3372150921318
-784.9829233548926
-749.2379296472379
-89.8516061686091
-47.9013997040415
-195.46197905185187
-176.66307321922392
-396.02968714753166
-283.38361319438997
-9.970864787096787
2.851480686995359
-186.1301091084269
-26.52686106138242
-1.5306338243053261
-8.95874068422566
-452.2177924292952
-432.3880477487829
-630.3203539284173
-688.61526095492
-161.3307733775241
-30.72176744516652
-669.1612712770503
-779.4641228729889
-270.5588673270741
-269.5733932848031
-102.12067618616926
-93.43189714873978
-627.4634831633274
-630.542827192525
5.512209067803511
-485.26847999939463
-38.101273693764384
-509.3274277816244
-55.39587993200487
-29.23365008804842
-103.17147516180702
-118.60896551844021
-693.8023416055513
-711.7128010439116
-249.9186332776421
-579.5658355006254
-551.377559302769
-508.4569958146991
-345.04643906955937
-332.1935899946718
-247.34562491116176
-281.93849012508656
-387.50580437967176
-385.2586129828151
-7.950628860858146
-58.77019027921297
-25.35222651014533
-320.91176928897556
-109.27203777024695
-409.42572559929613
-75.00165970921776
-82.6271393862585
-383.2035043809897
33.90994741353086
-224.3391942820429
-237.350527302606
-109.03119075708507
-171.57609402678202
53.9763793327578
49.08161462198919
-327.39385677837686
-137.67702946876796
-338.5573193822746
-353.9603204232866
-337.055859685466
-326.478973921204
-439.9767636409733
-458.7644966843068
-101.22187603720457
-12.269176604507777
-63.885471079932564
12.755977982798584
-11.692773014546134
-131.7715163914995
-360.18487805419517
-362.91131933748375
-170.4852762800503
-184.70521838642645
-361.2968116796816
-343.057836050307
-317.9605841831401
-282.21054796224723
226.21044797770674
-236.98723139244666
-514.104681351261
-436.3265115752202
-277.0113007703626
-106.75186498823442
-332.71156905004557
-254.50458888844054
-322.6592725457866
-405.20706632524247
-307.6013904481689
-492.6323181953158
-643.1709629668428
-604.3419381674504
-148.2015404340984
-189.83568553598104
-185.2694980946634
-227.79011448954537
188.12569812044399
29.417157832094603
-231.3079130302398
-79.24850637042974
-460.67386591627627
-388.11762591498115
-53.339267562333404
21.31826118542709
-390.1664039772483
-418.93864886550796
-228.18030316887595
-235.92372788833535
-121.0047269914485
-114.7532328411614
-48.33985205927037
-84.1176252623788
-58.635866460472855
-30.502319696296112
-673.4824777538569
-733.6784896316292
-523.3348592589871
-396.95494223234374
201.6333816247808
163.42668379971144
-503.2887498607815
-403.7728892957842
-360.80220652704975
-134.7507643447354
-223.53424983595255
-202.67846771352168
-279.0228839527706
-451.4465935049089
-151.77864311659482
-229.56305878739514
153.5140833029783
170.7243995880354
-153.21863203256572
-293.08220718985376
-237.26484537861694
-266.5995808859958
-153.102517983077
-157.37417144621952
14.859993992317042
-57.16551799987316
-592.2625601178737
-660.1250922433421
-132.1762382693283
-355.4838468566911
-173.17139050485838
-68.97456549639915
17.866285778584697
42.190719558575694
-291.4510741183432
-91.13254031628323
-265.37570379592677
-254.8376901881509
-227.69975705512888
-28.823290681151022
-333.30379423078784
-321.8555704071457
-25.023288215636796
-60.11662811818707
-13.569282529794748
6.482478556072209
-251.5980008592108
-8.565334051606357
-221.0897563748078
-307.3013455461722
-190.15669357307252
-262.19490354116124
-322.18569515659686
-411.25917230415104
-319.4477069729038
-340.94805418236547
-366.4851759552969
-445.7522962753546
-247.8325345129189
-287.2633767507732
-177.67565896168304
-162.94578529056596
10.913127466303543
-27.31427519825099
-77.22690906270992
-318.2505743392249
38.62255573939524
27.314745195117908
49.91726108984256
165.8233598145131
33.243758159740196
6.369340856982561
-434.0409432447486
-471.84064268952307
-324.6481080589989
16.31083105479773
2.1081971589310484
-135.41330190530726
-633.978344188135
-617.5599449983089
-307.220312917128
-29.280140550910318
-379.1023691180723
-430.8469758882776
-223.20580027864162
-278.5436392770779
-61.12029146825856
-83.29575096520139
-222.62569062951212
-227.32011077687315
-53.28546678206005
-51.924964872168225
-215.95678368597078
-116.50801897287225
-79.92251254243769
-50.594512423682524
-109.22359279249972
-117.84510982304715
-76.61996075149395
-50.21557369802662
-304.63487826912996
-234.95034120918575
-316.68715133363537
-231.8869337046342
-172.81050347773763
-113.8811338195879
-29.052000190430746
4.369156289304968
-318.7150639358926
-455.93311409865515
-31.56874933362576
-135.6567238679467
-9.317608273764918
-7.205412372751368
-49.355731994806234
-124.12022642084631
237.071060936116
-8.116379935135312
-271.5204543206245
-358.28159168672494
25.700245786574826
-217.71494378217733
-539.2570777977697
-77.56876484868693
-126.76866833831906
-64.05701054177233
-370.92681761176897
-405.1810745569201
-248.09342894993125
-228.19808468174438
-222.16275889619766
-401.78298079537785
-115.81929687254986
-35.68265048295689
-67.35692146704692
-99.08421475024244
-42.87212705770186
-109.85161901933782
-522.0894437942472
-384.2478011650924
-233.4939991786033
-226.5474896325963
-127.28502373656701
-89.29427996037697
-132.53939445895801
-51.13400345165208
-13.645581752956545
24.96279513808335
-190.63129096312363
195.32728461193636
-82.923594460614
-121.33792844460132
-31.190851141519033
172.19678745085844
-40.398694052659145
-35.440413488975494
-67.85347659711678
-91.28728095950254
-296.67270112968816
-253.67670106274883
-421.85048245564
-81.49253534834546
-52.319211679255545
-57.03638973398079
53.55388674981205
203.8571838438993
-153.86870311163818
-88.85346230474919
-7.122141304118998
2.3654174526470486
-86.52394220973368
-69.31674790647835
172.60409263537613
205.9854126626559
-128.44727659744868
-29.91221712103757
2.5824881211212043
184.7467351122218
-334.16250336900316
-323.5631991752316
-371.1384204587774
-323.96166340591566
0.07566073504612802
17.871285442190626
47.44902523692671
-45.47070289563641
-22.394065326392322
-170.00152761605898
-321.2026653078361
-280.45726271070953
-70.29297812999425
164.50994748758555
-230.09689012221494
-11.158019431219785
-41.683018539394126
-22.09814776724332
-522.7525535088373
-256.17208600867934
226.3951202279335
-80.13293498181662
190.25389312112165
38.200721199593374
17.800536558287135
-54.84240486486661
-47.93224620513331
9.462849360562586
-136.9127481114177
-178.96247773249212
-197.1527789504034
140.303497665539
1.1688425882792615
185.39659591894406
-95.23459293825294
-128.01668800656145
152.48366243167575
-118.28082208927219
-408.19257802155073
-323.20146944290906
-11.803728920437479
-314.2854654419374
-133.85409614440914
198.26971742315365
-88.92856788689838
-332.020182684497
-191.5398738000077
-286.3982747395918
-474.7687321333027
-95.80370867089017
-216.97982192502974
-85.54103167798405
-351.90112264685007
-276.2945609105179
169.77181514623987
137.47963851245012
-481.631819873316
-402.3737011774848
-96.81054445324013
-60.19912325976583
-10.995976548036097
-89.79271210616776
-434.6754959884894
-168.47439298137402
-64.53962838214068
25.68167514678116
-142.30013522288232
-98.29852563694509
-256.75111101539466
-279.4957066455272
-25.83728846363266
-54.49826342319669
-126.25784634779946
-75.19291806354921
-305.0631391405093
-216.52940331252108
-83.79045407261908
-111.32697452981891
126.85547148610613
-402.02195887317686
215.50875240086387
-47.35578396926706
11.348972673803317
227.0061071468362
22.679735434850357
60.478288703166754
-124.69021586445184
-82.79073537719533
-125.60457844200903
-173.86684520931922
-5.499863969815834
149.14296759996887
-43.63979161585759
-100.27322952806355
-41.27378623489567
-42.93762755055316
-104.04249625860476
-113.37507933906447
112.22881290796403
169.37418861027214
-173.2100357380629
-72.97334831790278
-5.0328149473103
83.3945918198302
-169.91935699417195
-447.2586124778665
99.65088555246024
12.709096168162132
-19.22782602950278
-317.94934795539484
-35.35177407974646
-38.79787184659867
-247.6989073935352
-294.7222568831179
-265.77295896497714
-174.38871678478154
-156.16335335327727
-197.29945379186802
-66.88333928406533
-69.32754041691503
-232.2872347262359
-17.807289587790034
-327.60162739999004
-332.05330225414355
-33.20450840575456
-23.858828978005917
183.18264790020027
-9.11290056112622
21.513453296759636
220.05643919169427
9.79205121278656
-22.437678399572718
39.50153118818117
186.55203483029874
-284.7111795603877
196.38365080330763
-7.274783452631183
176.7455866680042
3.6424326970865195
1.7455078329222005
12.356621294352763
12.59858061503391
-50.37335969887017
-49.9307659830724
-60.61891301868452
-105.96106132843383
0.9057950149765384
-8.084961302419977
-20.8609191934312
-11.214563075742717
182.02716160176107
-114.05709547626891
-85.04902089449591
-51.758209837580026
8.46394262320652
166.15554438745144
-78.50780298708385
-106.5364191597941
41.934265807512816
3.741246563194238
-310.91521676490277
-420.6280869260012
-7.073672086170291
-37.37132674600328
-78.01911272877315
32.15237965483459
-115.6856203337972
-146.63298172936047
29.21681616778946
44.27720233465638
170.66676193279494
-182.76585699130203
-106.39334669853028
-499.14108543858725
-17.370920800558523
-17.757164193531654
-87.50098747437748
-83.82441108719334
-28.997497195093118
1.6503638125545024
2.257304294573659
7.376389440920504
251.55292321698943
265.0682009670992
-21.676724031231288
17.854340819206257
122.10281081934933
132.610202786726
-22.142896765943224
-55.716626680725525
57.40847908714624
199.12904442959655
2.8026332032499655
-34.574008648324
244.40542370393888
282.41554453729213
-280.4640752403714
-265.6333827865726
226.2715782594313
153.22787456890399
215.18644024287022
-18.10381107821182
-8.048771951281097
14.342306838805442
44.82103231551392
18.66132507872919
-377.8061318435155
-388.9055562663026
192.09366925836886
7.121048494088811
232.37776642114898
143.9346946016441
210.40721338484298
241.75170368016632
244.40714459000236
253.22369444559013
-411.08388616260885
-396.18055178372447
-363.97752876692243
237.40182776284905
-79.6091150297159
-323.528084709225
-486.3810500814886
-321.49312124338667
53.26917322703983
34.83233722109347
-48.550230913490154
-91.2295556213005
189.9617296718567
189.63614106549093
-397.4460973663911
-401.2085732001917
236.03383043912697
254.98935780983464
68.86867452435962
231.34639094175222
141.07041526998978
255.96910276913323
30.663005285257128
-82.94295081829796
11.761161917032595
45.83383968930477
-310.75663252964216
-109.73811139689421
-36.600049869726156
196.01098025327087
-10.295644065508824
203.7661349064079
-222.41376420217287
-45.68745001483695
-80.50678703546032
-38.28869221566328
229.3035358665467
226.4478882092933
122.39782153835884
147.88415273446003
-119.83696844538206
-107.71737511851967
-14.207608867200562
-350.6146796647977
210.14679558840854
39.32446880759366
-3.9747979497131007
198.35574167198862
197.43449533268142
160.25256088247176
-143.50961515870847
9.51123696320515
-130.3358687133866
-150.41424141703123
-132.62020052450185
-116.00368036309584
-52.80300376622633
201.80094263204404
-350.6117002992513
-199.11161869184235
204.2326574390716
-24.36385148433824
-47.46498245059718
-31.207554969227374
-61.958181878868565
-111.8414994187568
192.39309635085232
174.20076392968525
-38.83788370482452
-42.15852756615282
-55.49933445623773
166.20029696678793
255.47667629261468
-34.04050973281362
8.732232446381786
239.440083249573
-216.11842223460394
-250.14531874929378
-57.07333473829877
23.350193680313907
222.4515363535573
243.8570302051186
-180.70680015534495
-225.05168763484278
-68.87816169001074
-59.97741760998066
-25.502867811320016
19.620522131509375
258.0489437244081
89.46953541965465
198.03496639039048
230.3245940802409
212.1975047765065
155.35236498056807
-17.54628109178904
233.49988205827609
18.56420435114147
-270.11566727059966
-59.123441257957666
190.48546806513735
221.17558245974615
167.63565827020238
5.133630568927529
272.7875255111827
-61.77645967341152
181.18093233511036
-9.031150591497974
-3.4340897527501415
242.34187190506762
21.834180127266748
-185.2294965961386
-88.88376185729258
24.23850298394339
-122.83329230544628
195.98122065683245
121.8450455292183
95.8307535945822
83.59838506727795
27.065193312941176
-3.961949369495386
3.639378127706152
10.55675277691526
-168.90269395221492
175.12017795743478
-28.20726798997474
7.269902154223701
-7.795677522950626
-18.50697877810795
-37.16888091311787
-209.32550337497042
-38.41219365192363
159.95800750191648
147.11581506662122
258.82199907138784
283.5870291411682
247.07312278032992
98.2094786359898
14.49632893098898
219.45314818221215
251.15889007050674
-52.883319380803975
-114.03186676813012
24.4038272865764
63.15226360456947
-54.740648665937215
-52.46340454709481
203.85352590499062
-112.33197961411192
44.60435933543317
250.87706931369766
-23.7804054248452
-57.124035926681664
17.46390078350047
-111.96637078179802
-223.84728828492
-254.43129057316887
-114.08934668542965
4.800546242454146
-6.16934173545863
20.619849500257672
14.922841752585398
17.197762623520532
-78.52833716338083
-220.26770776154046
51.50692802758371
37.56191144897477
-132.25094133294206
-144.3956159317675
27.78560780636768
184.95376550025043
222.17569960288526
276.1130651398018
-170.57984300888347
-142.36002824297546
259.2577879776161
234.49673115342048
220.27498129755406
-33.60807337768733
30.133987615165182
21.27022749219374
-0.7832335907826717
-13.404417809492301
-93.11138567693706
-7.951467089383357
-60.22887847399672
-87.40645583708252
242.973458726062
26.007947901058344
-49.699134407024474
-52.63388545821163
-20.657643392799045
-10.48925666955951
190.2213630146542
282.0189943559599
186.7150851286176
-59.59275426343369
-143.53472359225236
179.6875016606943
139.2425857049745
201.13074268461006
36.648312627839346
0.767058534562949
263.3226566680098
249.66740784783966
210.36380956605058
207.71889085295942
-214.63391682751052
-168.23429728362566
242.52531705737343
118.21992326565555
-191.84308652354727
-120.55705558245792
11.814878366728422
-32.30444459120716
213.07428723892946
152.8455525153662
-301.84344194999994
-148.39856227212718
201.20188926080158
215.41879346988162
-50.412833082440535
-75.61134702479836
157.1083096656826
-185.32533753466456
-99.16753255114222
-89.14035979017375
-132.955135460926
-32.87232177286346
-18.42020930534025
20.453844146679188
-77.72930293951124
-73.32861854107671
-44.83416622357511
193.76687939911477
-95.69175477291792
-301.3346822356047
40.75537251090694
178.53697260900992
184.0074544548027
237.8668285053276
-252.974835529889
-136.44331672394006
202.5494093103227
10.238005591746244
-56.98240934822179
-52.47075995746942
104.58048829098412
237.96918151754866
219.55584894696534
219.41235912041455
218.49936068608244
165.25514971086
-68.73420057656996
-69.63974513998683
-44.366899081083744
-21.423509566954294
214.7564284897249
21.341877141227812
1.4393388281593218
38.28288146686026
-108.0433633162505
-96.93960816212292
15.101608495740464
38.52568777830203
178.24940869957538
-4.752705411046364
-267.66642048418606
-205.17015810492632
202.25132513358943
178.39349299111257
-82.32726043427274
-86.50404913394517
-39.99212349313032
-13.82961664288365
-31.874658657066064
16.351851096535825
13.461407555680822
21.64820133779635
-60.6600871196382
-26.033310825142337
-304.26280296859744
-250.48798231386203
-228.31729662922484
-237.17607833775244
-90.12868515931866
-70.94964122166708
180.08558716543274
235.71829409135847
199.96763025618773
54.74195597652704
20.203504253278737
-54.17466996587882
287.7423568001947
257.15884200195535
193.7257045764644
240.56227898271675
249.42336745907787
198.10121916809047
254.17125393096555
225.45992267627946
168.59222854766955
232.62550072712276
253.00813963967897
-0.4141778229547981
3.061162492029851
-25.73330070704337
13.717474145485426
268.80089584871416
-37.4372242895673
-45.559465661877645
20.864392628169597
-0.27911444372621474
1.800668280735664
-2.4131942980931598
13.667034218639685
23.099585888675023
-40.717882452549006
-38.6068127577889
194.30658426840768
-31.94667671705932
233.77699045805656
243.81807504736818
112.40205463362247
108.44955524357273
-123.28651671641359
-73.10230766392448
53.26319001911949
36.869324284566545
109.02877874515264
52.07666720815075
55.65604489255051
39.833147586334235
8.039838323757209
42.19487489121181
-58.67638963110156
-66.94693503357824
37.43715983408285
18.871845003242612
287.3066388399701
225.1248327993976
241.70539847080462
225.16370390609057
27.51402125789491
25.832132007461354
13.396534652060978
-34.93392044112757
5.326237300699802
13.307392502603165
32.388715231131044
216.92037623946425
209.41203580229137
179.49168931346048
-13.965160966973244
38.476789364243984
165.78948434808171
188.46790691779276
-173.886862988084
-471.7312636198676
21.399199449648165
77.74696867098952
45.32053238742162
35.31081096566081
-193.65343796924287
-67.36392922766012
211.98783182091086
47.53054050590811
45.85449283733473
-4.628436326107973
131.34162518410153
235.8000910727656
24.658244809548947
19.94339899375595
4.692451344976689
-44.35357973254645
26.084787990614046
53.24481930091696
21.43771455306411
-2.16903516434337
-95.9380652055914
-94.15402084590635
-67.33957318508286
2.851418963337622
236.66384084980834
243.27439352897596
-654.7111166177193
-308.9130204659331
-7.114573154638904
-14.328344707853816
-384.975027744477
-103.56780600330258
-35.2378539936128
212.25192161586654
199.78934572600514
-288.0172791042767
233.53302398333466
253.9081305014491
-26.33282577945269
4.936601323822828
-13.521617260975646
-13.29687689989376
58.56443679113258
204.71045094535503
268.85305911218927
22.214351590843933
-14.926026621855257
-573.1344301155834
30.257036474513313
50.39902201503634
198.33552129530628
210.9702006903056
-50.839410439287484
-27.6312993254001
-20.958716481804064
4.4505718466858335
-16.004241352329572
236.19507583176156
48.95262853655237
144.9976434993785
-154.68777671179294
40.195794867889305
-78.53807960533825
-35.08369072983264
5.18092096305476
-10.57880299785377
-106.84552160525303
-90.48350586342511
276.1554471200517
220.96932258243874
-1.676788306638528
32.47647522985113
-95.56720676538609
-49.33497608559535
72.31153739724368
-38.09414326462042
-144.32642184816441
-305.60919718763967
200.88964757576548
7.715033147757097
-278.1198742456623
199.7982548274076
-158.6091643800732
-10.51280678618403
37.594881326638784
46.00697548992514
24.03624067096993
228.3418457906155
19.805268197280768
-189.75210157633686
10.872599486995611
43.057826116219275
-3.8289111854335687
245.83977268118977
-119.81282582699012
179.43377458457672
-58.173072388786935
-230.19072984626922
50.35890064717316
238.97504987680972
-103.40058522661441
-29.979921150985575
-73.44547476522915
-28.99919230883569
41.988576933903744
-27.444873725123074
10.838701509493973
44.536793164757796
-161.22815013500673
-27.34685999155795
36.35148947309179
56.97737524139973
-0.875580670597401
6.616416023130512
4.239754962054349
-7.503892962847573
20.050749209536562
129.9735433248522
-173.08986496843153
-436.1066217105934
-17.844946538440354
6.8421691622620955
39.854790558364726
216.51417773778934
68.17196020144019
258.15355903158786
-50.1159901811367
234.07712634886164
-23.047055196364767
-6.946338960023709
199.78721194405324
-274.34612245249536
240.48122410698497
250.67542744283597
-6.371220919373485
-22.74963595740502
-34.04610054450269
-4.5056637657062595
35.051642697215385
24.357584628330955
-57.01371150934071
152.69496276869847
9.638153262822073
-6.556230957611149
115.95640894681178
-32.99466155506997
-74.16428200603411
-351.8282398623279
54.63379357740618
56.023347892908475
160.25173689187005
-65.84710598474528
-25.77934275355676
17.837110247305063
248.58367630022525
-5.3249513472595424
55.878996803200465
32.49023757704197
219.68690580626998
37.42938745106818
32.732676260416156
-83.98669157359583
-7.012010302308823
26.325045680262704
-15.068347101638196
16.40088176955696
-56.862578283405824
-333.9742031302506
23.190148620098995
33.931843781752576
-1.349757656915017
187.45087018416538
158.03805911850034
37.7301471644071
27.171204113116175
35.44496208466907
245.88820478350942
36.115207121756896
-53.134745527079744
-43.77826970931285
-299.6644749937459
-48.253498980410384
204.24547885799987
-69.48750629986611
268.6189005284695
200.14913946020863
14.304468647157819
-267.9380568761541
236.0842464764423
-19.39382910652428
197.96110238604635
255.75247446632298
244.6944229061603
-348.10396752131635
-16.83161483955743
-29.450363699456062
178.3740329826698
223.97589790958057
-364.9510629112554
-102.42152450333444
-51.17866506476231
163.84410052863439
10.730182938085406
15.96317800656648
-60.43440367840273
-3.239621430836209
199.21573686234174
-23.884962016652125
-502.2035488825801
-516.8405066485859
249.2759138176201
282.18424416086015
-11.103631686237875
-131.09610888795893
23.796078312506665
46.01246912258347
273.52602277507106
243.26093652563176
-105.2551980894218
-110.78928165940533
5.614337087046205
-8.575937978800633
179.78949155899946
194.6689581523001
-359.04153556649914
38.549449808922645
34.31744447688325
-36.00267426910915
-149.40915746127956
6.901914839439712
204.74946672474522
75.08205564549917
33.11210913785851
-315.1405233681552
46.630952801378896
31.807819391295368
-19.28347518839969
-183.63784567058389
-63.6045677195916
32.01094180926563
205.0659275088434
208.02580975624295
-1.8730386026786903
41.524621517341814
158.58527751149776
50.435469597442705
-227.61696638244666
-360.44235491645134
29.378278967223338
11.43302912006422
303.7880841309775
290.85542987409036
-21.426311782593658
-79.08758967488733
-5.383406621304374
-2.136330826195305
-72.08933858556415
133.41013099328296
178.64433159421412
194.10815101974225
-12.673247189213981
145.1534004630287
204.49778764475698
223.40952227094814
54.91786053335082
-22.349009692552613
40.431813051653876
43.398723963023
-66.94435217124115
-30.553303747047636
216.81004310035917
176.15155126097358
40.4374791904435
58.80273525999746
-44.73426729814932
-17.307141798669903
-79.34682141949257
-77.23734360138567
-35.00525192723279
-131.8442214944866
226.34718923492147
29.07218916066074
-10.17478157815836
232.00941875871655
-43.01509553429109
222.8561180884194
-11.88721048487507
123.48281053814152
-228.1685155314646
-170.79108867084642
16.738438648022566
200.96650568836787
-208.16964540613404
-268.2223564045196
63.78745780860862
-38.53353790183007
30.14281875220999
51.911820396534466
-31.883124566425565
177.5025983678555
103.14745130179463
147.32397194057106
-167.93219511647666
-168.83140477633606
36.55991002607831
6.459862139731541
164.6775738881252
235.1429259121903
-105.92552925471215
-52.36868662390287
-95.28379281653022
-101.24255131987934
-37.6287593331159
-13.530539610861254
-160.3014846153225
263.0254781729497
5.955107131363704
-2.990492308103299
-65.36611318213275
163.863586373337
-14.86270726121684
208.36779081329556
193.8358352653068
128.76762154115707
-12.98247999385245
-57.275221822440855
-66.40839869440964
-46.49602618606699
-165.41516991140412
-99.26341223819288
240.1738659515955
198.06432349933903
176.13853911408683
26.16778750756943
40.23016652179018
28.864126292644244
-355.1585293725705
-312.31459599876314
-36.657501553361854
113.88507709033465
18.48081244899238
46.90134775847423
9.794167373844175
-119.72185777829674
-227.38421307113674
-254.51492883525341
210.02593098937442
-35.306224717684486
-85.73353616649885
134.54169845573196
-25.891763491748208
18.032500742613678
-296.2957527216394
-320.8196405728336
20.663168184250594
38.89665527414678
-19.75464764778401
-61.183169455173584
-32.06445827766129
-23.76068356874317
180.52973432399503
-110.71889708279501
-50.3474406343191
-40.43230689936546
-205.57654217693172
-161.88035362036592
234.23982486525267
22.62167857722389
-31.340310426151234
-9.928647259698764
-98.85862573579236
-10.351237434705567
-66.05822071103032
53.352540874601914
250.4145278594443
162.16309424059963
-84.63245756036925
-114.62540703707685
222.22640155554308
-317.9805139868771
234.9852226242871
223.67504226337817
-57.721703888181125
12.051708221409967
100.01471406635177
-54.20266546338744
250.00133402652463
199.65528333087843
222.928117420909
145.09925334507574
-6.621006912527363
-23.005579636393406
218.91233265760513
-7.988444535059784
52.06635814340402
254.79639833003966
44.14786285976672
-7.703854478821626
22.41844808629635
45.7371471248359
188.69649503687938
113.83989871765725
208.01539803857548
170.86281238020246
74.1808559388673
60.81561719916786
196.06966763877426
-10.029134521286167
206.52970627346048
180.11487924321892
-62.3001472693214
-341.2544538234134
3.837059651091124
8.002296576079488
-62.24636545959795
2.4105075515481786
136.14352772427762
21.630138403180723
237.0574311870682
227.59533488279982
-2.8729551603150014
247.1803619144959
-126.34506533330945
-169.31995381404712
52.975033419996635
35.8734817152901
-33.84684748790137
255.80247839978585
12.180418128293695
5.157088683194502
280.21581947872943
36.20307997177906
-37.62071197592364
154.18743618374572
39.346312343894624
210.8451217007798
190.47140049358993
31.688217204703676
-83.35370473344258
-70.00296575495516
191.06406793609017
-102.06657937029593
44.66529716762827
-19.233192664268657
-128.415819061016
-234.2486258271608
64.43016606701715
-31.71687777314
-109.52259291540415
-6.301709928045071
33.796699284455826
34.826888470295245
-7.829025500379672
-155.60285443077018
-288.8599222412173
48.134540225343244
-10.009191711969876
188.51397878777834
-91.13050028322766
-116.31461351925842
255.37967989067184
204.61212411328137
251.01839999141652
47.603861235949495
28.587414709260855
244.7662855635545
-308.3050869679963
-227.2496072913745
250.70850503375863
271.2508903206433
-182.1592537989511
-112.0541835937495
-23.299215799189398
209.24925250944455
22.491485384479105
13.666055459075096
245.62596793019287
247.12419232501162
22.177255046621852
12.470450327269887
14.264433061440542
34.23694170872281
-4.51130136568068
-12.885803196795948
111.81046603383966
183.1813189751068
-313.26882262599685
-159.6717062935684
6.299546298908638
-15.82486210728517
181.66988402902723
100.38469749578903
-3.143211658516961
34.469300140246446
-37.61340626679254
-37.22643775257581
168.38733757022322
-21.37255374407694
22.94218971629479
-27.770817896419842
-8.621554602365066
14.239072390081063
-63.165742054572306
-57.07193342387818
115.91273104328224
-35.009949705058474
-22.966523645488365
-59.92919757525847
-32.71760433267421
-8.067947772544528
5.884983154440505
-235.07037878237486
-54.68021793458179
-33.479151152495774
196.20096305208529
26.036362566476427
-16.259447933667843
-15.833266002934536
170.95690314423098
215.49038475943775
20.81449645894186
22.247312974226688
15.967795803372411
228.5782253746438
148.78539240593017
160.07976357642943
-65.38408904553282
-163.91217862709416
177.1777706333961
-132.62606916286808
224.71952071956898
257.9713613581423
24.041600373334518
-346.9117624123469
-80.30661749224751
-18.423229579791396
28.938947100442192
7.130707801161307
198.44922345077364
192.64482364125928
264.6480155614511
32.275850327461825
11.00548230430715
202.4554849470073
-93.10259168132052
112.82896637037597
58.57621671543666
17.670953757525808
-2.159358372835044
-31.05395885411491
112.1909981151516
253.97714770998715
138.82269205031426
161.79424705669632
16.041337525241346
237.93101797657783
-16.303524600186705
-15.76972636227525
-128.19041683919585
-123.36375118611006
-0.03738911463338468
30.131092610751978
285.6571878621146
268.0481599459894
266.62107444752223
3.010331580069135
-44.56329525500935
-12.698337537887113
-89.92967688650987
5.076901072807374
4.058026878617227
10.507555564663477
244.50030052014625
267.9678830637073
34.57258973768313
14.482183627212663
-15.136680363880316
17.20736222781923
41.335704670377254
1.443833309701617
283.42739206202356
20.685403393949485
35.81778072385259
49.82185329701781
172.10116466016996
213.8510119105058
14.195911343310996
62.25399419422837
203.6534547099135
-134.92847336171212
-36.72094286587029
-7.261680627005148
-40.263873031111345
-10.547066253327301
-64.09294376774373
201.2309506240784
0.3527358734046402
24.92644146016275
170.78728113672554
-58.418982900504744
-95.39289958426173
-36.06286485713366
254.26288752166576
258.403724732559
216.44331942560973
250.40811580569303
-44.119761727376286
-15.738843682018128
19.10969987611638
-2.7017482184886887
-46.70879182780582
18.81193624320781
-119.95132795571827
-85.67123013348414
23.381584767021238
19.387904670905243
26.831131015323606
64.79363426261864
-78.90730493307014
-261.1236374567852
243.47883270386745
203.77776562159593
180.5731530009387
166.45515802662345
-44.69975786490574
-29.663473179381143
-93.66554024615047
-12.590243801293411
282.2329361655692
280.11251645381526
-16.97606910518141
-27.664157931579496
-59.26063705279516
83.68764024130974
17.53392800838678
26.64429784296547
-91.36783278331069
-73.90932780870227
-54.507580169238985
-51.63234452904824
42.49990839147799
36.79812230380165
-50.22282565893305
239.1838638987024
-36.17632898101505
6.273606894478419
-6.322879420631963
-23.715884311692633
232.9130873833531
238.76625569284155
164.85591982804888
-41.66516595566361
-239.5981150974344
-340.2064424177197
-11.761186599452913
159.01169747781626
-0.6967722599676733
-88.81956674267431
124.50713103438827
115.01268437802614
25.57137581243147
21.11769793351243
-9.955171494091502
218.38171523264077
45.60549554357888
270.6399664931124
-56.06883261372717
-58.43405053221147
-40.8294822423887
18.08881645676658
194.33636231005707
-55.48708110147768
88.78608093466887
96.18292673939202
214.12120183220242
220.26730675284279
-32.42171460191602
164.76234405791703
-31.971487077226403
-92.8435197105082
29.2339774038538
22.502672758190926
64.96541489550754
116.85276059632021
250.10158890361598
272.36814890552694
6.132947378971707
65.65846737311062
38.75684765519975
-13.418599516438505
126.3413714456027
-373.70745806262545
57.564981197422554
64.03095751433847
156.63204898825526
210.10189713459948
125.67634524177433
215.8252819525072
-26.44090487604765
-58.14271541558029
-112.74521371943321
-86.35426289447541
224.4952710817169
224.29742748030975
251.78555529076556
65.96084132179377
-82.1080063156956
160.82664812871488
251.99257827844826
232.78487374058452
-98.45742632047389
-89.646735180414
24.97282633489516
34.75570918685901
170.01766913465661
44.37918005695897
-206.73704936169716
-17.486116122488056
-427.99370699649614
-361.6911886574964
-29.520929115753816
-24.630916781680927
-20.166209580954444
-102.35541469042319
275.74627555174095
-3.663690491441031
-21.550881091587556
34.050439846089546
64.48223318613286
-10.612798678292393
229.08143600699003
199.20556255175217
-40.17011261760129
-6.161456547440608
-56.64541361712264
-51.062766572559916
-78.18851399845484
-30.467361599184542
-27.856864666695444
193.04889173533883
172.56674343862568
-30.84159291813333
131.92251469309286
122.4363807961287
40.19937697913193
35.12092234621616
42.44700532013016
-118.3711723724086
47.280519327722885
-1.623648834057505
-49.33114428530021
-29.950314305505756
260.1372390630942
-58.96845277342503
149.3816724088311
184.0802245714758
-84.62917122818645
-75.48245213710793
-140.81863309832426
-185.2970402933467
-48.60141687016213
-18.87314389593402
