-1120.3047951123572
-470.98109193364854
-439.0516282275781
-112.11889359377768
-137.33150009035478
-162.55107547645258
-112.26569463022238
-115.20750245799397
-167.5558356792008
-190.0329457130161
-385.01682695673344
-348.04501861373194
-129.97088529577388
-88.55313811354887
22.8062785762977
-368.22472485071046
-246.61675621770706
-388.38840203511995
-105.37110601529021
-126.29472170773964
-181.79255844414473
34.808430198396906
-347.07088565727753
-376.15300990487725
-240.30737750568628
-91.46126705960262
-377.94692639088913
-705.4407744083788
-174.885576199445
-137.30172978398375
-208.28978723408375
-24.890250947833493
-119.66429426795901
-150.12017931557966
-132.83812987259486
-172.92529230442915
24.67757966987213
-146.24669963016103
-176.80119497530146
-146.94054031697164
-236.3594682627676
-222.58560701178266
-625.859288542449
-160.94558656755794
-570.7592234949957
-667.0226980441171
-196.6324707320756
-242.93123097011207
-151.82949241193737
-165.84020882659746
-260.3352241037571
-154.90580905018462
-145.52788798267696
-695.8794357795575
-780.7286534372395
-709.5704147600869
-161.31527908226627
-154.0997836813994
-192.08176459795874
-199.257856516323
-240.97834811025487
-46.31667998226892
-263.18951704500853
-233.53139117359586
-665.4563931784193
-667.2100309696862
-312.1394550833466
-280.41976441293036
-696.7772820197387
-334.25526563516564
-664.9399360482179
-202.48798566481136
-176.1526636311734
-163.40254013751616
-195.9047654773293
-117.88584602125582
-365.08241606833883
-308.01775509881486
-125.60935211902313
-117.74829319027648
-113.8006233088536
-121.40222867241684
-166.47114703298573
-135.23666253308906
-488.9500458463666
-630.9007642732886
-229.96302598021026
-53.52435425664018
-135.39093874709675
-157.51349485261838
-692.7334533090733
14.559246215351806
-209.3220144788875
-213.16929351791526
-196.4454977284563
-363.7457714313676
-108.08157798988128
-120.49082706872183
-626.6951740744033
-626.2064212042222
-117.20113314462132
-132.21732123645566
-355.7738091197077
-279.59709079880594
-602.7051744612511
-591.8891632509558
-214.8170747918494
-219.57533902004195
-162.06055978466142
8.758653559773634
-457.82483263125016
-91.22667460476652
-45.84586588975324
-378.79323788868567
-339.7040435174122
-278.4832035402965
-144.10700809265387
-137.03511779884494
-176.68483075464394
-374.3687105020986
-653.0404558722679
-642.4189736039882
-598.9399167542024
-226.64247317548453
-164.15215084576533
-166.2267932433866
-843.9381112144359
-431.38475681469794
-181.38500931138122
-199.4247626349034
-117.64992712503894
-119.85180162590021
-122.63816853887089
-658.8020732463195
-113.04357561326127
-142.50035221743116
-18.842725012049925
-142.13566523412956
-720.8220156742046
-244.1625383628435
-693.2937807417682
-267.1838866261937
-799.4461272037659
-168.3010789478505
-372.31153553372343
-195.7384826471633
-122.61756734668388
-134.3465704606684
-250.55425002799507
-295.5934811746432
-147.52444917615054
-132.96760205521772
-143.9668732393705
-101.9577008249808
-220.51416538746582
-218.20690173669414
-150.9415063244847
-124.35234260545774
-518.8950243601751
-679.8554844282496
-801.7344341827834
-381.7902017904213
-238.435902427833
-194.50702726708525
-765.9098835140235
-659.9358242694909
-763.4004182109859
-703.761899361169
-113.9504348067485
-144.67924646267488
-778.7716914252399
-641.159383831411
-748.1823254910266
-746.7582117987032
-249.82422458634568
-251.13429050881723
-147.12213930723246
-162.28340085635568
-314.5842438077617
-294.7595232545167
-328.92352005862017
-443.16435332361135
-228.2650231439797
-264.0504680762824
-48.91762428024359
-313.192091329852
-138.63628046567618
-102.4072287628318
-243.44830445857653
-233.04470818086006
-657.7535346189318
-211.3419616265495
-117.47426426651555
-9.002509244966035
-541.3114615032243
-593.8518369469479
-688.2443531854492
-133.0252886541504
-536.1420993521044
-440.8019902527144
-622.7242961673451
-187.50467553222126
-330.8967315504541
-183.25790547224057
-146.18861841489874
-127.55957841727324
-758.24584965392
-120.46171632801672
-117.3903424269122
-622.9313646283625
-449.686046392333
-169.5344914531958
-174.07411323678576
-176.94710066633272
-190.6207187991877
-209.50080291428685
-624.2385958787866
-705.1988106913539
-202.47249245455444
-190.61155311574515
-251.16662758521025
-248.71103703959687
-205.42738348696454
-498.87335535544605
-545.6407061622264
-143.6096655751644
-224.7592466958505
-167.30834384830706
-207.59777134064808
-356.8647901654725
-311.6004601870342
-280.5599306575728
-696.5756067549734
-841.1865318787864
-419.05513338664434
-319.4159783828308
-670.6945453044076
-683.1589159423472
-574.3699932105878
-623.0166012236666
-245.8520843597657
-250.17310290539166
-671.4246220319616
-687.5362008000521
-286.5359149180813
-211.6509198283644
-104.66545169495032
-148.72875040935963
-88.73127955732033
-174.42583161882993
-618.2163533351643
-621.8063535994369
-151.5981196065831
-157.21740464538544
-863.6164996489341
-227.41293709783685
-653.1472640760345
-230.28882155758956
-721.7057154625294
-710.1854714060854
-222.0170566590446
-270.1428685369689
-153.79267803626084
-139.59153923478988
-434.9989845795657
-313.0619289331282
-279.99565896991294
-297.07804685579146
-435.05479678852464
-410.8924950921009
-465.275926269046
-594.5470568503024
-303.5319712274543
-319.7485767672662
-559.3612836189468
-189.20873956961213
-120.15111066942339
-114.83123712407084
-212.87414152385645
-604.1807351315313
-892.0243150314367
-386.03800750693637
-313.01621479026653
-518.1244289960431
-422.58554594644363
-357.4156443173543
-704.2137871323123
-305.74874636545917
-148.98550785461248
-732.2699200792889
-563.8118226977064
-221.72026534852844
-780.0175105347004
-583.9579997890421
-142.95338012229206
-193.4016112706696
-169.61358215142042
-70.0769040331808
-199.23265840610802
-211.65412497045753
-328.53168835628617
-303.26097026963043
-320.27621884166945
-219.35514757451176
-60.92673877067532
-185.86809529859002
-502.3775612097824
-682.495297750042
-663.5904236493834
-706.7142170472096
-345.8337762828455
-385.73906786829866
-142.54151985768945
-125.85820906722266
-563.1290391886589
-441.25581651961375
-289.0465533953653
-308.1014553512031
-549.3337102803387
-699.3677310281323
-521.2494364678225
-700.1331130277375
-407.79121408541494
-598.627474924858
-320.2147038757324
-163.40288270632965
-142.0032382294866
-114.81052424981597
-827.5027239663082
-805.3697246221823
-309.3360440878421
-219.64378804925207
-158.7798053086769
-626.8391142677492
-134.53387700286282
-164.53151875456837
-130.17772033952778
-373.24852743029874
-361.9175277448906
-598.3041111525874
-186.06678905108697
-247.65485115159876
-149.66904452623285
-139.0523923832352
-195.5267872141169
-200.8011891648302
-193.20233965475398
-279.1678530009525
-236.48335147812355
-223.3084102830523
-492.4979633268976
-73.74880057071394
-195.7402481495293
-154.76635699838462
-184.21900527778595
-161.42377783359467
-19.77130223900231
-106.02584529554605
-294.00660207789133
-767.4798336204809
-110.71611147322403
-709.3135768588965
-279.23837394014254
-339.17839382130944
-230.21911401238137
-294.25810228275475
-781.515544063605
-578.8283787818491
-275.2092567045139
-221.75661431048917
-213.86843258334514
-29.378887407805607
-158.65678343530215
-182.21332643081035
-185.6635281769872
-518.6992220398339
-187.30897596382374
-184.49695578766983
-254.66821948604402
-269.32155546913134
-429.08646695486834
-524.1549611136463
-760.6669147027302
-550.9704356843706
-141.59411777368942
-156.0130928557428
-310.68013265039025
-154.1969280400635
-171.71864898624045
-188.22868588997449
-610.0053528151733
-147.32069385774724
-125.51563508271437
-149.34432207961999
-148.81844351483574
-108.24740536435677
-96.7014118863672
-186.9356917917967
-743.1289757199924
-760.470771347765
-288.4845983345806
-376.22858504164907
-121.99788213932366
-449.3958066570098
-764.7616986576672
-750.5137529558949
-177.3916681412135
-109.82981776743371
-329.9757431993594
-307.65985125247096
-711.5558819551346
-268.0950416802651
-102.50666192872042
-124.62627177087651
-210.54814088623664
-175.67961511540554
-85.74356439450904
-157.09779842570654
-309.2877589636974
-716.1353788657135
-195.272021115516
-172.66416338189316
-239.30013706550483
-277.9995376345075
-371.42980665679926
-208.8975772312869
-181.16125168339795
-218.52705345866195
-182.36292661528086
-635.9579684216742
-113.97196184291923
-736.5665704011211
-219.5410703429891
-701.0436747054315
-140.5867482887067
-323.7729710276209
-292.0216982401263
-319.24316877465526
-75.10335999436099
-138.96095678632963
-641.9030654892422
-725.3370146496327
-205.0013975037286
-212.35052943346403
-198.63455120297408
-580.7222782446668
-105.93355569023822
-101.48094744690982
-792.7916765366541
-743.9056042811821
-699.9093928729454
-727.4704660293429
-164.44598681687737
-68.7940690678321
-178.23997260961124
-233.16792751969575
-299.7080011384443
-310.7210009342842
-566.4555933375735
-721.4582387344984
-334.1790781034416
-745.6289839656614
-695.5156866644971
-361.50010277304085
-230.3065962997297
-268.4442859343539
-135.3290234039076
-210.12710207376733
-270.0966816385938
-248.5036657143006
-770.3748154288129
-789.8516381676493
-223.44154099388393
-224.31922464029498
-213.40939015025558
-228.0791173656318
-130.5728218047059
-145.31737049008862
-382.0636589819585
-594.5935659768087
-189.83462898008563
-143.31833450928718
-740.5461452534549
-196.35203831558619
-141.07944270074785
-109.8014346226008
-733.5461194953749
-641.6578880835751
-169.08611568648098
-633.7091478025972
-343.83634787902656
-222.43911366808095
-173.3910821810037
-145.70538437215677
-325.3299506066942
-298.3594008456131
-164.8786956588238
-178.69767427074453
-520.0853488275984
-115.64704069277462
-233.56088403972308
-727.7460482242013
-105.43558464339182
-135.65253980680467
-771.645934781439
-114.07908214852107
-775.4620806742934
-758.0290759217935
-164.52916299472616
-168.77981143750333
-214.44369195666914
-172.3811951558726
-105.03254173400252
-706.9617077367051
-208.95246734409756
-451.82660319342983
-191.52585538243343
-222.7817675166135
-810.571276779693
-222.98365182820368
-395.94689782047124
-200.91322142536686
-150.9242675405933
-140.4617873852553
-806.8960527700385
-814.727874746165
-835.2671156731031
-313.07803425483553
-158.30795539966107
-94.00106914763393
-218.50117402888523
-189.8592099722547
-151.95231985849483
-129.68810666870232
-511.6559873477483
-466.9941662533296
-594.5551984525241
-768.9588503126989
-221.3411449716718
-161.7242243558351
-101.7079880441896
-114.3787261202712
-239.03162082090213
-264.266127751765
18.92532822135857
-740.2580678031682
-143.43967503597102
-100.73471933452342
-452.9977216602212
-555.417636273457
-164.4935954952133
-136.704471134826
-515.4268240627805
-130.20591076387143
-101.65525998647013
-478.36311669928114
-244.38962264686825
-821.4835807190418
-148.99547364088335
-200.0120148803936
-149.9444249812459
-163.9354992685253
-221.69297127177296
-678.7421981029578
-146.55752793211786
-98.0483018982031
-626.9937569381631
-739.2349362288552
-662.9058012392508
-142.60917577180606
-651.2197349655962
-647.4518575333796
-141.5550443716013
273.7516398681847
-122.96753196427761
-99.88219606017218
-174.23181355614616
-146.13898883928493
-140.75879017457729
-33.8144578536036
-127.8970717207207
-133.1143974276369
-194.5073079970876
-1880.9284490715831
-633.7055881180206
-513.5589673837395
-31.11927616099176
-160.169286138755
-117.31681263542848
-152.11627213832904
-215.56335602612623
-204.6918075951601
-163.41299450702624
-292.66739318205464
-396.7999515500125
-206.173473613637
-574.691568941969
-582.6160117797435
-280.66122271946483
-357.21744977781304
-139.96920328666425
-149.2868483829426
-363.7903454838589
-684.1254486866469
-193.47438906698912
-795.0129378869821
-198.62076803846765
-141.38988432910756
-103.99657874602161
-153.42091365093674
-107.56856195360106
-134.34824418922244
-217.47972607230167
-215.50639757720882
-160.14582410830016
-675.0261466303452
-340.1820448840612
-306.3692480494776
-133.72908828299123
-118.58413587432793
-276.8291893472807
-268.93936309345236
-200.53229062879836
-176.54056417065092
-525.995659513005
-578.3213589676436
-93.13890447692891
-174.6690240626305
-155.76340911629666
-357.8132079063107
-159.16925600645382
-144.36475459035594
-100.89529719396619
-100.94523953785367
-224.4625534496602
-201.88520716841265
-668.3049850384255
-647.8881911212535
-266.4633685422534
-355.9388643728962
-369.07170417579744
-146.9296176752367
-70.82465982389691
-249.55269587173652
-395.623477576854
-221.4110664359028
-244.36149801118054
-79.20964196515321
-133.32893740731666
-126.63546077444798
-379.51783258745877
-146.14255641257984
-583.5419553023996
-504.5609910197442
-108.16098860394067
-172.1001261540364
-11.369517391156691
-219.86640801679576
-360.6721867489485
-311.13484895419674
-205.62426224291312
-294.093310089477
-833.6969938945442
-971.710305884824
-691.2502450641488
-848.0271470490089
-158.43935805282933
-167.65313792158173
-673.8616896602023
-821.3842283130427
-616.8405791700521
-525.8965486529418
-159.34831216599898
-211.95974052078958
-277.94676998364775
-158.03685200333283
-105.32136205178517
-74.30487961624053
-157.84212270113554
-128.1763722309309
-696.414930478953
-627.3522347978012
-175.92217696355556
-179.48076796382176
-285.9614639670995
-369.12857106854415
-201.8507405144045
4.0367109581021055
-384.03123318563934
-315.49424293613595
-704.8451796068656
-438.7312381695882
-134.8533545695598
-101.11329280262629
-109.04770872692657
-135.41873874727833
-168.87426399880923
-175.66385677043968
-344.58731876588
-353.80770337930824
-114.5509304284328
-109.71830530317608
-221.58977462534708
-383.2145519386674
-11.423519848059485
-176.77726899666237
-446.62730123621185
-432.4477395463537
-105.64462092709792
-108.37124559156683
-484.06593589922807
-156.16539623327935
-477.53808276167166
-684.7872436058783
-155.98561135431046
-159.56292073590194
-221.96402409745048
-173.00565986270215
-554.7558565523866
-120.43472654743874
-90.27793088465882
-103.46988539433202
-348.56554779180476
-1241.789821628794
-824.2972289085683
-554.4514919181208
-131.91988588718306
-73.3822903774672
-168.57500559665277
-185.56256370282546
-241.7621171481785
-335.8523934946469
-423.38913449975536
-181.84447439391678
-380.1568661528646
-362.5234938470019
-124.46241041033585
-121.56042615138269
-561.578096194238
-358.36294124170945
-201.88806939939414
-186.84676766889072
-155.2485991968888
-107.94107753105448
-659.8081754279999
-677.8398078988139
-652.8169073096637
-149.77058878627665
-502.30992613829477
-517.3069808779173
-163.8081624253131
-195.19660230570543
-568.9497376401966
-499.6156864139657
-954.4279807884645
-350.3682032500708
-150.38560683440832
-441.644248574207
-405.8355711690708
-137.5833777309345
-266.88002154948055
-303.58037656562226
-238.05624556036904
-45.94951882458696
-286.57902207860934
-297.8386990894972
-119.58545971612898
-162.5071578874154
-151.25779020646667
-204.0303940354055
-194.220114435394
-672.1142402776476
-737.9113091931096
-811.2590911796465
-232.44747169702634
-273.5752171650938
-241.83142381330362
-222.19282875339925
-399.6121220127864
-447.0588635684883
-839.1975945622925
-359.2729819566401
-187.0019434564176
-292.5766596182016
-942.2234872870346
-176.17842612501337
-135.8201730483371
-1022.6047320721807
-295.921570344442
-294.4652412496865
-98.68820187869214
-177.80984898604765
-119.72621591476015
-150.93653921807444
-677.9987335966101
-170.60687920659495
-607.4835123246979
-673.228101609122
-380.4619028396844
-427.5187344360302
-132.20780271786072
-156.57378913597185
-400.4445133141613
-475.76602287993666
-801.2587127067985
-905.7469715640516
-170.81906990460038
-168.832643736519
-83.81065686025136
-118.930656168677
-569.5454814894167
-606.4693275081509
-240.3383390994334
-252.58999925432786
-388.3098611438952
-662.1154167055985
-827.5565089016882
-345.26271396216566
-234.00200370551968
-296.10793623107804
-149.88361991212696
-146.16091073455618
-168.7994770799518
-147.32781986671327
-162.79176466740427
-177.46729745257005
-206.01939349322507
-291.78988689339576
-208.60895695739418
-493.8023557338639
-136.5541036139648
-143.03251758558014
-172.66338386859158
-209.1064686194763
-233.4982955368931
-177.56397945263865
-162.02254756355927
-667.467622791192
-147.98222358045865
-127.72731081967568
-834.5239607041201
-110.44308784616072
-118.7010123789654
-106.11573616629295
-1027.4936824806719
-731.2423565547765
-154.83374390397287
-137.24945693930962
-117.23426509550683
-115.06972392113047
-115.97545325270562
-152.70615063390522
-149.17405118311225
-396.97084857770693
-154.54758435606593
-128.94502305963476
-113.19534962136771
-168.51145063122118
-651.0867505890219
-272.4513338640917
-526.9071583091106
-554.5790310522868
-169.48774075198295
-208.56308246987896
-182.36901530354302
-187.34870820962482
-580.6517414482491
-838.8256558563182
-360.8583395807141
-244.3559391356041
-124.51266835971951
-146.5265226092924
-415.5411638896349
-22.111452805157725
-88.40484214419416
-120.30919002522825
-162.4070220003798
-14.065888048764037
-476.097302050897
-472.430671306288
-604.9307521938022
-202.45466482089665
-535.6072756848773
-783.6810310436247
-101.73506466572283
-147.06069660882497
-677.8217718441621
-290.84789518863033
-151.91601203655895
-135.25571885099248
-273.43711065188705
-273.5635940718146
-83.61864656850506
-161.90178683262968
-668.6793676376893
-539.0832645784193
-162.26448635767554
-168.26306129319823
-836.4944227225292
-155.63877882011832
-380.37449018324713
-554.4471171577909
-1345.5163050308986
-455.52104667908463
-176.5630972542089
-170.8207178928549
-255.2324885527232
-596.4922883173801
-568.4110903102426
-538.255143015182
-391.27194784837747
-315.95439191345304
-298.31049495574666
-298.93824999757044
-294.2685570209152
-346.9215740873195
-692.4007237239991
-577.9926269278737
-126.86918068697257
-576.298841395059
-163.1754797025971
-164.34258625414338
-631.1349998750674
-596.4415418591027
-193.11505063102277
-134.40561369992486
-19.892215136459512
-170.14771611383168
-244.22776142527997
-237.93502338887072
-221.67499148910719
-222.741687759314
-564.7557465276941
-593.318994567678
-9.612262601572738
-170.15091399643592
-156.36533294751987
-155.88432967854288
-700.9787089851094
-715.299543959154
-630.3816233992146
-174.22113942709512
-236.54020222549542
-328.49075264202327
-279.6660476224698
-316.5760357298366
-238.42355360241493
-370.48144314531834
-337.374576195858
-864.2326246280643
-769.2961192056927
-744.3992779761265
-107.88113930511881
-861.0095560857058
-734.7060035363082
-734.2306705199535
-623.2038120778979
-221.7020610555906
-598.411767024955
-624.3343957694536
-597.0851445113544
-27.107045279782014
-112.19618600946389
-118.53572054941395
-292.6834497041132
-502.6173558399367
-202.13752695196206
-190.3682736393451
-366.2549849579352
-353.4531458752593
-109.59288649357377
-121.07830630981381
-1294.4623106566444
-184.11647558165828
-157.7127499837116
-148.9733554020117
-591.0123933536488
-528.0429031689246
-297.54350806515436
-256.5357866876859
-229.68578044100695
-221.2884327738409
-159.4543439598691
-581.5465174202368
-112.96599775458694
-124.65901945956732
-1249.3013486687892
-1326.6772493355768
-717.6202763587413
-607.9492432755092
-340.31785704686206
-120.85578125951047
-1645.3377516806677
51.63512124863976
-149.18080641102105
-718.7137953245293
-148.09193314471776
-151.10106091244234
-149.04018200508688
-155.5098212930545
-1071.185025653449
-1041.7283844202718
-686.2472906181006
-755.616584151643
-340.61701949918057
-179.84804508616173
-303.2325012991714
-483.6435980600659
-213.06572076811307
-1027.5480085542292
-141.6715406817715
-577.9272218873806
-1435.956377883006
-1355.4637348653407
-111.77241187738247
-157.90317703054086
-724.1634875764815
-887.2580419253454
-372.6448591307221
-346.7347332699552
-152.1295101852766
-140.54250517291416
-164.39677989228198
-797.6294401624654
15.232146932326586
-192.88143637427692
-112.68508038937044
-118.93971882082178
-128.28365043490953
-120.29953977200266
-421.12431924733426
-443.67780970153507
-230.89094133141856
-1050.9037537595586
-207.63522688692387
13.635952597475125
-165.7440967566609
-148.10389857062856
-188.41480540888514
10.521495678344834
-151.32066422518676
-142.4305956636291
-173.14393323953533
-131.67950991960944
-244.4953784358672
-185.37450336341857
-490.27288060743194
-460.1309774405854
-834.1618794521719
-758.3917766539862
-135.82238303746072
-66.85552299199823
-188.37668098427724
-163.11311962171584
-5.198988355705552
-137.63337542476273
-653.4008721707186
-654.7025535757841
-125.32238387449377
-152.38866591906833
-810.1799958024994
-1088.6907991955636
-550.2050712797051
-659.9879379871901
-103.19349962885673
-122.6916645031732
-339.2646210433175
-191.62109641266483
-180.80219267185134
-240.708726956704
-199.53991132540335
-202.64038844462664
-213.21048811819202
-18.05901878535215
-448.98942977562604
-601.5555448167254
-212.564233820343
-284.0101566316705
-177.95591466751438
-242.6817780454265
-226.54170501159723
-689.9149830293313
-131.8359600755263
-612.175470677111
-467.8890355813159
-290.92551537481995
-316.1181382668108
-277.6369214878782
-121.71320223491537
-6.277638996409621
-188.26930916458437
-407.6187163093653
-249.9990103907961
-239.77159891999958
-408.84391856683357
-214.76762267491137
-23.76395007558321
-155.97842893533945
-17.672285098950624
-262.4425728161862
-168.167181077639
-478.0353866790963
-102.50899704125972
-106.71400378239672
-142.4165387067099
-97.55415742982652
-137.19532402260938
-151.35855801390173
-540.6632936842002
-376.5063372807611
-299.7612509547962
-236.72889702630908
-827.8583752343975
-683.4582606378909
-593.0775439732633
-218.74829361098287
-137.8983316078071
-149.95508820065598
-245.9404895841129
-263.72978911587023
-217.30518143273935
-216.47886035406265
-757.2541377154806
-669.297310500003
-527.5200297527207
-680.5238922296188
-262.69435850316734
-235.77075079788602
-623.8402649561122
-669.8163924290832
-219.02783939196078
-221.2463969795009
-63.25553621920042
-150.00420441267332
-140.87125726033383
-97.74182857853569
-264.4657272061224
-247.12052352376332
-1134.9158341097004
-219.3875698714151
-556.6531034790005
-790.8420399743965
-738.5016474416079
-681.8878769086738
-218.42693015823127
-206.22871140356241
-518.3804868450732
-175.33734600105564
-418.5192954209571
-646.2037387181666
-207.2975299709588
-199.80883641070022
-255.66542480662937
-219.52609301019618
-182.58981129039404
-117.17984995893515
-375.19469841393595
-377.66695701708363
-979.6579363730674
-983.4445759082712
-658.4384941541142
-669.2695084302875
-292.09324231985767
-193.2525931316502
-126.96256186383589
-147.9934033126804
-284.38413992744375
-194.75461877744323
-123.45701689453976
-631.015869846631
-687.784174989584
-633.009964376629
-699.0377498225819
-140.12962001199364
-216.07067366362818
-213.8053643911775
-185.29510972705677
-209.59622551242543
-163.40006711118014
-145.2353171982339
-409.0872818645575
-135.2432613014944
-107.06833812513483
-91.74748263579862
-1046.25364169691
-655.5273679954643
-302.59867972492566
-323.00684497495206
-325.16949386540625
-347.73020473331434
-153.62116715018718
-784.6351636748033
-224.59827462726017
-259.8151308098223
-1222.3843835205357
-118.674412967389
-171.51962828267713
-136.51761109232302
-269.1895067446151
-304.49915290984995
-544.747936044604
-547.6904915371161
-173.3981404983067
-151.99073905531117
-187.9210487716017
-152.49024597823205
-215.9130561277928
-200.7512241768967
-188.65722457214542
-267.97252361526455
-173.80426570643618
-189.95380273672515
-305.8679407688612
-294.998290736794
-221.78318842777105
-252.22279793103954
-181.28646662758246
-645.1816462024824
-9.175595536765641
-195.99380065253027
-144.0015845547407
-195.03063717781254
-398.5384791239744
-386.1018841397008
-453.07444879251653
-189.46832829157287
-672.3760441488718
-373.2084045644796
-158.66412348570373
-129.47359040818716
-178.90808086728669
-23.100953831013484
-160.44126151279644
-162.82048108366232
-399.90364292347306
-365.2762135347965
-354.21873051981584
-443.88090549887653
-190.92008289585033
-217.32799150870272
-146.66993965857438
-190.83439491882967
-464.9782697572613
-215.55867195121266
-395.68926237283966
-480.5428102968733
-268.0073593012115
-614.7539019631488
-279.3904460254572
-234.6705945003439
-265.7582792919519
-168.0230280749906
-102.85469788868512
-81.2978947394046
-212.99697115706044
-228.5148890589971
-142.20879774668657
-158.41007778867458
-116.4193199143275
-114.99873816985516
-153.9844184459444
-131.69910628679014
-446.8460820396848
-158.21709235338358
-89.06517879345019
-136.14513343845775
-66.76319487638355
-152.93636178834743
-544.6253825586189
-432.6355878848618
-466.0619908761828
-299.0747313110436
-158.7693053101371
-578.742673538438
-645.6982772490437
-373.6765216866453
-314.99451932303583
-250.7161555428027
-209.7561846176253
-254.37058606676302
-140.55078303963296
-1017.3978063793497
-231.34629495569595
-194.48264838923387
-150.25903565958197
-141.63096910679263
-1175.9918220188404
-1253.6056622375359
-292.4968430963258
-241.24831144908455
-515.6719998571806
-534.5631567698333
-121.85935473271029
-154.62362230654537
-242.73433040781785
-178.10613374107777
-935.0176364876332
-1824.477185313953
14.872465490374921
-179.10075926797185
-234.6750812401713
-188.59550604354274
-636.9449983130052
-438.3791517382418
-406.34838410523827
-204.03450999619983
-202.46667566296728
-258.9814484218563
-277.5539532089972
-800.9991614084188
-913.8642450524968
-625.6586054268515
-111.7369260269719
-130.95844270088432
-121.89274395020365
-109.02723830841246
-151.39429874703706
-168.7633689268873
-162.84938779125147
21.525373714321915
-153.39269622542702
-135.92406478321885
-114.86249804617414
-98.48210743532903
-394.6794545550405
-378.61714257755773
-73.85277954915932
-217.082650870545
-570.7895262145033
-374.1270818306057
-205.18161857017924
-151.5196378139405
-146.73848912219376
-154.6048744502503
-206.23914540408887
-207.81409545527413
-518.5423535719983
-643.5168422650164
-605.4506171335688
-551.1692465203055
-352.0263178304241
-413.298772216218
-137.54153292826408
-11.002957326571817
-665.8163307787026
-146.28592443770512
-1368.269787810155
-57.83757039908962
-200.9453397219355
-207.0424528568804
-9.8617456113993
-300.6134279974715
-771.1754538700608
-808.282088382849
-512.4614746691684
-169.09565458941324
-138.60233129252026
-154.9323995278483
-339.02704295126375
-437.0760295427752
-209.79307219548238
-613.6261120156605
-795.9786650604989
-574.9620347807426
-1400.2364749022875
-779.4317155250554
-175.09183771896153
-204.41910020883444
-387.3776181174344
-208.2427371818017
-142.13158187734504
-174.16022471884497
-119.81650811476301
-134.15582525398932
-785.7641524816786
-695.2965861583598
-149.0282193963683
-197.85409136953928
-368.83689467922665
-488.5309395110056
-230.14008889401856
-528.9044950695377
-129.91923518887293
-112.59848966162103
-200.72556432059702
-328.11409074137623
22.79012370294116
-144.54954197768242
-209.48758724488448
-234.81922135279163
-162.79522198410857
1.6152204293171337
-127.18098188433397
-123.72142424440938
-419.2853316821902
-764.6216458965764
-100.07269376487356
-108.36737005381565
-104.36962523603171
-109.76592929268104
-251.71832416779563
-394.9951497387308
-650.8205485036519
-541.1408416787796
-445.3354613605083
-592.2079232378271
-568.1964159035597
-654.0488708763099
-495.1981640061358
-371.1030692294909
-247.4407150949932
-260.60011051667175
-217.9558612380895
-218.6861232991283
-146.80052972225695
-196.05478828490632
-358.78337201199247
-344.6044549132822
-143.92517712030667
-123.05874105724655
-144.30277253901906
-143.734776774689
-491.6917767545978
-220.01433374325387
-174.59329430020048
-182.6705535945107
-405.2896673492692
-724.4613949958593
-145.08235984695472
-338.859035090979
-174.75205631171087
-115.44769846602254
-328.7749385813272
-290.4721989983874
-320.7126956387152
-519.1090941621937
-145.67682973742654
-168.19507276281612
-350.2785307697136
-319.0003157602391
-205.2852608112733
-181.12088613799602
-88.71215208734512
-102.63558496965197
-873.8349941783457
-919.8030131093948
-235.54368988412656
-188.24374066949792
-644.2640440578978
-169.46366113483776
-690.6366285571446
-756.328036210478
-211.07331904844972
-180.74474804150833
-349.8498119869113
-316.681301783468
-123.80519086076838
-161.47737315608862
-147.36407272554658
-153.3601369936469
-804.2844873838225
-825.3264019741199
-426.70190456518293
-253.1310418818961
-179.2964825125835
-351.949807790592
-123.5125543441878
-117.89804712451614
-152.09635990643756
-163.19379386445758
-534.2115936199136
-565.0457565698948
-1153.4545062201646
-1310.609627523404
-135.62331794610142
-115.84543762020161
-154.8358240982684
-153.20637156215344
-181.13780357948582
-176.6003364819859
-177.66576492153473
-159.9532457715775
-103.73726270146983
-174.75078234391566
-208.2535033383384
-266.7639314868501
40.95885494833371
-189.4241832061752
-62.21504133817907
-28.435303451359033
-327.1101684835134
-358.3024371338845
-162.22410870549197
-164.646635052011
-153.07825661277442
-153.03942614136218
-187.00411550544317
-167.50198149593922
-526.9944488133405
-610.0770137773513
-142.34118195453658
19.45466309488043
-198.21880507188357
-341.3138775378352
-451.97728392952513
-922.3647017514437
-400.01085773415696
-651.1030963302046
-606.0335430375842
-592.3300937548299
-202.87242227169162
-783.4595665894179
-383.0856279685022
-426.3356741694157
-518.1601238323387
-612.756875228983
-726.2558146448121
-183.44312734825618
-131.9819297691492
-130.80833509351228
-740.9991250492492
-504.779917219569
-175.1643575672786
-165.06319559088348
-153.73728908254952
-158.32659313109505
-1276.8679269474992
-1107.4513777227999
-224.57917798756387
-286.88886415030584
-487.8285923842862
-358.0553863093726
-185.21417851685314
-151.71893712194975
-374.85141141084773
-577.5261349667795
-135.82116594091445
-185.7747278247457
-162.9927785347512
-163.94067314444948
-167.85201847969972
-264.8879669057672
-201.56183143700628
-194.8933383694826
-123.63216180691369
-99.55751265740557
-27.197469267520603
-485.8007248691337
-258.88327792772895
-200.2860728647756
-155.97914174723473
-128.9430792140374
-146.23927759500978
-209.07407488873977
-165.77014335181468
-627.00797106013
-196.88322854047152
-657.4078518829256
-154.9002895101021
-104.36112300181917
-225.9566392445447
-605.7549444989378
-118.15664787050125
-134.2260569135522
-166.78630195025855
-160.33234730140884
-128.6338770630165
-119.0733513962146
-283.71649592944715
-255.29537504077007
-115.80803390957998
-414.6176835061015
-231.47513631255504
-246.91885220334106
-206.68706390438626
-181.91660797975283
-105.64847386620778
-131.77258947934513
-16.62489749774487
-153.86866992101915
-531.9797908357737
-869.7241874292005
-151.19211156868528
-8.266259773731448
-237.24567134653267
-191.8505881586561
-28.523088130897733
-232.06963464669792
-183.27877820622803
-211.4860656616073
-283.6672785766324
-261.65780001934775
-425.97482876723154
-107.98890295857439
-574.9230900445057
-722.4704711443707
-450.1759181313197
-277.51750243302575
-133.35846804985943
-96.01546047128309
-605.3452286793929
-126.0764621174891
-615.9531740352766
-362.180255913758
-132.09774712949098
-256.19040509107276
-162.1576983925463
-143.57354354604936
-114.66632226275715
-163.40881191728104
-165.15273376351954
-264.5226764373416
-436.53203206534016
-501.3807723400236
-107.8512777854638
-90.66744055008797
-327.394261971589
-271.2249988772051
-588.0635943305908
-268.51790578620637
-283.6971404000349
-270.66634922703844
-154.97396406153035
-157.8668818196317
-469.76608635943904
-663.6967662884655
-291.2294407378323
-288.6790082230226
3.957336465771988
-1713.6591467708179
-411.2743884344038
-690.3085459992426
-111.61833769707825
-191.695096393175
-138.47908786616773
-137.32628594591415
-193.61704545485125
-347.5458171211002
-91.27827110501187
-118.98747626926001
-131.7799185688074
-137.32285290431315
-221.27807467912868
-196.41930886416336
-239.2093977458035
-1581.4208897161493
-144.50837646397878
-169.4122484722539
-248.86333543489616
-277.9580962593734
-218.18100120409923
-317.8131191339121
-226.63824471671225
-670.789026936522
-211.58695333279854
-324.0764847718302
-368.75671881659787
-277.1547555983842
-373.4675706317641
-329.81128556679084
-665.9658741038879
-724.7536678623705
-143.1383370618337
-156.05075655385153
-882.4201041234945
-178.61345306793316
-548.7812355238004
-343.06663740726907
-119.48709693247332
-291.3486822623752
-929.9638695184726
-306.34817415796
-551.0694321003565
-431.08001740231236
-220.1062768757227
-222.1824236737317
-120.82227736683996
-1069.4661653407818
-181.01443392820093
-130.07386338128885
-98.71474598744219
-174.3728901558973
-570.2039353650149
-737.989771781919
-608.4793866213665
-1444.7587241129308
-91.02847725107553
-626.2659136583462
-177.94330138018972
-150.4808314443544
-173.41094860161132
-173.72233441926062
0.5317311816254033
-39.426048232960696
-271.7475972007036
-139.53820310210483
-392.6645791705862
-531.8796287262107
-131.27750381591557
-178.16079166728053
-200.51396178435095
-168.14937988286522
-120.8025350561318
-142.6118746030951
-444.10738604315947
-319.0965707883581
-223.10726701207687
-232.8344299732748
-270.65129355661725
-267.8329114297833
-287.53837434560046
-40.453535097533205
-412.0365722736306
-710.4073981816473
-194.8437646895277
-152.60179324983469
-104.01575169893707
-166.6182329985723
-225.41032145769935
-198.35570904024814
-324.5610812533798
-324.88351751145115
-190.54239879937666
-217.9472101432824
-700.1477533312187
-692.6659203528296
-218.93592859951622
-24.189751153992887
-1161.155203304466
-534.6323484212659
-395.7961853738642
-147.5226517011443
-300.9839707276129
-259.35000542719865
-582.5062016881018
-531.3455081939625
-323.817640509057
-320.4543031404553
-199.42802438738823
-874.1646132299941
-679.0475318424342
-108.03119766071535
-321.16273319771557
-366.2086750180008
-537.8478914070452
-124.1507806129222
-840.72012899028
-1100.1217200049778
-130.65923355487533
-126.53107595361595
-125.43888484511086
-149.69676245462057
-268.5570618064081
-231.7786316001819
-658.9932535720088
-652.889190896692
-144.0804468057638
-128.65911418839832
-329.8188744828438
-285.55440726194803
-142.8020111903886
-48.248759515335124
-216.15482454926334
-259.22672644620894
-333.8306823068378
-262.7728364168171
-205.44282771706253
-203.4023246070404
-921.2298007530377
-790.7282782720257
-136.393322143476
-53.35318674627624
-672.8025046669645
-703.1225585863298
-835.6774701398615
-835.8266790217505
-107.04884538001284
-165.39400823474568
-534.0939462179199
-226.5431078862418
-183.3755150758189
-225.40744750644586
-187.99539254423047
-160.91524297260136
-648.3102310463563
-851.7135731373714
-664.721574878175
-544.8998961400655
-157.93039333710468
-169.61855850580952
-650.1860105149326
-1000.687966307691
-391.1968391263031
-362.82034151787207
-168.7489399237761
-204.37266482571093
-114.74251629570948
-104.06163047731967
-118.1138538435143
-108.223288545122
-633.2710011252725
-143.68344909006015
-349.6173068468389
-242.63020197056397
-482.71667797206123
-488.7316299254282
-95.99537614902552
-329.1545807010226
-638.1374646283098
-582.523861398817
-613.5994031522225
-921.3189203479363
-192.77996390406966
-122.9130765346114
-148.3458905735214
-151.39455169777375
-683.5588018017423
-756.3823611753903
-581.3324337555322
-600.554124852519
-195.55639979120951
-718.7991188458428
-133.75402146703192
-111.57712106422018
-419.9016025607506
-561.9660800905166
-208.88372628411753
-164.47176800077094
-544.3942633714925
-528.3740937983623
-602.955954100886
-650.2978400146683
-324.4820454134052
-266.6371733062289
-205.24984229429586
-215.83308549683494
-146.23978154311524
-160.34071756019986
-258.77312970342007
-334.9148061586198
-289.177042164483
-218.92780162268144
-120.81530697206362
-1104.5928476519384
-52.34119165718146
-201.53542634586435
-575.4140273736457
-671.6670052043602
-665.7585614138654
-249.83747547382256
-267.7854633608041
-398.85667317436287
-274.4048099352834
-248.6044298583239
-597.3677617158737
-655.3247867438388
-556.4922202740267
-649.7952788066833
-657.4998243457906
-402.2330142171519
-500.5329369717294
-195.4931903763773
-614.8472985640158
-477.64443292869754
-146.6746186420233
-144.5602062730753
-193.91485909229232
5.291688041802217
-397.06838819626785
-143.0443099159919
-146.99404906971603
12.408314105431245
-114.17636048622103
-573.1765883823375
-196.61128112299536
-344.17031019114313
-127.27646037146883
-140.6521733931775
-187.81491497439592
-221.08348770047803
-889.8942283430702
-1306.7405736996168
-239.86584289151554
-209.7412821470336
-296.36634212225863
-292.3526768938701
-124.82874061611335
-153.97953468197122
-209.91441225943322
-208.8623830511871
-1269.6869776637666
-545.7675251471705
-158.76628413547505
-46.60040814998219
-742.7485269338823
-218.86918100583244
-433.1040875745642
-334.4756314733537
-255.46186226663164
-189.54649983319715
-167.91798421276283
-156.88993055491488
-148.290964227829
-157.59881759809033
-139.31031901143197
-170.14707441387003
-538.8440293769521
-546.8775419525548
-300.5572728112139
-1424.854305436102
-259.85999148685767
-254.52928905844345
-222.98893224703235
-224.84807404851844
-257.2178959721588
-294.85654025246987
-186.19402468672905
-119.95218857810667
-161.44737632509958
-113.70581866951798
-603.8712159126763
-114.72481067046218
-531.5511058550338
-391.8210276365159
-113.99405805236916
-141.60595921597167
-609.1735902453569
-1216.405712581537
-257.18422072032547
-258.39775510155954
-193.4289390702342
-162.78649471923097
-154.12680922171637
-150.850136534358
-1064.7500586695055
-191.68520818116758
-77.70994702978463
-112.44086940515477
-346.356798603366
-179.39563658922344
-124.89619482678917
-121.87987944904104
-127.00800523014657
-114.29040906313381
-285.5429103692261
-218.9584054358529
-164.44419728238364
-138.67133155032133
-314.55949524206983
-137.87911442666353
-180.11315891055924
-282.18319585300935
-720.2588375649096
-608.1049550327325
-115.3583426064663
-89.0261509382133
-187.82730518778197
-117.15240836577583
-156.34159679342415
-151.83975305709475
-113.55365560881518
-119.96436384375727
-247.7454225761702
-351.58941531125765
-532.2477481208349
-385.63731327556025
-413.44634040619235
-367.05747212631456
-164.67507231994477
-152.2338869860171
-150.52140658956912
-171.06666870985677
-762.7938915788461
-819.9151666186231
-109.44926978105218
-138.8654148406299
-187.0459886417985
-240.72516586803886
-80.3808418614442
-279.90744399154187
-62.54742438449931
-319.6678901433762
-1332.5397362778554
-1212.8644784349315
-326.22748805328996
-334.5493264074182
-561.7625424167886
-447.92133215913447
-169.60292166876675
-139.55333109157638
-160.41201405372522
-120.70647213575373
-290.5081786690401
-235.11968740637676
-136.4578717982076
-154.7444771689186
-106.268947903801
-124.68344638390477
-415.5390114413718
-189.20868178072945
