-858.7539767014372
-680.7940645937736
-499.11474134343416
-515.9972272341281
-19.39253020414793
-17.92813143267638
-365.9058809644023
-12.107518071199308
-325.7980892023787
-342.1670116700527
-216.3532677504818
-135.12154485106444
-530.2485332819798
-459.9869913580106
-167.8794175240129
-377.3797904082004
-82.810362122191
-134.95983948236682
-164.29763299728435
-135.2681426626187
-315.5543418089794
-211.29247752108535
-280.23739185805334
-256.1911343566511
-307.65080268326363
-225.6695481566872
-212.4538710329266
-263.69910620899634
-249.06078009947976
-39.18588343128796
-339.15078988792084
-512.1153384572639
-516.1814656025902
-434.85435599028494
-404.86201538784684
-377.81520580963706
-125.75462755528068
-96.98202848239222
-412.6682135835011
-668.8187433975141
-750.4243055043689
-145.67697631576698
-601.925682224147
-703.0300651009907
-161.75909045155507
-153.19154054015527
-534.5612865566904
-811.5589400739897
-573.4588311552931
-476.161987240151
-427.6905078569404
-569.0925733705196
-91.7919517747162
-97.80448244765874
-136.42029612506647
-111.70700424802628
-377.8958744812689
-162.10660551622857
-468.55437089666447
-416.8222501007722
-163.15312642082125
-184.3159799454174
-291.34556699430914
-216.9392146118941
-9.680043572593789
-231.85424945378784
-379.7978194129095
-511.8309672123444
-332.45365330636764
-471.68366614995824
-136.9129266260278
-126.81234591472038
-430.23510084935276
-252.36006944479328
-53.09281577469342
-26.860906727942496
-126.26270081985007
-102.37703338804269
-191.2471520690899
-225.04872876329068
-10.192442271339086
33.544542926718016
-238.8025633084412
-277.2132628921635
-528.4562195342669
-547.1829506359729
-169.47578809590556
-51.45938929460907
-325.92433072496954
-278.5720482893247
-483.5991799857949
-454.7196990678663
-331.3456305883172
-339.87331962536723
-571.5133335200562
-724.0913634974572
-272.99315903076786
-259.04432226878055
-356.49506174559076
-278.3446274327506
-46.59338468945971
-56.60082337752475
-596.4175998870028
-595.6863705533531
-213.67508042845907
-278.0775916873821
-76.12834642326406
-40.08054366011304
-911.9192785016613
-191.53253688248157
-439.8657379974371
-272.54160668696693
-340.4191375359255
-33.49067271156339
0.46107797027045194
14.918753810814382
11.291615919287281
-41.57807231299838
-154.54254924594503
-204.89479499424232
-208.84329609106277
-93.92621220055467
-471.07622043163013
-155.83888252655802
-618.5981539742495
-351.69763312023076
-182.54862496059337
-84.6399049261142
-398.8299303764196
-404.9503958165043
-439.38500689214413
-578.692904023512
-78.22031851834237
-45.20870405711882
-55.86518026287477
-116.78872250667794
-224.41529997079647
-279.56952846286947
17.464715695877942
-14.069131820020104
-142.42146021151038
12.035745841583605
-335.76308006316543
-302.54161584733833
-157.8293380740593
-90.37927532729387
-735.9397322230491
-693.7757127716251
-107.40285109700832
-89.029996410772
-23.09285220288575
-160.70059620081918
-129.6691727370116
-153.4201592821288
-789.2981718712331
-881.386949995439
-603.0320894033589
236.19583514668253
-509.1646508570807
-337.4699048793432
-313.29728611277136
-325.52430740659025
-173.46180776610652
-194.12584628274473
-46.08002045604779
-16.003074831042895
-137.46405816301026
-84.81738180869817
-158.85837631780825
-185.86374413065192
-233.7575775153252
-204.58306999963457
-112.69661823732767
-201.80679155009386
46.43885797695438
-66.347691687326
-59.4684801328831
-407.08849494014
-712.7912434122841
-468.3614647353377
-527.3959240264151
-520.6532281194984
-326.7401797573151
-312.7562886405108
-88.17250074890649
-22.43068543242157
-240.1920630681005
-137.53207695580943
-98.3324311608409
-192.23265357954978
-550.3748525413071
-670.4562281058825
-265.0019582446404
-435.1183328741753
-510.06407607003234
-188.49073224934858
-741.1783852398564
-734.2386625777875
-551.7181229269214
-353.8676521638887
-315.8573219777245
-219.39653417235021
-135.40246251456108
-147.32613606791756
21.057429940859627
28.248672012434014
-104.43216833044558
-22.840526025881402
-32.97417567833526
-180.67097221513046
-242.44899481322147
-265.55460955385223
-473.26718986680385
-252.6270061997451
-48.27138677272447
-45.412595884784665
-461.6562861192078
-383.1235601404833
-83.468328505583
-173.2247646043315
-302.2677572639619
-403.8581607339734
-165.72040615693982
-251.29595542970216
-305.13645039092046
-257.7918954188068
40.89411339799561
205.50035014316794
-195.99011191231267
-112.29328431659607
-254.06133446263348
-221.40253769577578
-301.61187956476374
-322.8949145168361
-334.89379839313165
-218.2584416028891
-77.2505086301619
-49.38119235315106
259.5025179821565
48.65792266383448
159.87592521280658
188.08450942209342
-162.7251056617198
8.60482481453694
17.632852198534152
-494.65677047172625
-156.82204644443428
-138.7634465351899
-413.11094169233814
-17.307996590838812
-80.14805321139036
-217.17574479472586
-266.35592243290665
-240.54685414704855
-33.554677817043384
-43.13013688802597
-75.93835713715059
-43.47139136080159
-2.960055864329454
-35.195006501480364
-192.44860635833749
-184.16499931822074
7.593934603322026
-48.13210570592444
-204.57555015221396
-408.76184085206717
-6.520860469085591
-47.53203655296075
-52.04009740673584
-96.06446707717876
-157.22437064355714
-50.936677895622054
-134.86290008162445
-270.4687406483008
-79.46205315181462
-56.445514955351804
23.422849966095242
-40.93842374281102
72.19375741260689
64.00592162725182
-71.64854258748349
-70.76169789823916
-43.212001269822984
-55.83042719988882
-275.24683091164025
254.03313762691084
-106.79211980628784
-60.0913569175573
-61.27554925074344
3.2019252643669405
-9.201058145142113
199.95788192074122
177.45578255713556
-19.567541608507156
-284.5877973937154
-281.0972954258026
-236.3730466928296
-134.12017625086588
14.748828317039184
-118.07242018458147
44.806393084075836
-118.51868452629287
-137.73190028396587
-335.8707118256391
-268.49869096748944
-282.10288392492623
-172.91646886125548
-60.77937775777548
-100.43391494430747
-115.05643753029096
-25.462615545600556
-22.49324100084924
-111.73285573424238
183.55910280447853
-223.950152310764
-71.90957669950525
150.09824692949326
127.39426491439647
21.254155319758382
-104.59902808846381
49.2058473159085
-241.24502972414805
-162.79565181401577
46.35100298657608
-40.04906875753837
-28.967749095653843
17.44587202783707
37.647615420040324
-10.146216283251093
-228.264310814132
235.8770482026792
-13.65834219816685
-90.9687001502986
12.22843618945204
-86.3986559659243
-17.06248983569789
43.26089899745676
210.08104601365423
-240.2248360992189
267.04619672159254
214.17377257350245
-2.1374651311314636
-184.5665347400268
-107.27144869135411
31.20464860792049
-59.49062783966742
13.517662531664243
-75.18026878380047
-32.74356330306543
-68.90155364354152
-64.96615164665155
234.97962791039313
-132.00963310252465
-18.120163246295263
-293.1962162369466
221.39479892954134
-150.24410032578749
-22.3947818734449
-340.34720377328824
-356.6219756609156
231.25385162323525
219.53319738404474
52.834887404931806
3.5055472310929616
-40.035751018212984
-127.4061543359652
-214.01482858101056
-127.77965480370699
-76.20147176073074
-244.50811015076349
265.49349481898776
-63.48974342064274
-31.872283165966238
-17.764128297676308
-57.16472446596194
230.41035073394337
-90.61824199273917
-28.72982805569559
20.34498319473542
-242.9998578982076
25.92634195376216
-45.44683892283395
-200.50309693283816
-23.288226747786112
-110.26650791384738
21.65570534599192
1.7258670017569244
-34.919434497887636
-119.94354886506632
-91.89224522766183
155.36106671930094
-34.55787628665318
-339.01432473721604
-129.91518586954322
-293.1799390706161
212.60858384263472
-74.62121557046757
-190.5744556138825
-222.7979821632544
-139.43056588391707
-308.02219564102114
-131.93820530995595
254.70171027840027
239.6923043011229
-71.99937116032024
-80.72130298203498
-59.86491340377289
-244.32899945833017
-71.40547006600696
-84.09161205131647
148.29633547548602
161.20291522372435
230.23343985893948
216.7172259142046
-25.409384014431453
65.1286256905
-187.98091269941074
-200.70345998619487
240.90551127160396
-188.11948409427723
-890.6115854771848
-308.93933740141443
-173.15200729894565
-73.1478553253478
-94.30173249769807
-365.22277290261036
115.96115493900965
86.90005058615625
-2.107223592280178
266.03061056810395
-38.92460043868782
-42.83589650050931
4.47146670501489
-18.68602219143078
-87.71555279295643
-62.17207545410489
-125.92170661321
237.80040767202402
-335.94404220291887
-120.53132603181561
69.90999070937599
289.94366872404294
-352.6245516754584
-236.29008212729556
215.20445431781917
-254.75513041013468
-18.06532099460506
39.43942663401464
-43.444907242327744
-107.82872655948599
-36.34050710859114
-70.10376038201385
-355.3416724760224
-98.75304580144866
-384.51423531858387
-876.954106530164
-304.5560442742775
-307.1460325926625
223.7595792086629
276.41490875613437
-93.8447618378214
-78.20460760299204
-67.3626344205006
-145.28700465494904
-9.836352187289885
-39.19542779755563
242.92634317734053
204.8852144646574
-171.52334256098663
6.9338143917300386
-57.89114062672972
-104.33010518142936
-44.314762095075366
-222.03194742456955
-143.19604197170725
-105.63805199974689
16.679129577824966
-8.128330426813292
4.770254099879111
18.499829621020666
-84.31552109546404
-33.93776191758266
2.428393024627397
261.6329218147509
-119.23181269683437
-212.47037284161087
-219.22987085870128
-238.7031501765777
-351.9741578335907
278.88722970447714
-10.686865769398494
217.48278534497445
-183.33654975480655
-235.93783529830182
-29.04664886779524
-15.844695131622743
-101.87686716205957
-215.6366746136003
17.69901722612158
-61.55838031029047
-7.058215938116959
-72.12237854924376
237.2466487473352
272.93386787302995
-163.1039605609829
-133.28227052786673
114.0305234613961
80.73969833774704
-415.0043527490724
-93.26680831657919
-80.20300272662267
-286.05458172431713
-270.24361103427543
-27.99301924280061
-276.38924493060665
223.65969486093888
-41.91639871878618
-4.478429420803877
-154.36796649129823
-221.32419263344488
55.168204764737595
182.36485141503272
-57.4361624114539
26.255316550954163
-273.6539833547301
252.08640551670533
-6.145572538301792
-63.163800252259264
-34.91441976218523
6.171382922237186
-20.44416447443558
-62.635728788487626
-34.5202693694862
-6.923511186990993
-168.95954272540308
-132.09012615286093
-64.83979385627866
-69.59113453559658
3.1079878287254985
-317.4244187890722
-100.12351292051999
-61.53476241014301
228.90223511065182
259.9724863323535
-20.648403610747664
-62.48217446163547
-25.207949831979164
36.0046790043381
-267.8713085413589
-98.41699299307429
-94.10325181604995
-50.17767354895933
244.20121434765764
182.07695886366528
215.01688856640027
203.777780727214
68.88609768571033
-190.70128549025074
-75.91717615694516
-55.27325882544779
-212.15539116859313
-109.80935831378437
-236.6588550305761
-18.63466479266299
-48.392902373510495
-132.48538477065222
-39.946693290026445
28.907164672786593
8.383968594619816
-107.87170410837913
-190.25576656109234
-36.171239285631216
9.330139251388914
34.376501300452276
-91.74626958732541
-181.81911434556088
224.46687148450508
-12.705562198475889
-283.25388750448775
-119.60328048804112
226.3523876373563
237.16943592316844
-178.95588274401155
-257.0153628957438
-283.3018513129988
-105.97926903694479
-227.410997356517
-213.0959058892817
197.93520441380258
237.23864883305856
275.09314612753474
273.3987640621423
-144.56324032133594
157.80181568334314
-183.83944861308612
-362.9803017969116
-47.91562678068864
-215.05520675529488
-41.234880310652116
-167.4634626109772
184.5932505790331
-247.24361288611155
168.97497901329353
-184.0408213835977
223.2498618898409
79.12634720287792
-16.53780402973726
-20.21444066494601
-9.48651570931861
16.778201729196653
-299.9685091329035
-83.62316939017862
41.55679645705362
7.494431444220737
76.01021484033993
62.540086311059554
-2.8990806192291814
238.55097437188942
57.88739629633528
36.83707693965857
13.378469285232399
67.5089012141377
-380.0836782514013
-484.646954906362
-28.435795893329697
30.752023310336
262.7771456336858
205.05150581724834
-500.0036010546408
-273.726624911465
-465.367760998717
13.669009436184751
20.437890301866616
230.6962753614396
32.19935210345284
-226.4442958515291
-84.40247602362919
-111.34005716444503
-100.89656500753182
-88.23467969761978
-443.5373391861146
-140.87170276695815
160.86485826318977
134.56240288325526
-304.63534273615414
-37.8451153964208
-20.436880832882224
-11.74160317258054
191.58417465815256
200.7698671870645
-191.90578794285784
282.90872610468966
157.70068208360905
-16.60614002349341
-85.73091468729751
-8.513568630939446
-61.245157956957684
132.21180684991856
-304.8290265560695
-204.1564480922927
251.57304505909278
183.30906029424034
191.29999388972755
46.96889910598753
-222.93217374232822
26.584608565614744
218.93081020227788
22.17960563731232
211.02991566693117
222.17462291057362
75.89527508817102
225.42869898245556
-145.34928906561396
-117.01147582328491
-98.69965999212687
250.83493566951236
214.94207408562124
11.684542290228237
251.72577393454839
-595.6313546975741
67.59833513917854
136.27697299894731
111.92044838652788
213.16645013922775
-10.977887689974935
173.0740807867697
-266.6112833632522
-241.9285956545421
-5.4791546627576935
-54.031852414738374
-429.68889240055177
-611.9757171783926
-415.4893613704371
-425.99135846510245
-408.32098265193844
256.53899747934867
-358.93690133500024
-377.6512144215498
-159.38403613647077
-19.190876446213323
31.435155656002365
200.34627021473
2.351133396698671
-18.71743052970271
218.3063114322635
10.60131612751617
-45.59519577767672
5.8448743834397305
-83.78134156147603
-79.89504481094104
214.4783933932644
229.35596125711635
194.42915212617334
17.980723079186745
241.7412828286662
145.54080851828203
-48.0608575653384
-185.70604455474563
-242.8519020137882
14.836452383273382
196.26834654055978
54.90411657505729
6.145564121494985
-26.973972101022497
-26.349006954050623
21.463268725386143
-324.263560764525
-108.7424860680041
-73.7203649789509
-111.32946575043245
-181.29094133120842
-260.5659477133621
26.06718465434932
-478.3334524110076
-67.06218633155996
-1.6632438350325032
-324.7084306445147
-368.59973448592433
263.2647900901933
234.29155052919015
-73.63139087858923
-254.924842966659
-42.97067017018515
8.974440986271588
-51.15375675669217
-43.050507921440854
-357.93537372933764
257.28244985162246
30.00812054985684
-220.63181970410318
-347.5322054493993
-617.1018928476676
233.83614772889035
196.32366305066793
247.21758731940028
185.5553541288615
41.41558842988988
43.13159362083246
237.7128862194322
35.052222882921654
242.57041687494825
208.76515568934533
-47.40296122339192
-92.97879994707462
-80.72251374458016
-22.685367362375032
134.07869104586848
24.30206464635412
12.119106996759186
-57.98407983431102
-64.16721834643727
92.91282032618703
10.831069826005859
194.51896486501272
-76.93836231376054
10.964696909473204
-100.95968724944612
-83.33682648651103
281.12040837412303
241.88936842922482
-342.7737501010803
-430.14049652488916
-556.3309616552835
-6.179425634441884
-12.468506235296232
23.394134723626976
9.808349553762884
56.87876672474529
201.49269747888658
-239.64006799357225
194.14039475558008
-47.8881090265505
259.09913282845446
216.68354745450438
18.001542868749084
146.60595023424162
-52.64486346157255
-57.61579838178461
45.438071252312994
228.44166349897282
264.92912428721695
-192.39460274521088
223.7804964883499
194.43912542393616
129.4821704862074
-7.232809386219594
-20.434738297452995
-123.26386962255431
-292.53391897863946
154.57860652443583
17.46936990078737
-3.6335068346568278
161.2298646199388
215.6892966649563
241.82516051483915
-10.361872694026815
29.354857702480786
-116.33524911425377
-37.142149773180606
-12.345800835711472
-213.16737127967735
-52.94078024478113
226.4753384717935
241.8536670266096
-26.013499837932358
29.516549259248222
-12.212420688638247
-36.311540938098574
-29.960654737858817
-30.228370902705393
196.90559866126478
3.4386845553861747
7.9729838260312675
32.973549456609675
81.42289733598633
215.29437427097287
-232.66461462609746
-363.79669881613086
-344.54386488116745
-85.23089352135699
214.1990777838813
-106.00968283049846
232.5499029750044
34.835322278358575
19.42899142418125
239.75546539674454
226.5332894693792
-231.71372097039702
-228.91898433667438
-193.5241547758914
-31.900059448685255
226.9198441545281
-105.91312444701735
-81.04644648981909
51.92427207900202
-39.0083026482882
-151.41993633402268
-128.63125811057176
-61.57646052793133
-71.75454246555961
195.0544546830643
10.725591520821837
-121.33682574334962
-130.6244840297136
241.57423763104183
263.0042606752884
233.07687511217821
-86.2444361556175
-59.95329188084882
51.25652092712292
-291.96505663787514
-30.925114240142562
-387.37121559232537
-363.99990978130677
-142.04115463688194
-143.03089706691634
-805.0882883239842
-797.7710954854251
191.45195256863272
162.12249362143515
-10.467094775625114
-117.31544256173467
-145.1788461727459
-184.345687587955
242.16338002764184
198.90805818446557
26.879217117837285
21.997913285004714
236.29495461475264
45.860658219610684
-30.7483891160578
-49.208622073983044
-19.134149478281884
-69.74369625844852
-45.945992470490964
221.31961305057973
-16.565548757788267
22.60520586626727
216.71649594992454
21.38061407567028
-6.44471377270737
-209.10244727425965
-36.18042401194795
-89.64200268891514
-23.63396961329309
39.252242304690384
205.21608186222358
251.54651683184215
-88.16064655847524
-67.75480913167898
229.07196671818653
-1.9538681016205288
-97.9951002404223
-109.7896044997812
16.868985688973368
71.43568185730868
196.21686623889622
211.8181841466951
-405.9447832530833
-224.16809823124316
7.076079155323342
-178.92376161291565
103.05146903879708
113.09841659977987
236.12045600789673
22.17614670242267
-63.71698912079304
-19.141127746247818
-63.81867665767926
-139.50344984222158
-16.443266004034342
32.61233947361646
-87.51570910892202
-27.340248060984806
-207.06388424101107
-225.80831886214958
2.0808655095941617
-24.24703773389237
236.6500736293211
261.2985912451047
-118.13335306167428
-141.56710689276008
65.51258282731884
199.22286513536767
-24.615692991526117
-428.5309846526692
0.9084045021800478
21.503928128739545
72.21074435413352
64.39441274826429
-54.636291478039425
-51.96408032962857
-105.1737757732
-168.55950641259832
14.306441469901856
-70.28964701100242
275.9835657206463
232.72836347302564
-317.3828617380655
40.88374753334506
249.4991176678966
42.09320466850036
-86.16357256554522
-57.31047923307032
-433.42003079051005
-56.383851074033686
205.22620214570782
151.1084186667772
54.855125349789006
-9.2868967847253
274.82424715867126
265.8644458565579
22.019363587833993
26.81673452389539
6.31231066797524
7.595852598368836
208.95536342862027
30.211979345101668
-71.53525023813867
-48.09768566998995
-13.530246076633432
-22.386795675815975
-83.77740832562016
-87.70026893852844
-146.44197037899005
-20.390664278949984
-149.1623134452524
-194.64822266045638
248.9025397485851
4.411036229163983
-39.169110045183025
-56.21605086377325
-116.49740905573672
57.87485319042966
-255.38760837283388
22.83607038091432
3.7107522609430674
10.40245176844627
-500.6747660506913
-292.7449270309862
-532.3877177333763
-306.9439782502608
-63.64076377653239
-35.33374590487297
-79.15381274668421
-79.63190502039349
-242.12455889519077
-192.2444296684697
218.66871663346183
130.17670892788942
227.39198168677305
-82.77139122153262
200.39243790084214
27.77277877735614
158.33668241495917
-24.062740803368342
227.60110570497432
-25.696099686296932
1.795815000226284
213.80504576444991
-382.28108112177927
-327.17726954347825
-381.17890319386817
-229.19661591756162
58.605828552629475
3.0471214642535784
-66.74213844430844
13.316148667565372
214.58508040517987
183.6704723898412
-70.26063909662798
-57.577816722224775
205.50185254992613
240.17300605410446
210.32761428180487
199.3688551625234
-82.27059090594491
-96.80445342855272
-213.81922802098484
-149.45098381197363
-392.72529316233084
-45.12545569279113
247.9155605601072
185.32531849552754
-90.36947779187007
-104.98459198718507
159.53054342985504
-29.16935329255928
-146.14675377058677
-78.96908683380651
239.82846330296167
-110.02725705472554
-81.03193234265125
-120.71525003705308
228.76957713181125
214.5742611188158
-219.31100612093496
-279.2361639075566
-111.43111353911353
-214.53211258110454
-251.3721882950142
-185.0800444334821
20.41745442782043
33.24404604919357
169.76125707573362
206.81434020558248
250.281265617119
191.6942961142513
240.29430511188468
205.79379817449592
239.16700766024863
6.476799201720993
-112.52171174088306
170.5786670907204
52.48638491336237
-110.017021743273
-258.6095690579234
293.85522481222813
-28.109087490941985
-37.039884534079796
105.04449133174728
37.9539762664013
18.234441361637025
-96.88750568715085
-201.00586018982395
-213.62542367252635
-116.99350816900072
-195.32529530428894
42.610089162568215
53.07794575911183
-61.41601207497563
-58.73721407731867
226.25116193035467
123.8269280993182
-68.17969264412102
-117.80382448024982
-8.169046750270216
222.33058768782993
183.4581871951233
1.5793092083700286
215.53710735758722
-179.31766024375906
11.84731926918893
-15.581353690006068
-0.8595983252207446
230.6084319211471
-77.03258591115745
-85.73567716247615
200.26859158318643
-2.690094447203066
-309.0109390233573
-236.45433090242412
-429.52916382327015
-299.9399057009615
-100.8236489792623
-312.2621859888534
46.55814055697829
40.59686908704953
-18.104430331577362
-133.20259193918943
253.96525841857644
219.45252221294754
-357.4429816863758
-240.57757680160967
-20.784497364840874
-42.75408217636197
-23.447343739677237
-41.158734835141445
53.955194182748585
8.445225890922671
3.9085417611940443
-68.78185668612974
254.6910443202462
-43.05021327500513
-75.6044306887096
-30.706857837264703
-474.2372811642455
-1144.4467766440375
47.274071365797965
98.58342027639902
254.8727547826171
199.0105551050844
-130.86062293250296
-39.07689490750096
-334.68968833920786
-188.86971633390678
-16.01468539855898
31.699214795680234
-27.846258966480942
-281.5765519337109
-0.49527774251018286
-269.31073767303775
44.37368350723139
234.3721811628094
-161.87565109539634
-249.12828775537878
8.123686230321862
-37.5285932804324
232.69303509590614
245.94737410202313
5.576004434992896
-103.48248367658417
225.13482838010165
214.5634688697361
-32.93687478881118
-84.61350335214655
232.17282872052607
17.977167314151686
241.17093911730817
239.30248228025638
-213.4580968374632
-194.84990687870715
-0.6463165486534592
-251.97144783908215
-24.59955363649064
27.81271535657848
-18.567549082893436
70.84277614484466
-8.97608619424689
4.613255402042313
37.10126971308222
26.382858379794285
-229.8821676204136
-221.38986058109174
241.31963557909646
230.21447302240125
20.324175799618672
68.38489426359939
-106.15281413896497
-338.8777303253743
-116.80087142024239
-81.86394900218059
-34.75227617190819
-34.59846593873138
-644.1134922788673
-311.29794955850593
-183.7423141206004
101.5053728981414
-488.5931888592256
-340.12686004811104
-533.4027861519041
-507.61432262783575
-405.4484452546759
-272.1343271050581
232.218890756747
261.4153683575663
140.24380587920925
218.38528893505452
-271.44610628711587
-469.91132611911837
-590.1554458241827
-511.9582883464237
-395.42546911656166
-184.74826317356144
34.795581962054776
281.3621384035451
-114.23761393937588
-15.597464461425105
-302.7706856914548
-456.30428541940177
-68.39260058735339
-64.34742696344937
209.74813213298802
-290.10989375126553
127.30599433808133
155.55252553171087
113.7130412774847
-10.142974969381498
-16.26114471206934
220.15899449628208
7.900718919116002
2.1492766197632704
-75.1911474891426
-247.88572064993764
219.09620124153815
-113.78786257130214
-93.1351195902484
-116.6201658085962
-54.89268617537998
-210.44984403880687
67.76820641930094
135.8263523941167
-104.34422516177032
-150.91400188646185
257.720567201752
232.68881858927398
-59.35963696065726
190.17539510995547
-4.519833022494538
223.5384720125254
-258.4403632657426
-24.28748091496209
-37.183600791393715
-36.82596610941206
49.8245536504769
9.069015511729447
-98.77208831762053
-50.10565081359412
-54.20873751144259
-22.74878673848771
3.8510236410473944
-28.533158624343514
-33.63099140400985
185.43224637334947
-144.36662113046475
-82.69757268273088
33.27053609867748
-38.197607317682355
-21.12421387854892
7.108663233130931
-48.405862515370806
-77.39491833844461
98.65277477172718
144.22645081101086
210.66403791236132
204.86716418207877
199.9490775991162
129.8147949977894
-128.84559805131013
48.18963479680818
-38.06479277776875
7.9684092814270855
67.31568480594674
-609.5248593620856
10.420522644064548
-69.20454830783565
-0.7757272137178433
31.799376406626465
217.75014850599646
270.6007201980374
-93.2550786862263
-48.03150869586442
201.66521283236295
212.7999768011722
-95.50985417564269
-8.156376199937384
-48.389221821574075
-141.92606782809156
198.06979353317945
21.665570148559837
126.99168410393845
-164.85815645967057
217.2314162600958
2.8994719506064968
16.40870106587755
7.369425927209647
-44.05838579575535
2.113286348227517
-136.52629642031727
-162.6841062835604
55.91220386502178
208.58421023028637
231.94604560346372
237.4606781845297
248.95772751742393
-25.496306973849883
-64.72419656912028
-129.44277781848652
-65.12743053201035
-58.3923383751614
-48.01292699209796
1.9134509733583371
-26.84454248730114
-58.05082185165777
12.225900723230353
-13.144709301230293
205.5576078757331
123.48611856418005
-194.44308898560698
-239.3824008934356
250.30675328212857
85.99255715042737
169.31345192510506
-5.334776492544151
44.880468512075424
57.45218815101768
-61.94047247619365
-21.158735076561285
0.37418993051734617
259.5781073735467
94.91852760575165
99.87880384184798
32.21867033067082
69.09709697063454
-12.583215091789128
231.72271585649304
-49.87930249219878
29.39653892107009
224.708954360323
245.9624155883269
5.263669141535871
48.9835822381724
-68.84310084169093
-37.757206050733366
-67.4636919079613
120.70576891307074
-97.68506177946723
-38.42804758354426
20.308841708461202
-29.79876429940144
41.18521806734134
36.53623507547232
4.9289996543759145
17.95138017490528
254.17685757799438
61.41182134433032
-61.08282277623651
30.43340813067516
25.7833841123376
223.03637976784674
229.78299810880222
154.12939195989026
-40.6722701574645
-50.3465616172587
225.66592087543978
14.253037881955748
-164.75444476323673
-153.9588604606585
-42.95705718085325
-326.4559272291958
214.04271137248742
-155.08299665958245
-110.76253402972206
-120.18443574733155
271.54210325490703
-234.4917271106226
-25.651838825861546
-97.341012738887
238.41647826138905
224.32096331350027
-76.51547946883804
-77.08614613780851
157.31433861963697
36.72600368145115
34.502721709178076
67.03485268448955
-46.86117355674405
210.1350693319497
-123.36199982117529
-34.94370380936252
0.3640167071393847
-28.613373277489814
-23.86076820335053
-13.400675552243882
-121.73233221454186
-105.00871260339713
-38.690190827453414
-48.660472401531905
-243.3138393448012
-200.82853774885825
-102.56059124896562
-83.20261335134492
-96.28625441978984
-87.1839229439017
192.25740267649934
-4.0636735890854965
-117.94325231587881
-138.796509628742
-89.43467918536417
-108.04689566031905
-1.6535715534310214
-524.1287106555235
-86.20955702028348
-49.16844488447405
244.65284169035257
-275.8967592786892
-436.59148427571967
-360.2641328243352
-208.76233217101026
23.17224919860162
-38.967700157840326
-87.09873585854
138.20784278125794
227.70878648809753
-214.29536972263884
-176.22529106363027
-16.696531536215133
-25.902026466591238
274.7882098550147
234.28553826850347
-180.45362481937894
-114.31349223248651
-23.322290285572734
-57.531450911741025
-214.60879042289957
-43.54535230577607
-60.68905537454853
-33.562423912642004
-46.43407785411571
-49.83588077821711
239.18038254500365
242.01842984428734
-130.8909341779047
-171.9133759567232
215.07935124934238
-31.625302202816187
210.8233104007034
39.20540715140683
-98.94315963735895
-34.954629338136606
-55.772610897127905
-39.418146183511375
202.06820488907698
13.17567561392184
-252.99700153920972
-243.85184541432818
-92.76974812738631
-222.667647274784
-93.351924908207
-75.96887547763244
191.069042967416
-396.89306562334593
239.6566311569155
215.4875778205037
-212.40570251980108
11.607102507569408
228.287490187163
154.82426877433141
171.5986273420969
213.65618637710787
-63.79714232137698
13.59682090634972
201.59973842938334
52.9748544781302
251.53460587518535
234.03085062580547
-48.92832822820108
-16.715723654409143
-16.73694848716474
-60.608685770552434
28.442386707313062
-10.111895548956412
-41.75992262858235
-26.75423837346134
191.17256758368552
120.43125103471047
-144.95695758749122
30.46578935182123
-97.12670241037735
-89.39375836224956
-67.77878610860517
-42.812602403820826
17.27028200735262
-1.193307217465744
239.2983505712345
-48.68300623565995
191.49674020734432
192.56615846752413
-318.57714986902056
-425.48331846166775
-132.03877927041222
-123.56486741362144
-151.4042388263275
-140.72338277820188
8.842249147601777
-28.490025702858446
-252.5192244726992
-49.1200717257136
-17.627546132206565
-75.02706847000871
267.2441965307837
239.8728548065487
-44.024313515809666
132.91948350556063
-203.82080382954348
-647.4241580603873
31.46663164172167
8.099943681124472
-187.88185079445418
-221.73711421949236
214.1234631148099
-79.24698657032809
-255.19474096156657
-240.3394970329951
-74.48329848655115
-116.3954968548533
-291.113960743726
-31.634781318011974
-43.71973085530243
32.314309748120166
234.98632009213745
-212.13350033661607
-72.1248101904328
-188.33295290846834
253.3899607324881
-2.862822873201395
-193.00941890820715
6.181330562623245
16.97211722945353
-33.19784214964823
219.239691307935
13.717739382230718
12.97093303695111
-370.35700066624986
33.784260786032505
-125.04054235230971
-834.1192235159518
-321.7678233434285
-100.9763476108643
-230.67462779184302
-785.4132487419828
-681.0701048832811
-175.57063791593913
-476.57627217870703
30.61538927728617
212.01928476671333
-32.694521860499094
-74.92304344158202
-107.50661460991411
-91.87135651233714
-44.582941784166124
163.65256348221942
12.632297573976317
32.14720189340699
-7.671506203311125
-44.110736198183304
243.86666232097912
215.78013976940133
46.97818148605279
78.4372678875234
-148.48207545744802
-102.31030649742712
-32.00452529939217
-41.65666212202734
185.33653094197302
150.27344269149893
-55.16222368730105
-281.75875887958784
218.98672081715256
-44.08100302424643
-160.7598845723411
231.63402108899842
210.2335465099382
226.43994599779668
-138.1142500988658
-70.27867467421459
-101.11673988115957
-99.39039489992271
2.775278212098044
196.73749709133995
-82.98466025748479
-40.10271841980964
115.60138274764795
95.27211099828783
-182.09092795255378
-142.15002992662426
-59.316595987732626
-89.93660757776541
196.68908777723442
-117.08369505862343
250.80804426725402
45.37952842263991
134.87309032194867
209.08312094048404
-282.9948011792135
28.034363310060478
155.52168373318875
-28.259806591849056
133.5330109477844
149.93270254537376
-163.70951022118757
-76.82681231319253
36.07203311360274
-5.302587324589169
12.883475298623125
-115.62557144287364
-69.36754835891824
189.30458148744418
-138.99881508346965
-61.061487207275405
-479.1719669068287
-399.00369839215847
-91.72567731048774
-96.81679631898135
257.2486133816326
-60.4096413889249
147.99138165909807
113.84106380443204
-32.88200553560496
-494.54936430748523
-151.0065925333589
272.2914865872133
-27.11396406899454
206.4240195385945
-232.9701084971805
188.44004298940538
-23.709308657560474
-57.94929196025292
-24.804324206824386
100.59541215243753
221.37045626767423
-30.006544109984972
-24.883338371875826
-160.72666618670448
185.35281912964382
149.06016713482182
-34.27623184751968
-23.178718260304777
-62.838035891541004
-34.68932291701245
-36.81816776858957
-19.947601058894556
-40.87886944359255
-36.39312047983428
-42.105702579076336
-41.56908455175783
244.96968628707904
240.24327315150978
-248.64299117138833
-333.7582947340667
-135.24082671524593
-350.4526042479487
-63.02590769058939
-18.134579110226653
-67.76995875851915
-58.05600934789368
-19.161960055545833
-80.67885372493251
241.03720469321394
42.11654074005597
-220.8521947996342
-344.1120737083703
24.266079381699896
-44.57383332543815
-94.10536253325498
198.73578631258613
184.2993507995146
201.43912504104023
-165.41003576308933
-182.77537388305487
-11.756900931742237
-47.208734152939336
-29.271889441801555
-40.12056083977265
-29.90937740863295
-40.58767925473833
-79.24248564746232
149.28724333941838
-112.23136277058718
177.58215859455862
223.58340975912628
226.54643882249655
1.3828685347630056
-22.434276597364587
195.30257386361706
126.45433499552547
-48.90601564535078
-105.481410154396
15.56251992544017
194.45094305556302
-29.590606180712538
-61.5864575304686
-91.32478622514677
-1.2536327789650643
215.72593605086038
241.11364778523404
44.69092602578897
-11.54558296599383
-333.0483433995962
-179.01776774373795
-89.8111801499896
-89.6077206487065
37.057125996588795
-240.81266162544833
195.93056367821615
-60.005004728852505
-227.85230350283788
-77.62901561244422
252.2073319844068
-33.27626762231854
8.367823307530035
120.7293691574518
-59.897835689932066
-43.304329288454696
-184.89950399989607
-262.7391806343603
-77.65237797143457
-114.38263069794962
-50.28189325307048
-349.68697387799676
-619.5811708783679
266.873619400363
28.87473983726329
-33.70854003869766
223.87279808404514
216.99008190173112
-72.04314737060383
-31.810260602011894
-109.36369138927623
-115.78221185958999
-14.813710138859221
4.190346630035293
-20.0710304126129
60.42693444201468
256.65118518335
222.2682487744171
-166.98591751001
-293.76986450304156
209.7001051170962
-3.3058688852999296
-52.1965468268514
-118.43587637812313
3.477454654973849
-50.131530173959305
240.2534931065798
20.043385416702435
159.7089311387976
-31.388713350687937
32.2710006884481
160.70584778150481
-179.97589364906264
-22.96085654272477
-311.2721695714452
-149.99007109528537
-264.3220664655722
-127.55685670973757
251.6634294125487
-113.81731453844566
-245.06597091840786
-214.54530716584068
64.68815793631461
21.947319398863854
12.093547338619501
53.38834576147045
216.4103403286917
131.5533011326113
-171.23105698093661
-143.21513124678776
33.52633087800422
18.512303477866794
202.24757959729502
5.906391159153117
-449.22324764759935
-202.41300576413124
-11.554976224356423
-10.260581286669051
-0.5002506099907293
-52.37299943974095
-27.12998666513387
-68.21579631929929
-46.20406973558162
-31.28512747146796
-1.9914743604111464
-42.87282098961013
32.85869962019234
-0.9374957006859006
-73.71610982660056
-78.7351046212448
-59.73886736016833
-35.367371740183614
-189.49932322823986
-317.8494495975169
-38.51539178527358
19.14247684273805
-45.38035949054369
-77.94545481570005
-1.65004720515934
-42.9079781691016
19.285728739618065
-21.6307444066233
-17.85405426300798
190.94535758763612
-284.7223242180177
-7.154067199511928
-77.40679855834017
-31.076226632312043
-34.78758895353408
-13.873391264801612
261.3276819502639
-23.543230834383195
200.03551221566806
6.22003081479787
-78.57436383547156
45.87694223698796
16.813738125376847
-30.418193676545577
19.97048852121476
205.26211941791598
-105.68527699515919
-453.1100433281638
-59.055703492739816
-105.60749209058054
35.80860105894121
33.25750082366741
-38.35807588905865
160.21079137018953
-90.8897008564284
-41.58468494252932
161.84704748983074
242.9185653562114
118.74773848902458
203.2772390963421
-55.20389976286052
-25.86214370287189
225.97846522231015
39.52528370540705
-62.3370075277835
-33.09752815752772
31.663319499920277
227.87560286010083
250.8901763035421
280.738903516124
159.34640038913966
-2.4983528323172597
-58.993410876831646
-48.090624608631714
-313.68523767212275
-452.4010581471712
-88.54860035491717
24.326623004061332
261.99824652466424
26.990061578152236
-41.00648931631426
-109.53028879968124
-91.04787790314865
-94.82849670029393
135.5323300409311
24.92269744639009
-148.46829800615288
-39.803434265052864
1.8220485493823304
-2.116315317408322
22.333979254699884
267.71305563646683
168.90473920692756
201.2320472024517
-28.676995954058306
-48.92524616401312
-254.10232100966678
-84.39101514465258
1.7757431631488991
-105.70010733109758
-72.02526953350821
-117.50719194789531
8.054059377552719
13.138920304052832
-47.095030743498064
24.698397311855175
-40.74983180316049
219.94292825262482
19.368141605249193
-21.89027688448907
190.68311214397227
214.15485269121035
23.545677371227622
-6.1058989267687185
20.001188172717605
-17.307083989337784
-119.82465462952862
206.81322564301593
43.241654188911866
-3.5793701365618205
6.742347624633354
132.65527197041808
235.511444452597
270.4328901419029
-114.81369212540129
-250.84102486472227
-116.46104097117578
-226.81580033916828
-79.21683484121613
7.8030779823260445
-109.72115834658291
-36.94621042714612
204.5958077805659
-10.748969256804898
-142.51384940754966
-123.82852827608234
-81.4592199966436
-271.97512864596206
-411.1639909457859
-347.39336850492657
-4.169180883858402
72.79445787629373
-121.04086512360233
-427.581526403909
-147.3645648500193
-100.53483790040163
-63.07805292173128
193.61499925234847
-15.504494932028663
9.838639495053172
-55.1030171346834
-32.490256449898595
-34.1131408153925
-50.264341555973516
4.7837402593501395
-9.213875258619424
203.45266200086297
42.05126643429159
-149.34187795406092
-102.52631145946914
270.5662196784783
-69.98496645037692
-30.34711878650775
-62.94041335060488
-224.09294179468654
-81.56905694899181
-391.4317691596982
-380.9528432950656
2.0824160828074127
-434.19119921166174
211.08258539369086
209.5820975039374
-276.90338036448907
264.94581879142004
-97.69712911280509
-225.2071512457779
258.65998986545173
242.99585918300866
-81.71585290334143
-101.15692169078942
-351.2741392532506
-143.3810926211233
29.427086839775995
245.45555014013775
242.97900944071748
10.770201728565326
-162.6714776282792
-206.06733136775557
-77.46644872425507
-82.41181602200471
259.26369391253024
230.08719469783756
-111.51814351300095
-65.81632860479223
21.469503300729897
18.508000336402773
-390.47911545457407
-367.35069610571753
-42.76253204972668
-60.26166799468378
-26.536655625665063
14.58291614377508
-20.007007969377167
-55.567432872482314
-149.28000125000355
-248.5118747035698
-68.48025265397874
-88.90887702070779
