-417.16191783824013
-220.59075431919925
-416.21513562092207
-315.89438096843173
-131.01432470076475
-122.11833180998582
-123.72583093495763
-155.55354896723782
-34.29437436400559
-226.85315943908623
-249.8328715689044
-238.36623163091534
-156.16387039315828
-121.57674115935534
-87.94534934188124
-128.43565517333198
-43.9278821951704
-2016.0784934161147
-842.0616468262554
-1658.047535306135
-498.4280330863431
-399.4341487813574
-396.12477375050344
-602.3557394388358
-171.23753879675104
-167.68668611422163
-188.06936145441318
-170.75190251927523
-97.59857936749674
-64.48769353678935
-112.61100778989223
-149.24603400833774
-98.69287932361671
-94.34783136206002
-85.50746451968408
-79.16087975363116
-130.95018408395293
-131.44662866252094
-134.98088622635925
-124.14461492930518
-130.19204531104074
-121.46677460183946
-142.03383041482235
-92.79815864814844
27.25330382124534
-377.84326931561424
-1187.1340140196467
-555.4464210726594
-139.7754393421597
-136.42491053221227
-33.159233974100815
-120.72085505962255
-104.57731080439898
-113.49254755933285
-128.14720434381633
-114.77244742880445
-107.66243753929213
-8.708598816591746
-55.837980409507644
-141.89517929106896
-103.3102515800372
-1029.136126826845
-106.0288007572004
-3192.6797943524866
5.650088010954761
-122.06431714591814
-77.90215010669954
-21.342363075527913
-1.1052477971207537
-1268.471364629295
-68.14527894027239
17.66213118681293
-28.77095565682768
-51.76659700715135
-82.72848858301316
-97.08156805910743
-25.16789396069838
-6.0508349500696
-48.542846021674045
23.195148948818144
-80.78659413531368
-70.87757904233179
-248.66796268170958
-125.679883591082
-920.5352933907618
-66.400025384281
-768.8005022327428
-901.9959598208433
-124.9133789092301
-94.1860733322069
-55.113467656359106
-78.13304639066263
-478.06410897582543
-511.8711672154153
-370.43278019920365
-544.9663309274752
-45.731653963359314
-44.248678319199506
-34.784432909868116
-44.87787189516758
-109.85706197019583
-49.3660696001238
-43.62303967451572
-115.09300404632039
-41.939871835971644
-118.95318139894718
-271.39669571283014
-44.14084251567472
-75.61696595894782
5.745277686969658
-74.46975639691138
-55.40604183095127
-241.76143897514228
-406.33900070061725
-352.71739215107345
-383.7568342913647
-63.56587468939519
-370.55416307177285
-432.4112409071045
-166.6156344027416
-7.9764689534544
-89.70007728420084
46.27696148146484
-41.50292392836467
-166.64263787467434
-38.84281160229784
22.711493634003418
17.340191397666317
-192.2074132135939
-106.3729457156927
-118.89386768390384
-171.36503031891812
-238.13449091819496
3.2381917527868183
-111.42382097130022
-67.5835888958171
-268.5252013142672
-7.100602024242955
-326.1544748644202
-487.6554302999819
-571.2865510727049
37.86522068058017
-443.7663386718435
-135.29230503947116
-6.120735820922249
-42.43645421595131
-95.23293085929812
-17.41265654610382
-663.8471144018195
-599.2307798489558
-533.1205299737882
-478.49845003350845
-5.579384147401555
-237.77194425398898
-25.606470252096464
-203.57303123148702
41.90049246055
31.012630827826143
39.81461819943618
24.31547839606958
-11.356786327834996
-3.685507017099539
-53.463596906820676
8.185305185679582
-28.78418641707701
-1.9300085425200706
-37.16408951007949
-33.652793381942644
-228.8260509838426
25.35131248470921
-378.3772973422762
-20.542037434577708
-48.80003787896736
-330.10548930449863
-571.0747555902085
-431.69295690072073
-30.158511454627515
-9.373991666458892
-24.348385888762635
-52.52582724656014
-370.32803171306466
-365.56818148888846
-380.6325008673974
-8.772908154908322
-501.1334514789339
-303.15733626083255
-345.5294687719442
-599.961278979042
-117.14111134407884
-1913.9730810308356
-764.7915138085523
-2153.1393514453234
-142.22234842530412
-134.89423647021727
-166.43401248298494
-93.10586787213605
-193.05358009973736
-298.7495807358621
-307.4327317764437
-747.9644637126856
-52.84584437285619
-130.9677682774666
-160.93601996003352
-89.2664681112054
-449.5977243827805
-430.27434232873094
-668.3482436625718
-657.4505812469012
-741.5553797909695
-721.0179737795572
-724.3204586868591
-88.74644121021254
-24.463711015188537
-64.80369147366572
-116.70609626785416
21.668375232019642
-569.6651086554
-621.3105059681897
-560.1627405844719
-608.3354490892702
-123.11890001274631
-132.20798635512807
-147.64988919038447
-135.0575077635181
-180.53329689757078
-154.241058448956
-158.42881619011138
-140.0212388186878
-1078.1908789541403
-322.0249684333121
-1018.4578099254512
-1050.363343017198
-194.90164160074232
-371.0545974012283
-21.27877710508264
4.5080260210819745
-993.7357383461206
-853.9184542827877
-749.7787318589594
-846.5790520627734
-9.162718950119512
-201.0141628868536
-293.23469103730764
-1.2636522943986677
-133.14594735250023
-125.23488354497238
-221.3093282790361
24.98222710582118
-199.5160458205972
-199.0520436236858
-189.02031355864136
-136.46039004181193
-1384.3656895723936
-1389.9319314802765
-1549.0655261297052
-1418.6131426998543
-844.6797789295293
-611.235609658851
-1252.8383833374469
-709.4626315337554
-400.6348205005158
-254.70018294298418
-384.61047968641174
-197.46778928296436
-156.436734679273
-74.3908660340785
-53.70185536527312
-149.4079521813491
-1256.7586740834408
-993.490797516264
-1304.5878620245837
-620.0465491352452
-176.58643514456602
-9.771352444582746
242.67500287398911
216.32235428325504
-957.6957952945166
-880.0636011975142
-798.9838052561125
-192.59913722628045
-911.7507911766721
-1203.3675055372314
-749.6576687970071
-959.6521278409439
68.81638488860185
14.457000089525266
36.66017813465018
-39.74587709620709
-135.78200071139622
-99.64763479270938
-140.0712558159015
-295.6547827701377
-361.2821848915004
-422.8464849866067
-287.8920618648833
-371.8022032742957
-138.64450131557277
-89.18391255744186
-64.30256673698396
-90.1238557777184
-1.8384328940868357
-33.235620556221306
1.770640896422762
5.555620174690077
-26.630774176967066
20.091132982170095
-10.287141462444168
-9.942389386442727
22.8288167442268
-38.17580259980984
-26.038795550738527
-45.217859488724635
35.71842596327437
28.40430309425963
10.569694632219353
-205.9146011856082
-87.83733861308772
-70.47191602428556
-66.14988749759372
-105.59257445835608
-34.7887655279054
5.532441759374194
-1531.085076549383
27.59754848698742
-320.72546369935435
-299.64161092875065
-160.4828291835192
-86.89777477900648
-283.34633242055077
-246.8300514508746
-493.16245943207406
-215.09448943709128
-269.1122774164739
-296.7580799292226
-314.4639061870876
-306.01719467780526
-4.573806695693307
-19.719289105767615
-244.368545006156
266.41864097667496
-26.936418536248354
-102.49218875453856
-5.9260931068359355
-73.1748152263632
-365.2180923175047
-474.46430519243796
-304.9841919086838
-305.64639418779586
-11.204016453725885
-309.95018120437453
14.082482748875861
-147.77424059842645
-165.35546162547524
210.28986246496254
-149.09643908458784
-186.87812122669612
-5.677951932660889
24.075967556751294
11.602628463114627
30.284169325493394
-433.5534881326274
-128.63695770281373
-392.2022241108971
-367.40615251825443
-552.5466633656406
-632.2927992272989
-423.1146795317684
-624.5986877031703
-128.85542419128905
-263.0856379833386
227.68912954923172
-83.68478204172733
