-534.81633060383
-464.6537601101806
-469.70648034247864
-239.73052931874756
-311.67605950911167
-351.8422774740385
-210.3871229300118
-190.52486054593956
-197.93217853469145
-145.99449389961902
-221.60212773678947
-315.07459238341335
-283.0110057136103
-307.36941526872215
-286.4958551404548
-246.35440817199944
-271.90187421067753
-249.2036329637587
-139.94361443370616
-139.13283369772182
-172.6805377789444
-132.9632673515059
-102.4986588002472
-115.55857492654022
-18.017258848171824
-120.9608193552617
-121.7520725565892
-133.1120652867997
-163.6991359235305
-175.4899822853605
-118.58862982265626
-163.64857794168063
-149.21209382304596
-96.49881687890078
-127.71917652303476
-135.6495849721901
-141.77333699689473
-72.39201724667618
-134.2953684219066
-131.36746941235697
-148.75018404868965
-104.38182588896214
-130.837113940734
-147.38481997794037
-150.8299879576221
-125.2751873925295
-112.00232096487197
-161.94300444761754
-128.86841449145354
-109.85393486129081
-127.43297614594387
-112.8470394480569
-89.30516750873508
-101.20592609789344
-76.64773213218601
-92.0035636456366
-113.73948034745982
-117.38075248533069
-144.1217128740854
-152.4826064362739
-116.03848480855336
-141.23948659822304
-135.6892926351469
-154.90435663686657
-161.53750744626873
-139.33683917959848
-107.5102477861814
-128.5762157659475
-111.235519382008
-122.4741651545174
-147.1546773010277
-96.15512462022683
-93.67751682860464
-102.88371177473567
-107.96482496364919
-79.00631806161853
-127.65882858962837
-113.6217761313838
-137.82097967659735
-146.0918887376189
-117.28661545488697
-125.16887714693115
-130.11159229063713
-120.40858983562156
-118.27873370328305
-126.36587043571109
-114.7455954987879
-122.89277146091058
-123.83219839460344
-92.34527783523916
-116.22262088305784
-117.4318626821675
-117.40887726255093
-132.75870495741927
-106.65940982650886
-117.1291880955774
-126.33963580363636
-117.55851655919032
-107.3303595749535
-103.93948280536553
-88.71658614148149
-103.95332770268632
-78.82660877958898
-128.4775549417257
-58.48923446822164
-53.38367601211263
-57.51504467323593
-73.2914102542833
-45.95844580409231
-11.918480426400876
-50.620614854084074
-21.383638015380065
-38.571120879539706
-48.43664607150041
6.256221364676101
-26.597723185290427
-37.27715677183322
-22.288197500619347
-51.938413352505016
-29.648723570046204
-50.46712044679705
-43.42302133261941
-11.771301050685729
5.749022761705177
10.341492287753624
-10.463836810011458
-51.138783785925696
-25.78843593371503
-6.755797583049137
-5.254949521699146
-13.383086038423109
13.256887993749814
14.108438812108105
-30.98455540046812
-3.1176288700912167
25.07231181847628
6.572303056869401
28.66916938597022
27.50982186176269
-1.8218688807286796
129.29084361314392
14.672567634295902
-7.972902190818168
30.609472546359726
44.88929460403277
19.9989428300765
39.12321309915666
134.73509396206572
37.50527638825963
126.62766025756511
15.231290252414922
17.267818476802404
39.28287747354182
32.39900097557715
108.56042237159656
149.70648937792964
35.874047565534
-5.692582363663625
164.9203928370714
159.69230155793338
172.1507268123605
138.61842961934852
75.72318211094016
138.89033269001823
120.62463472039366
88.85393932907678
154.90512248929036
112.82523413672729
143.16927692966124
37.602214108655446
229.95492204466524
6.580204854636527
111.26700623735579
105.32030934162705
258.16019830364604
121.67040655553454
263.9377645572003
128.43915408777428
236.4338936111872
154.2272903474278
242.22376018583108
132.72027616138521
20.233437847143747
156.0098067361303
156.086330821019
152.78316253498295
245.15906338152774
150.3092977328178
131.05216022455596
128.7767426696784
7.56195828822387
30.421797407612686
246.3169717718478
103.16625630183317
211.49839794856638
272.0589138773188
129.27800588149134
34.192770778413774
252.2263324597998
274.7243130932808
233.37168849022078
243.85332952043444
100.8938590960548
149.9837479637854
139.41420441311035
117.93404931275526
231.08967576218274
135.24857275462028
193.13318138701584
195.29014864902152
205.48886739138052
131.82659858052713
123.12791562707082
89.46584382979353
192.233566652801
145.3287648974543
44.94980334753538
122.80387718572211
206.11360274652122
103.32481128216972
236.13380409535307
65.57604360778625
190.42709410836676
231.23990815397588
226.07048855296793
85.08980672144993
273.14079480547315
105.15009105997663
187.80436307453172
112.95411461734511
131.87547730787173
78.25743408899373
177.24784797227977
133.49623581448017
186.36447853882655
199.4125814387749
187.42673391328546
71.81265120308524
207.33584747398106
197.7932990176668
185.59468097241003
273.3071204191541
191.56076639201882
152.41650125777284
170.50936539802746
236.45986276456927
128.61003390330228
244.12594496239137
260.3111951442427
176.34799894005442
210.30792736683904
57.228781531575024
96.53528691537323
177.12142511176646
181.94046720124933
113.03554260034204
167.27009079593677
110.20724756104637
131.26844722457562
115.47346267217158
113.97834434871606
118.42499303360898
111.2358279904877
145.17566186913487
182.59896263898787
190.91476872887685
120.21427592002675
143.92648421459384
113.06984262690455
126.8778448237796
129.34661051803633
108.80156711777384
200.7971958951564
174.0183411131826
251.34337714079058
203.9769317522196
119.09827073064899
199.50020821388355
119.50875756546574
136.80573693019284
169.34643611247304
145.8279842920194
116.92646253473018
127.31757460485572
255.4111197724177
151.96479191549204
136.3677523058379
202.00781116506155
239.54151585299286
112.94526926362573
197.65648019824718
175.2351169148347
116.31187694892532
229.64182619984015
129.7733306795572
194.99848156493655
221.60434415196042
185.15201858815283
177.37220784955417
179.54091007311678
216.6555330539286
220.4768329156053
112.30970357557119
112.62844397425343
169.00558892870632
138.48676169529423
253.7211679317384
189.98519520789898
198.21427817316473
248.32702825882245
150.5989412074584
243.1328590634924
209.73840235946145
249.33139684255352
218.31962452862078
173.32370480972475
253.02851060641626
180.01163043515572
168.4229285491158
254.35277206759295
185.69928333372303
280.3890640278156
135.4061118840508
238.96026184667164
43.89392530514642
202.66216502621964
82.25106608724909
252.73627271177293
84.44176564933258
134.34301762601362
197.04307876679212
147.0583245119879
166.05783446532956
129.8532167308976
238.14042084805862
124.58870907658279
124.81963751377539
191.0142819749316
142.00683452218368
216.69349211537562
187.7101594286956
212.27028073846665
121.14318823586572
192.59241221049646
198.13200993998385
128.9803124353585
109.79362119276782
185.56355983091615
181.9599628211054
209.86587877552878
265.3099989186287
193.81731645403858
127.244087106978
71.79365693875724
209.4587332782849
177.5342410897174
174.7880487618737
181.9959027464626
148.07573418455326
205.47406594549372
205.9860367521722
187.27146012851927
136.70566608710567
115.91984723119401
199.35629035107104
169.26166648541903
146.27965763932227
261.76427390043625
183.34330476746473
146.81928087868272
166.81567971613163
235.667855773829
281.3314838471117
142.92381264080655
188.1182800511672
163.2079583235772
263.1327932757112
212.01392010988158
157.70253968441193
193.57145120516697
89.32659949657014
134.5389090195856
200.38908582357965
128.3395176389654
195.75047392885796
192.3559475983774
155.6790753734874
171.27400062095313
171.04649691769234
149.78306787197408
177.30656023265706
148.4325170050614
260.8033187361015
212.47847709075103
146.7790622111026
141.02586394092407
161.37321361028665
141.7667873171124
220.1656736764537
136.5829782948695
163.1214070752686
297.0954093682531
157.8058833243985
132.91628540357536
166.19030470554367
144.41942368209436
217.59801376964305
186.82997108105343
203.92549550440674
153.1862041935336
140.21652985149717
217.26012721582535
151.8628851674212
196.6384555574515
142.31167744959205
128.42841465911607
131.29290539431318
205.6033416457248
209.8373067815078
122.1407296313072
147.4079124584759
117.02761606387423
214.0406105951198
188.48364159368103
177.45628384011178
144.94781363041596
133.47848146267643
186.60852247536772
261.1328341993332
164.98074952435013
130.71591896283252
207.5718453254544
193.27406489325034
174.7070150823575
141.78766174302385
125.50325862823483
129.32016136976569
193.19642140757847
141.35012679969518
125.86206779351092
134.29800382715243
181.79489551442532
171.6376944502344
204.4283200533608
93.85476094574189
116.92692019964197
151.5990929567583
208.7382923233028
174.66530317628653
124.6966193820662
157.04955346067612
83.28863308174996
146.69080570619997
119.34938466993125
137.0282992432354
130.35071119806838
119.89065904841557
135.13248473561396
201.65997914563883
262.798681032888
229.60339321084484
174.4117818696667
123.28846853037903
120.80172592499798
143.16451944524093
164.66257017432076
98.13565708748621
148.86315884479072
130.5606747856944
254.83355374289314
273.92162725104583
148.12155111772407
195.6083176959227
163.89506832078115
203.07489962446158
135.3962863321296
190.27353203126987
208.17512101467798
132.351041116866
127.68759931543771
143.00089430629401
184.7513432152244
170.20597336777934
191.1392187697672
191.8638032476843
210.13534989994835
122.7989604753655
121.85786863089136
121.69873182239193
124.74521314249586
152.40215504949697
104.20652585136008
194.41731745876393
142.066552704719
195.840117686328
190.6995019094736
106.7486620436221
227.19956241528087
136.29701836684055
177.565348221953
173.64868283685996
94.65881393708999
192.38129627427188
244.33566506358352
222.12648011040525
167.7813704357544
200.7992432371596
148.0997873309827
146.46887298888876
120.77672139008517
174.53956797012762
210.28204393860196
176.09133169960825
158.79296989062885
193.10560437449425
177.6944686048811
177.52374318593624
195.5574400003692
169.25309307760358
124.88560284984234
119.41872378048132
176.07212656335582
174.19958194627915
124.83882473639999
110.76257423362524
196.5982392662448
150.86428102041674
154.8185279238341
218.29034682237523
139.44316283338168
123.8849657207145
124.81169571226272
124.46678860553314
140.81727005594658
147.14993248857712
209.18909581409403
226.27512436122052
122.73542556219374
129.28689682233812
134.76777981803238
190.76237827509033
154.32679411878743
129.24576168436369
147.1956874030078
151.5560358534264
129.5763671183357
140.62407263332855
139.79368023541727
149.62163454814905
65.04612794581504
210.03436680700025
122.5405048349056
140.66426912721718
195.3309826505165
159.90249892565654
152.41876907183374
134.75681517810963
117.07774542335613
254.1151263412196
179.8905749916851
201.22283750210775
200.72247616750292
184.71152341684243
123.02506082718787
88.56016356030099
233.79611292879324
168.12586294584563
140.42691236876576
186.7271921560354
229.95561513110712
196.59907175514368
179.15428348820527
145.72546445416998
133.7371926006891
127.91697920324995
144.13181966037257
149.46079079941643
165.75671605529863
178.64413191164343
142.9259289201289
183.76826367212013
254.69686670445847
137.92689387429579
185.3276028699224
194.67395715677242
219.64057066468675
142.63658235347418
160.74977086718192
208.13508519983483
205.1592461127345
148.61227130340018
174.84884153803293
119.37048446088995
115.37820794255083
268.65101710603153
103.73063304856957
124.93492689362712
134.0510041898916
185.8145465344149
127.83650838484894
120.0850199813757
189.6284563442656
191.35287701158083
190.48281730310535
141.36147310185103
120.95271376618302
179.70090601229845
127.51945652205805
134.59940773210502
242.01736533019903
111.95835907045205
198.24068258153284
185.11153923954393
188.5383352982634
145.7719498755481
151.38886724399535
105.0306820174363
168.2754486974543
222.88315621874642
211.40280654477698
208.6462679627511
128.13450572440456
165.72669266115008
131.5626940761036
263.9455996412065
134.0729873831844
165.5940326326836
218.37925628458544
188.93156193398113
144.13329305645016
189.99804040048429
144.59525590234838
242.61496432328588
228.11122480450157
182.97903164319368
133.69289415249887
223.6440221590517
185.8661700933646
264.94399314871174
105.329231135244
166.38978909077483
203.5335731381867
173.63161180231612
136.5012285195954
239.22317669943237
255.18630384675848
199.65813135432396
209.09529928364316
207.17578448630763
115.38274883355719
206.34872202791766
126.76048367724064
211.7291574834052
207.55023740652697
169.4780454817298
169.5830518985467
105.8514017483642
230.49061093319688
76.01383613476068
246.27520232823997
193.32339404734117
244.3191771422859
184.37027072878504
187.04302843618848
226.67754486328016
167.87886498074118
176.58309619951558
208.0208102895503
243.95675500539582
252.41398599209575
234.14767406899495
204.8717505919106
206.40664460016757
141.64334916521332
131.06491678441606
125.53495572299862
233.22094141232782
218.49725173806746
234.18931154928606
270.0451795634614
170.74392572858764
121.02565791346247
235.42261412005846
107.99465935719127
235.0077219306221
127.4684860742745
187.08597704942562
115.92811303711828
238.46150174821423
246.5147458986296
182.43604380624356
102.7343059810603
246.44767498546298
185.25734969111136
196.96923092443956
197.8433625657297
281.7636943597372
232.36385728627536
165.41715256306426
199.73587171388135
235.13641897462225
174.71539861713416
259.2538558846338
216.18030095304997
247.61969988274626
190.39579105685993
248.7697887582348
205.65811145980487
149.99591006916688
111.46550794981572
145.2890835151079
191.46955348316249
198.22512188205968
116.815717219257
234.98279089454132
234.2860204105395
173.72266797689662
115.30389223060241
214.1392849304875
260.49684129393506
276.94108784577884
188.45347194932535
188.57298815378607
209.28600841560848
143.37249785855317
103.25008744084747
128.68000527514243
134.88801558198037
175.45242901593167
249.6238254792213
246.61237314373312
163.23856103162512
232.21412705611266
188.4240005693374
96.17583957701048
190.94560221009976
164.90453041539263
239.07933048843057
182.7629795464994
170.4786648205715
149.77033892250566
206.67724769500816
144.8699322696541
141.60804759606702
129.3230469711651
183.69580306871455
136.54834508202816
245.4021629489452
215.12519796446546
214.31068251429616
184.4397555611742
195.01166521627778
118.10602738158549
204.23196908058443
143.55616305572477
247.43580205235685
173.85284811876554
256.85361159160755
214.27749118873274
270.59908664090653
120.02870684702381
253.10937521463978
238.0886756181322
121.63585795247083
257.69046596957656
161.94943484479617
169.3623126220774
279.7625094712366
171.127559589285
198.29440618852735
199.07086986594473
199.87076567599559
129.02030008455273
176.36242498432853
259.49969885810003
202.99439202345263
172.01523888778746
228.90134071275332
243.12304279724455
245.39912382648916
140.33158249817663
193.6565323689482
207.88140275498478
144.21243613828634
211.32758723513987
202.8248071113043
262.58515158888054
227.15934261772685
174.64149319774526
268.4565811386625
186.76965637553786
187.33583500605164
115.8220799255602
175.2929302627614
238.06557860351612
231.91565928848314
241.45985578681896
225.99873262752413
216.2512793007042
231.91054478583453
224.98627507525796
217.8361833769533
227.56645360840625
181.01270044832893
239.74320584457826
252.7256858697753
260.3042778935784
201.05192886283584
229.92278426444744
246.17370994818958
262.3777439565322
232.9983699522403
238.8261035594242
183.37620613565494
185.5070194829025
256.73275945255006
175.88808801713554
154.24072917611852
198.2761650111488
242.33846964316373
130.74692444730624
195.3081463188527
251.72705503700124
137.2454650865121
202.7184083406164
208.72412243955205
205.72001725323668
190.54523117458902
236.78515727409803
192.84974690848594
228.86470350090897
249.18307433928632
167.79862125902525
178.88808415693623
245.3417538404522
222.46273579515776
172.64183903902622
95.5598541681892
282.62927500007544
231.8102283663613
229.640541144065
107.01647560832208
161.82708712546687
221.30207444044458
172.4916343856305
170.34998257620117
185.48490948363107
235.7196824589891
156.8375532632919
271.4281648314571
256.83277313084676
233.63220048359554
92.4609534406102
188.43026138941403
241.69750525864004
232.73372509813697
258.3634446638324
160.87933525122583
238.74709458850393
246.3762458020014
211.9756115707982
176.37020896616463
245.26338958119248
232.96803612670732
116.30163845594976
191.87654733140363
242.3936941368826
166.62537352861594
185.07484525083527
223.41507306228183
185.60626116652614
164.43715571268356
160.56272502429863
162.13256912854723
248.69262994634707
174.87535151945315
111.86704911341772
225.5230604689551
239.58474240943897
231.08401726981415
155.1427121664861
219.72574186503945
151.38423996450308
198.90683962622185
186.3617333703769
175.7797186914221
224.12088955620067
263.24471851541296
233.0129501266579
189.3417646176192
238.26502342828803
272.86144688148363
227.7010464898519
245.98652897421218
166.97253823303635
75.92674738681075
252.20729580309097
179.74548293484594
176.40740381232206
179.37785003072074
147.12518106498536
170.38355128438022
198.24345325873304
244.48488483290174
229.93759863302202
175.00713852996668
248.6578320201298
235.43465389192545
171.5732704248707
136.93643255097402
221.40791314749572
165.8107467252156
126.35222335548256
172.08756406427065
226.9819415852336
211.28195280468944
150.90115176478196
121.16077244333252
219.03277733839602
122.66353336683387
181.3889706964317
166.49391660025424
257.0785426125096
204.22947282931028
251.27321863904834
234.85777568657204
89.62235709688693
157.69352899125607
187.4046772496056
176.98411783850887
263.6921914051991
141.61002485116217
237.13306248854622
179.65728853788497
246.64561148717394
228.62202662321099
181.341233822838
175.51898343856976
161.3508149747066
260.5308899011557
176.76084318217474
158.41542205607132
207.6552127287678
182.15698213925654
208.4188378953958
159.36746534913277
118.62717201730025
222.39139246635168
167.13240742277253
248.89079877919352
132.89477181409188
248.02112735996164
231.8571426408868
158.5147481910909
230.09986609474873
235.25952268646088
231.7084524182096
232.29488070432015
237.9774315729874
176.8947295186415
252.11640879117274
206.54832045638
85.27839668533144
252.09545890570732
242.44373179034454
171.87763497533953
243.69762224737846
198.18043987794312
248.51077896789002
254.86939360278095
126.07104567779193
157.07873820713024
185.21264287042655
185.317900494189
267.0011217444947
239.41324456076669
122.46433919947803
245.61475930751058
183.2897271211486
210.18739549588855
237.8117438161828
169.70530415131006
243.41997135738384
244.31648605352595
140.8461525418877
242.69915655240797
217.581905842732
229.53652232474977
211.7602241396084
159.86232784045913
194.77025040539462
127.26227180562361
252.9788461363747
153.89298614283007
206.21707184423278
209.69870761514716
237.51727869869995
227.32019427132764
238.63652293342378
219.89112631457195
