-788.3565413220028
-276.68444160967977
-357.03770388749285
-694.2711703505054
-398.48138247165696
-585.887800921212
-592.7821700859151
-485.53626256063234
-456.06836398177967
-382.7993675995403
-456.71975532743494
-299.12596521065564
-524.9666904102378
-405.9318385735559
-377.6429112625269
-171.7233579036192
-570.9846240045506
-483.3454688173883
-579.639883378182
-441.14692504686775
-701.7382980225998
-398.4694540939872
-116.6361624443964
-238.2833628759135
-388.4491523322172
-595.9865803145627
-509.6596096009857
-210.58644315673683
-280.8109762099721
-234.62851332121622
-121.27682747019598
-329.36616341862805
-493.70200287001865
-327.9767798933507
-119.88597332699425
-232.32678924658293
-29.01238892338155
-256.7931141524773
-198.2460092458911
-234.41324747405852
-478.60047823492744
-390.37628811250215
-350.947884228592
-407.2922428263825
-515.1042951192613
-574.3329735069285
-160.07956703042117
-137.69240041422626
-401.29644633049855
-327.99859497997335
-209.48538462757324
-222.16264398127402
-239.54922002008726
-223.9696007651236
-263.00026366670204
-360.5904536717671
-348.17650930639917
-376.7292739688604
-415.30217419147647
-301.2922412287911
-266.61681370507864
-405.2163241815848
-458.3891692011888
-350.6227408538665
-345.9714976962124
-215.42110589507826
-379.36054639916193
-112.29430870549146
-98.9735279238498
-305.93511727476164
-460.6204300024928
-448.50049144279416
-446.75338863384474
-458.78899389615015
-354.9800336812277
-578.3517772653875
-406.970862848566
-311.74575060236987
-372.18239346060375
-350.66908748057375
-257.6615325850292
-530.3688229589307
-488.0580124446051
-445.01482958112183
-249.61193860908492
-226.43584654510238
-53.17086303528713
-175.31034870054
-303.2048936815967
-244.38963579779016
-133.6049801216876
-179.99548424255516
-198.6475259931318
-133.935367987231
-104.46380083278437
-112.55624929323953
-122.5521872553816
-205.45823213068903
-124.36423616558035
-105.87509060072968
-159.21125507264378
-196.30067330354694
-135.78835541047027
-161.5396965427592
-145.12385800597403
-89.25154678574395
-118.12995522093567
-141.44080890425477
-155.27414183063698
-374.83995269619794
-117.73499507617336
-128.24754118918003
-447.27539537602667
-226.5063878287536
-408.06342781277374
-157.89901795924118
-116.75498459093012
-210.128473114397
-134.24741566474876
-135.09393517256592
-180.61557659116588
-121.3034454271729
-494.48482166957194
-165.28045449635653
-159.4521150780153
-144.44182335237926
-269.3819388390821
-210.63169142069543
-163.4977466555344
-149.3625483992596
-31.195856988872848
-107.68587681246457
-139.7969512195521
-157.92259794120605
-45.30282099970098
-308.2517107564009
-68.53825328553583
-46.56575586823264
-181.8408648148192
-168.52733630913238
-305.53198934795984
-233.9955000387401
-380.0944115678813
-181.57105534345968
-288.4789464305111
-316.02188878497384
-289.7029159372877
-171.73493117022434
-346.7073807284213
-382.990767584271
-343.4123919508611
-360.8945645509563
-152.61727971431037
-352.24643228723585
-413.876251388056
-357.4072920632705
-367.0672701033461
-379.2276192050313
-456.7730915503778
-359.76057745755264
-386.46470002116473
-320.07960775800564
-364.48377518038393
-354.1736037023734
-373.95028917353426
-334.4211601563984
-282.46426558576945
-288.31610466897166
-307.41868283909804
-286.19805455490575
-318.41573962407233
-257.2183216634992
-250.82877148020896
-269.00632974037114
-403.9140019031412
-258.8262159526284
-271.1165556176878
-264.1701378950254
-297.36233010356864
-304.60438607431433
-279.20675768539814
-266.7262595778381
-251.20951566181657
-262.3270676230899
-312.0030304797202
-204.16831371762152
-190.74151788095617
-314.0720711329908
-243.2282683796344
-193.66192090844078
-188.19573365720134
-221.10817834212546
-229.75910275998822
-162.31611950043595
-204.1886155298792
-324.25004756232227
-128.56321300429167
-222.7782482165407
-238.76887009971642
-173.98839095397767
18.212343233952453
7.367115682812496
8.672277567141847
-187.95228361169097
-206.62192952431514
23.6519904242663
-299.71167742180376
-206.93240733957026
-192.75801505991296
-188.9764910394049
-244.94720583103177
-237.32866498536777
-205.7051084012998
-306.4363319458479
-192.4709137953962
-234.75022860148846
-229.82566795138902
-251.30034014738297
-232.1072542070529
-213.8427394084881
-237.0017012632294
-321.90901345645
-165.3419487286564
-234.526190886876
-206.85502468706397
-210.62198297297016
-230.7268878842987
-214.89329264196942
-189.11816955882966
-201.5728018775971
-220.0357809542413
-174.0038878897779
-194.412488513705
-112.72244045109916
-178.932144238359
-180.93504173954324
-75.38497102480115
-44.71439923273401
-163.74154461055147
-136.15694253354252
-179.23237926641707
-186.00893028510163
-58.89968775368533
-165.02834572509522
21.50148775375456
-195.17532311163615
-118.24213513958738
-52.35244521756278
-168.21393152696822
-162.78326935946828
-21.099112034119514
23.819006660433686
-193.6985925066088
-196.2533357250856
19.134381360947188
-168.66751025115695
-169.70500122189523
-304.42061074718663
8.382088841396381
-166.47244380951827
-163.96535813598427
-179.20249372736703
-169.02245700478343
-182.3889710306671
-50.571503326046034
-54.163350754216864
-193.6879728673053
8.180328664165131
-97.67816606058452
4.701983325490417
-22.030698766121205
-177.11770761761133
-152.82964832046673
-171.4385592810155
-182.4332771422283
-170.2103642017845
-194.9157176167253
-150.28849068297663
-221.91698456705947
-189.35245838221795
-193.70382107267528
-188.40360077495347
-179.7459038165238
-157.83800437536055
-151.17328080093287
-165.69522035695417
-244.50768100707137
-148.43093889218153
-126.08504957776792
20.0940892012607
-187.33837302233337
-193.59319296807246
-162.9814232595495
-197.4277735681563
-170.51645931884337
-156.00533196553806
-207.78499375973686
-305.41420789021714
-147.17619160325083
-163.8894947871857
-135.73943289857016
-155.177048844877
22.749449539793545
-193.68833263952638
-167.21267895645644
-172.16918736479334
-194.05090372303545
-164.81672836427686
-62.819084118100186
-180.25954190442133
-187.2731813621739
-150.62067792797856
-153.65040801270177
1.8438966256208005
-199.47551561136112
-151.75128945965375
-155.7866802955677
-154.44032337693073
-145.41756454205606
-159.15207248639962
-238.49351565912838
-206.84939953364497
-166.27073242608867
-169.26026912445798
-201.7407066422033
-161.90547569091953
-173.94827507273425
-171.8746148090263
-142.68652752179597
-177.542254417646
-168.32206600185538
-199.80822716024306
-122.49871592637368
-84.18981964070439
-165.07096910554722
-156.07699879141472
-164.6310703072018
-164.84199927160313
-165.0082804463525
-161.5299382340282
-202.0105492462436
-191.7643094250475
-155.36191746323868
-135.93462822260764
-140.5712772786072
-156.06958439723897
-175.00914812629156
-154.0550349922883
-148.97302311973866
-168.03779851895683
-169.55287874554307
-147.35409635134528
-149.22118110518653
-183.59154723140637
-150.1653664828936
-168.26980062865258
-185.1979039804653
-179.86951216817857
-178.18267730323726
-186.47662584577841
-167.02111273278075
-79.24596877854896
-164.16817130031757
-156.6225768336689
-168.16457908694687
-206.22489720385377
-295.52810169016175
-159.56751846131647
-173.61829000886763
-202.2483284615097
-48.79459576073668
-176.23106485470242
-159.6708264039377
33.41077574661463
-191.45227772963585
-133.7241629190774
-184.46929191050788
-176.87161869870755
-156.42425854211405
-169.61752290879394
-143.7748222303361
-168.22500757500566
-176.2615835249896
5.828532690269668
-184.73543185327162
-147.44239388090188
-116.89364850562282
-140.26097907036353
-161.7358573658458
-128.84129838790471
-148.19882672277166
-140.62663488739634
-187.42737714245007
-129.29358876580812
-193.4908216639017
-145.86652554858927
-172.855357716549
-175.89878018089325
-129.07199479872347
-13.993685401956583
-162.28593076971146
-174.13659906514062
-162.65968845204998
-150.69345136758554
-161.95564426009693
-153.0137134957985
-170.85601824654708
-161.09468209312288
-183.95792810595742
-148.42134390363333
-147.48567875208911
-175.99833612835604
-159.60892505485626
-157.95138408962345
-164.76511706034984
-114.30019475555794
-151.5099342188334
-168.46339926925754
-170.8547477069781
-189.47973746371787
-150.0433166403954
-147.18453942715684
-356.50013177657485
-157.56203989541663
-82.18059328677006
-165.4455872831968
-152.4229588901977
-148.67411515991336
-140.81643989329004
-167.71023380689914
-164.80662114578269
-273.4641636778889
-134.52605177602473
-139.69067527460538
-164.98103354274463
-175.6225421343748
-163.63668504555432
-156.0844446202771
-169.82313399762452
-174.44956966492532
-163.18847166601705
-123.54539679848972
-149.3037022377347
-180.7469292054438
-152.07407933260274
-187.831651681408
-106.23810825090742
-139.3229293895019
-179.24819639093639
-137.46284941836637
-179.51394799916372
-173.85074312073053
-155.29824329114143
-92.43477509203382
-130.06902371862694
-0.8978073987638453
-184.6003536946459
-203.36428353271026
-190.2204821146694
-256.97082843418406
-191.24904738304238
-206.00889436856087
-190.27308777872958
-45.86055660539424
-314.25469247534846
-182.6164630464052
-209.19121144212664
-138.01600974543146
18.604614680678154
-204.29048223758917
-182.81819839258017
-199.34567267859492
49.42373213297492
-192.72861024023257
-141.6271350777481
-14.540053742023588
-174.7720068876981
-167.61201337512063
-177.22846753278225
-97.63778331369828
-178.06175034018435
-207.4799827452197
-182.83082025318024
-22.317730769073904
-108.69916547780196
-132.65062525221137
-169.94121192160102
-158.96790742636935
-233.27868339565282
-164.03628813032878
-207.2970033928959
-161.1466596700195
-151.58912992402912
-163.70777924874687
-193.26221840452217
-182.529207049327
-186.52814445236623
-172.9946110487359
-144.36624016442013
-175.19235331607882
-2.0282729778878092
-176.49470539079203
-167.81616393185868
-145.26395325532914
-159.1833901638157
-175.3611180232582
-151.8893702296611
-148.38560906108285
-156.47763781467626
-183.91474293085258
-158.0170288195892
-142.0121577947436
-163.54841366092683
-180.70150413507582
-75.93964808531193
-174.8701856946417
-111.94925707785617
-166.4229714389559
-173.53936504746923
-169.3572257292818
-174.19293435145
-185.74982053793002
-180.36416856149532
-138.1589734116822
-349.31913450565884
24.422189433385697
-170.93261204037475
-144.39623658959025
-186.92159387933697
-37.35443804551978
-184.22485072285542
-145.11066646381587
-191.29553638895783
-141.8007721570525
-144.951781402013
-157.91543302328998
-139.8875665857188
-190.22001145132077
-162.08252885455596
-170.2827634453244
-176.75601220409897
-180.69593098091428
-50.90936481088337
-181.62489612029322
-160.1071337217236
-151.00195894047067
-165.48055988972033
-176.1214921920319
-164.49156440184004
-148.5287059744967
-160.44666364084216
-148.07002129351835
-180.50560351861566
-165.93494047768172
-167.01033884241178
-162.51880673776634
-142.59859785076256
-158.68843507138484
-170.89720890949542
-127.69945495953006
-172.24654232683073
-155.9754577530466
-167.99142317714148
-161.85630843305458
-98.72385840635968
-77.83225003126648
-179.05152512214084
-176.7685348340422
-160.0303854625963
-162.54180257396825
-134.41105133933485
-196.0007267590277
-179.67477740326655
-181.00997909548548
-77.80645653580964
-139.7822642280492
-174.38661583668775
-169.93442165686184
-181.55038398985275
-135.65087620295415
-163.277305067383
-140.5095756188747
-149.10559631477662
-174.4745035653054
-144.89236635215332
-141.64367438106413
-166.37213114967207
-127.11712003779492
-155.56984611804072
-159.84839906005533
-162.5587522426104
-126.95097646957296
-292.5347940093791
-167.51410999594134
-162.70233172153883
-132.69466975850764
-142.21115505322004
-151.83522141719368
-143.8295228436075
-163.45063221856995
-138.8616107583772
-142.88710669336928
-145.2884130426955
-146.00458083317181
-171.0339448396586
-163.54880996751126
-143.1418194927261
-148.9098073343072
-141.80628396638133
-146.9487069749893
-149.94941457945674
-163.6690878507781
-148.41528330630462
-155.35983295321057
-135.70118835522365
-120.77960179854303
-159.9776125167511
-140.92637018462727
-145.40573555253258
-148.48742113505168
-130.5666613428
-148.76938663439051
-150.58308659109517
-164.89582217183442
-137.4246426515903
-148.80521481038312
-112.86525305620958
-116.54543279985103
-110.8009715864734
-139.73005332185346
-128.31130403524162
-135.14273228334702
-125.73226468651693
-127.70609480122042
-142.63247327291475
-129.7778041408555
-117.73918025130266
-131.15881148242119
-134.962215907575
-129.77561069770368
-151.36568676466678
-134.29757659518896
-139.19378552615643
-118.7914206669044
-122.61087389066932
-125.93753376049607
-140.99956305036528
-147.0846316276664
-142.32733310842556
-148.41217706987024
-128.7676434374581
-116.61199396535515
-146.95339382193117
-127.64120531460819
-120.54840759174924
-149.10625209863514
-118.67730451589489
-129.4653069169019
-125.76592816626669
-150.30969826570072
-103.86639157852738
-126.77053583052242
-117.81102173493024
-133.14477454809338
-143.75953852243262
-126.6551015302222
-124.48558775060128
-152.8532097993048
-139.4829481067107
-142.59785627325104
-117.208043111487
-136.92358834887227
-103.2253903586033
-135.72125097054794
-124.02201747422092
-127.26471980144763
-132.1608600716964
-149.1725987953084
-118.88297645770604
-135.1137626340113
-146.27184973978873
-140.17484801185185
-150.626785410845
-138.50956910765024
-126.76020468228549
-129.86429092324312
-134.61532939570023
-124.87301360413534
-131.5537327074462
-131.78814132306252
-127.28825370148232
-132.7295509305729
-148.20833791689893
-137.77085481036252
-155.90017849189715
-130.38344835065166
-145.94748523626433
-147.22704496092572
-148.96108254127805
-147.25568683425502
-146.82279438513572
-146.59622839339
-125.19739988282274
-129.5376344649058
-156.0656548786298
-149.08510973076116
-134.13774555684597
-122.81139531857302
-129.6035871847846
-128.44507707787895
-96.6791484502895
-139.88086125482403
-127.80667612644294
-147.21760431320524
-123.40820744763596
-100.71581344592639
-141.17220213890897
-154.16378567556046
-149.01367753350178
-145.19048330975363
-120.23363952915227
-146.33257497081266
-156.5838622225982
-145.52967892865854
-146.0089471035596
-112.85117710506123
-151.22429148298292
-118.740595881236
-147.43615941659095
-104.57973972760293
-155.03442133941243
-142.64659642192896
-120.68364641928446
-102.82515657006019
-123.96341226068581
-112.87956010711113
-150.9360857756065
-148.62632678592635
-123.20715307395149
-115.70881365091157
-155.24262897425075
-144.80716834965082
-135.39141137705874
-127.8888615326056
-89.56085151748792
-120.63420264048753
-131.64739205205078
-120.11681451937179
-118.09596215746268
-111.2823136196902
-125.03982440990727
-123.91675294971361
-120.87322634366004
-118.97496316903506
-154.44313050457217
-124.55639802259047
-164.1839100461819
-142.29480005730636
-114.34063576060315
-138.72645942822777
-102.70827861741171
-129.57938759604681
-125.5275867140466
-173.65797441006302
-119.81138528126922
-141.15135186205924
-153.92589365205538
-138.0487031102711
-145.7283333107244
-144.60086542191834
-130.79627989064852
-136.84990012541178
-123.00915693580423
-152.41314058003456
-112.5050794430399
-130.035237535061
-128.26197021754757
-146.50885396239937
-147.5990178896343
-128.38632441232232
-136.89080871974454
-128.28586522038853
-124.4317619431558
-141.1570281527328
-120.62639826211642
-129.1758192848227
-155.30586906981273
-134.78639318780222
-153.9621421554412
-159.34827762531512
-107.5234902784959
-137.13921211970077
-111.9170197361499
-138.09008772350955
-146.1688165832104
-131.82177364982863
-152.42264091049083
-126.5857994245328
-146.95195317036746
-138.7821997363859
-108.83115759203525
-127.51337856154412
-109.8216016217563
-95.22960381701486
-127.58577239339513
-116.15128638370857
-114.94708181545327
-138.23044372799842
-168.80828894930494
-136.28963241262372
-136.82672261603722
-123.79918675166053
-142.5673106516992
-141.33640734474918
-127.40109141263451
-136.4705234688845
-147.4449005745425
-135.413467108436
-113.4126247903523
-121.08124348086932
-124.28465612192366
-130.90477640626509
-119.03242434702008
-129.70843093913135
-132.00019809296566
-139.2707383571589
-131.47485154159597
-97.14800228931765
-131.25926162921132
-124.53973626385178
-128.21286949795
-117.24684379664882
-98.01162147288646
-131.35065837321503
-114.80760776647837
-138.27325803867328
-122.25462786556707
-108.88240160740689
-112.27637605266928
-138.8676136040977
-143.46318347818737
-118.50932485473268
-143.1822233618007
-123.91530040231964
-123.53225223404144
-138.27046952846536
-145.83058141900483
-134.13487037827855
-123.97209088548496
-123.77108082958983
-141.91456901650483
-141.76376606931598
-125.0145069888159
-128.71282539804022
-127.08369857088783
-116.07690043023435
-143.2844905570882
-118.86658524613857
-120.79617678430914
-152.2196709360212
-145.95999521650361
-124.74318950237175
-114.0664837953009
-144.2887626213391
-113.74751253180891
-82.30653700536425
-107.9750339099025
-142.53371894619045
-117.26258137910136
-133.36594968581213
-126.30491429205136
-134.9150396685584
-128.51150903576897
-121.7796133326199
-122.95458070010018
-143.89487280827575
-143.19517478119846
-110.00006109359774
-107.04324072992296
-104.05575566810782
-125.11785354602529
-137.6566756078098
-129.4074617696707
-120.31857522158339
-130.68937821081977
-118.94004811587345
-147.73266573198728
-113.82634635126905
-118.37977915265515
-129.69111155350743
-114.50837734598556
-126.88898887030726
-120.98829947350782
-103.32816270543475
-110.97905553443407
-136.04550104880445
-111.79479636473556
-139.97698141298213
-120.49157135581032
-123.98163934548721
-129.47090260654238
-108.90493374028614
-141.93568468446495
-115.91287224134139
-119.06494800942411
-128.50778732890032
-126.34038369371996
-131.47414343169623
-125.80711946034103
-114.71458668843067
-122.52668636873736
-132.6234522477512
-133.10226142427604
-151.8914778907803
-121.83901630454265
-101.90633728710495
-128.7756888707955
-143.94123147289267
-133.14694747873804
-107.60327073598512
-135.34369416716515
-127.43966278320048
-114.63443012090326
-127.69672818222591
-116.60126533420588
-116.72629895597655
-130.10889641614045
-111.09645180556087
-113.7397443449228
-123.26902650657225
-137.3096102047865
-116.58002360362346
-118.08553240448144
-131.90198470391704
-118.9133285050692
-117.65720632118732
-104.94082642449163
-142.03421039142697
-127.70960882624635
-126.12581303164322
-120.18754971562373
-131.3509396105969
-117.51995008338008
-117.23039662187065
-109.43475874764806
-117.7942195479091
-107.87557457627666
-128.4572905983843
-115.79657462082079
-151.72117670429571
-118.9035106203821
-153.42347556783182
-121.40083936762265
-102.30172720903916
-121.8426549297639
-142.21012825252694
-132.0683192842027
-131.9515651920373
-123.12185458148127
-146.6191753741581
-132.76532000086536
-113.1588368287394
-121.04674613021278
-105.63207141886136
-111.89836475353718
-121.92504315127684
-136.9378142612683
-127.7655313998109
-116.43050522442392
-125.96319099612273
-135.54922602131128
-126.19912962794433
-138.58429832687887
-120.95100138891229
-119.87248661551499
-124.53705595907346
-131.9927968553038
-129.67934251997937
-103.63010342738013
-119.03602034441008
-117.2512384242028
-115.41395042771958
-115.16717781866166
-127.69650759870088
-130.76902989664154
-105.36713879476287
-114.44491561600094
-126.39556628177733
-119.51547082165118
-110.57654926992291
-120.29059999261709
-130.7411830655265
-139.1445322873825
-108.9813801161012
-107.75712933025564
-130.09619666068684
-124.87502120112345
-128.0374987158336
-136.47246168131394
-152.68383081838223
-125.8912173287174
-148.83642328333318
-139.71211139813073
-172.20274708585094
-135.79246396549064
-112.35194380169568
-123.87973747260926
-111.07966966433915
-113.08087521338034
-131.95403763422468
-126.33805927984882
-124.51991986984001
-111.26153192257118
-127.55115817066988
-107.18867394784348
-140.2458429317573
-120.47314242833102
-107.88635830885964
-103.89204430036693
-130.2114516139463
-109.89108015084992
-134.58823033136977
-123.36977920479711
-161.18990221714017
-111.7462492410168
-145.15500584033785
-118.24133883345539
-114.05720011998986
-121.39572761690033
-132.44528761471827
-102.1208184505485
-124.97033740073708
-114.08040084834204
-122.30303211637948
-121.31666587819582
-111.18397782341334
-128.2458954128216
-135.48102049088124
-122.93002310811532
-129.4848699206229
-120.99558487931006
-115.58382657797263
-126.91894225830553
-128.00410852792464
-142.37493473850876
-162.14665068737355
-143.3014869742757
-136.54513404142577
-127.686716546849
-108.57182905546037
-131.9760375336011
-116.42654360069105
-151.7140646161005
-136.79270049136295
-140.35252873402328
-101.16195886027175
-119.61272205057854
-124.60379701660199
-102.94125282896381
-118.92018301691601
-126.83948662929053
-136.7012309202894
-130.5540310257063
-133.21381515815148
-111.54246086329353
-127.24611000084954
-137.3700206299798
-109.36703406260169
-128.7846947756146
-129.12145642024737
-142.93288110220595
-103.00406646197192
-136.5049169585165
-104.66871976375894
-118.82904403303706
-127.78426660781406
-129.55871447921857
-127.75830914452202
-122.95100958907256
-112.54754861054761
-109.86001307080006
-117.97294622488869
-121.59115642014739
-122.04404280398727
-126.50595957743113
-139.363915821181
-125.72518315221316
-109.43771550921844
-128.545212926078
-130.2744536721085
-86.49867779190838
-125.28484893934946
-136.1568353498798
-122.13416594111888
-101.45010678894047
-141.45280876282652
-116.67881651615656
-109.87421375097597
-106.05811084794655
-134.06986785402668
-126.04050676154459
-130.35040654214077
-98.04181594066063
-152.19911648657072
-144.18652995836487
-131.45195021731482
-113.19396017968086
-127.25789024208768
-101.81006401827915
-145.3605708547357
-143.4195458977913
-111.58927040742726
-114.0569844869576
-144.69027415039693
-130.98941721800054
-100.02211278404066
-147.84259994423027
-136.66331584815677
-124.53814480365722
-133.49395395133118
-150.16754087005788
-111.89444366740398
-128.61880784473067
-99.67312726619653
-109.82901433062777
-135.96532141665546
-116.76332885636361
-134.31977619925289
-114.05143895827848
-133.65386855841732
-150.316893144702
-135.17757766859282
-134.16379584580096
-108.19631589019464
-133.09994947801286
-104.78323591130926
-134.76731523668897
-122.69430781021023
-130.51128815691334
-135.63970615489
-106.66717917454078
-126.75951759539228
-111.39165675121474
-85.73252639867263
-111.77373313609064
-140.51724988778096
-112.35574231279446
-134.3336746516571
-133.47747556796241
-115.51402625166729
-139.36325786231802
-106.79050453319346
-118.5288384626922
-126.66665555850513
-121.16015148114235
-110.6926813771053
-98.54357575281878
-135.75090924551188
-137.60694575190314
-117.41718906770758
-119.40235340267711
-136.14824405912796
-99.38758399124356
-138.55957551589282
-107.67554601059524
-121.29363097521198
-128.44387913415153
-103.86082004375231
-116.42786163915866
-137.0329084707396
-140.3815379006766
-120.69188160596411
-104.1473269216319
-127.88746029267332
-103.65385872008125
-121.5742066971361
-123.01858473619515
-109.03853479537636
-129.24169431773194
-120.52600199779476
-99.17173472996612
-108.83227632218234
-106.62962128094007
-125.23309887378294
-107.69032650966147
-143.9992262789126
-109.85755137615968
-137.53108616470894
-121.30165961477172
-102.4409286233903
-91.17834753231091
-112.38241305265409
-122.60232637324465
-120.95051856534873
-112.80376729975102
-134.65672538829773
-116.290826572207
-115.34655045471129
-97.74553396686892
-124.60827337479122
-108.06999349216485
-122.58836339082916
-132.30188113651283
-134.45135213220698
-142.6250238255145
-144.42455828729803
-120.45178832079446
-134.12132924323163
-102.14554245630143
-140.68882198526478
-110.57146204204585
-124.81723783864385
-127.19505765933043
-107.70296423100179
-127.65768595443194
-122.45774272581298
-107.67196576415098
-109.17094238313939
-137.50398546478345
-122.08893423348529
-136.21294392032647
-128.2417770832905
-144.35645214196737
-116.82680270574896
-113.69216949948793
-117.41597064876254
-126.50825224609639
-111.42059174110628
-118.95058076954882
-130.80214413140845
-118.74089919282866
-136.83280530334966
-123.60097047791385
-128.91899192718964
-98.58742061646434
-113.1338944474563
-123.76041572191582
-129.78951042958874
-123.31938203715373
-108.99474081554172
-116.62158866010788
-128.64822143397572
-119.49074223716156
-138.9989372015151
-113.08908003865886
-119.88221235265651
-123.75108513324346
-122.23201682275781
-120.08448432866498
-127.23168483788902
-114.71565663264245
-126.51796938489875
-89.85957576576759
-114.92702530691906
-100.7332764105541
-133.15766402794446
-118.02768387183748
-116.81620976227302
-126.77011066111413
-133.62080945025372
-111.24904405578631
-98.86236268550391
-107.21198251285713
-139.55400428500636
-134.72689325879043
-128.0489039296656
-140.66600090416952
-117.47612521268621
-107.00363102504438
-130.4841021942094
-117.2809882285176
-136.89969126355447
-126.88549446323903
-98.52106631954132
-96.89840514256652
-134.03745149815103
-132.28032061591995
-123.82014333295935
-112.71264901868139
-117.7015882227604
-100.25656916446064
-123.33656422483119
-118.01882496640975
-151.404309667707
-120.96140150226987
-113.91706176959173
-112.94239797283798
-131.92423380592678
-138.68941630414415
-137.99170240623494
-128.130022716951
-132.9351480783099
-141.6428898120609
-120.82896932339963
-124.80635379416097
-100.41543775017213
-99.52246998645204
-113.56454831779543
-134.7343386827643
-111.40156372128719
-99.83307115374146
-130.97540383377032
-111.0349692940771
-138.62268975795067
-144.12391540077545
-136.7187009922519
-125.53967657963086
-96.85012830327334
-125.09501172266621
-112.32702868650308
-131.4475779360007
-118.53807753288416
-144.91262849935376
-102.92417298605481
-133.91524376664563
-126.63891513475224
-121.15052029323556
-124.1054887575379
-96.9167875525099
-120.35271670569294
-122.19091109388381
-124.43012322233812
-111.691333974039
-128.95714476421355
-97.71207644656269
-123.68730192552732
-126.23437104997646
-109.0918924725159
-115.76012729356248
-101.96498854070936
-94.93118439856094
-102.13931381905967
-148.13044448988478
-134.94418811371474
-134.92714527400017
-133.02420325155458
-118.86907068498485
-125.71070893806655
-111.26562945427943
-131.2130108544333
-84.78134558188079
-122.28794041467992
-119.42949848557708
-123.12701212125512
-132.0678124275507
-103.96105977731008
-108.46762127465445
-86.53050990535226
-96.82150819605083
-115.2070471035063
-128.20984234603077
-82.08759138477757
-105.74882620065787
-99.28745060293907
-126.60865170370018
-117.27023959004413
-105.77171341904375
-121.83591322142328
-124.02354062598393
-109.07629680429677
-126.32225158682206
-110.54493944540755
-121.19800909470173
-124.38033596676246
-121.98940686749465
-124.36131247512887
-93.96330234916225
-119.27153863623012
-104.39372095140918
-107.7473951202517
-132.2308146001428
-119.52892774652886
-147.4404221949101
-106.71788630179167
-116.28250007988598
-135.8792153251117
-129.81038285154122
-127.40667152391475
-137.85435403583332
-97.57887843451954
-134.5079685906569
-94.49793478802724
-128.37326840439675
-112.39615792933951
-151.26995174829784
-124.60755099697732
-92.05478445348743
-132.8925215567881
-114.90463657604178
-113.88156701544581
-97.80960047831218
-157.66374734384732
-99.46073963006641
-117.48263949978023
-124.02119307808623
-122.68882245731916
-100.08774771761495
-93.88932193943108
-116.46092080321388
-98.21503472462308
-114.28146217460915
-144.67614177364234
-111.0020395539169
-130.61492901417978
-126.87817074684762
-134.85362262518908
-118.45808592316247
-150.38654733989375
-123.38794506291124
-111.42422664816958
-104.92568477887468
-111.93855431419384
-125.43996465245192
-119.33382063493903
-111.06026923071828
-153.74011108833156
-117.54906122504408
-147.463786277445
-122.34073213483663
-120.29747359948227
-97.08974602053142
-98.67724459976095
-122.46031510932987
-131.751073552765
-135.03941307903443
-122.59191190172638
-108.40415883240308
-113.30814731672595
-105.28182369744368
-129.1920721238384
-118.61955836940447
-137.2106683311018
-126.53014801745975
-122.14157579199858
-125.80025731608953
-132.4341052407746
-137.7776802124292
-118.5676920979971
-127.01658425047674
-114.56761056889326
-128.40529456905907
-129.61740879114046
-128.78833503344828
-137.09779443732376
-117.25088730093792
-116.24138178777105
-119.17021291625576
-112.9473031672847
-137.13257787128032
-119.92037275022304
-120.49833940535171
-96.3182550876708
-118.92931425134266
-108.65978760456849
-123.76014820772289
-126.33734672714183
-112.8570322121474
-124.82075576272719
-127.25308250463294
-117.73827358988663
-126.56860657615644
-124.16511958403905
-138.41309688317193
-96.08544547041687
-108.14351191688894
-149.8466944283308
-131.55214507476367
-108.68631038849415
-122.77463678072544
-117.41368112132471
-134.79094622385438
-117.00540306064525
-118.52628488142287
-139.61683812778335
-121.9447285341088
-110.30681839582059
-129.78237637627458
-128.57057638309342
-138.46609343878185
-124.81235380064066
-96.21380007889145
-142.03125695568082
-126.82835334670415
-131.87388095909193
-104.9611027575892
-134.4974570720024
-142.06848617534922
-122.25258449640404
-122.52328850214309
-90.41201620659143
-120.60413467001659
-130.6217243254956
-128.2085734257211
-112.13957113295243
-128.31407698239167
-120.51396325092321
-134.59158983281614
-119.66870752372103
-126.64526570799248
-127.42611260527198
-106.13213752861535
-133.47669625074838
-125.96491859760275
-123.9238241888417
-83.78450022813263
-127.31075446955745
-114.75487695294024
-115.96686161709663
-98.26050954647036
-123.05281846136998
-117.52830279238262
-140.6952967022942
-125.89390300966014
-101.07775889942717
-98.170645030045
-129.9749131348778
-94.0925402903203
-125.10871026153538
-118.87458805621165
-104.39409497825338
-124.86305824529107
-136.0345801758993
-133.10526617155156
-111.7830999802996
-123.97798245086287
-147.5231635410732
-140.11081824055583
-141.55173146921686
-125.80456159274573
-123.19282939691418
-123.42858969468264
-127.7784609502481
-106.23860838872626
-130.31420151320253
-127.44606572991175
-148.55503261860895
-109.05261307000467
-121.28217916448145
-114.92903402169102
-126.83044626027936
-114.67444804777206
-127.73818014484337
-123.51738563542081
-133.63443672038653
-126.53525096525567
-132.77623706412533
-136.18392177075248
-134.9433523591381
-135.3527642723024
-124.55758220499644
-108.47713970182897
-100.73134689429155
-142.24181597457368
-109.71685919828161
-122.45356494279525
-112.38241383003754
-133.59704597541167
-126.98643820403105
-129.46023008171503
-125.71990543263928
-167.91515376487735
-133.90180825416624
-126.90448604188383
-135.62088201374203
-125.21330442302072
-97.43292335100548
-140.89309109506524
-116.02225510772496
-106.78123758438022
-135.0390680142606
-132.6296553434623
-109.4416828233941
-127.51924950338345
-120.34492887128208
-107.8154483069333
-152.09851301068204
-155.70484611975675
-121.7625751176556
-115.7534316631556
-117.32284991249111
-142.4811661413147
-96.36702457234715
-101.10297394451517
-133.27113840248444
-126.29116594467945
-97.89762776381544
-127.54510455018752
-114.22301852044829
-129.8757480793072
-141.7827219500879
-128.5451546359738
-126.96264115265919
-109.80327151380544
-104.00431772419108
-107.31373484400973
-131.9103322853645
-123.90014780472295
-146.5812700412821
-135.19354553415457
-116.11931994678766
-97.68259181252411
-126.51190554458536
-102.54014340618497
-131.19884814900425
-136.07189937933782
-126.3123999559474
-124.85345755506468
-136.02443498738043
-114.14562839244344
-122.57436342120694
-111.38114904926589
-114.53658516062185
-121.39504947941069
-118.18838827521924
-120.12573993551494
-128.33178540994007
-99.67266214342577
-119.30834725220686
-132.8325737941329
-128.58263540610935
-103.67449838197228
-114.98746171493805
-128.26060839937702
-97.35827851547104
-125.10681742882409
-93.43989987590984
-104.23052630378845
-114.75209980538271
-124.55069037535651
-124.6959989305284
-113.53005093955066
-125.53121127195834
-109.9740691273294
-159.52054499993744
-107.49210322939717
-92.56709003176991
-139.41056165055468
-111.56516681731915
-134.1113251418818
-137.89400817904047
-107.27148034768116
-115.31793199081399
-124.00876993062087
-137.13964990029393
-130.13100263980704
-114.37110987846948
-125.37025703596186
-123.52198455779569
-125.76966809494493
-113.90284376576535
-114.33879423807971
-143.91624723218027
-126.7683932099008
-127.24025059321781
-108.25737220914677
-131.36243473300732
-129.02685475535617
-105.83367692299286
-92.08319694137022
-119.78311323568782
-111.84514837092418
-122.22075744640881
-99.8865415071788
-104.74113411768856
-130.2273102801527
-129.6500128281052
-131.58848045220265
-125.79368842474301
-108.02323746055279
-138.91061333633664
-111.14719624440033
-125.20236766280081
-130.67199428134222
-112.7611499192326
-127.67266915444483
-140.73721063729297
-108.91441078577574
-115.04026829697
-143.03400248671318
-141.9629845261365
-140.95759648861156
-100.34869466144845
-139.20545742268996
-115.46656204985149
-125.43993668723948
-137.35357208702382
-110.63753720497995
-122.81413354305467
-130.79408509946558
-156.9173515414412
-131.16639967169846
-106.94647069122242
-110.26069372018587
-130.39867687465215
-114.71574697238414
-109.44588244973339
-114.87190725299774
-149.08568251846734
-133.73128553838163
-93.18594255417185
-146.1814638980414
-127.64115377841429
-121.52505394042541
-145.857368886602
-133.6029365212513
-140.365845018987
-129.1061853158098
-138.90119306454497
-140.9636462429092
-122.81193486541596
-131.19626731649618
-127.24177569203762
-134.94576193243464
-111.48047219038067
-130.98829736657942
-93.7482704804694
-106.73587990771813
-106.34085137015745
-113.58579599655013
-145.85688920167377
-139.79980551916088
-134.11239140752315
-121.95391025238833
-130.75119556810762
-134.93297275407355
-119.17436313283635
-125.34426435155466
-146.5912778092699
-125.56223474737736
-126.70136561645438
-100.99762459117406
-100.32770924133966
-130.71182081637434
-139.4156886223614
-141.55764437042833
-128.9788557098928
-110.06832456836287
-137.3005848895937
-112.02679899933814
-138.7975213677376
-133.9515300450682
-94.26319428711149
-126.28922320047859
-113.70865155267776
-135.0970311022116
-104.20251299223868
-121.83718221392706
-141.00014598582436
-140.81649679309206
-137.73241162012897
-109.21920406071627
-132.31784064777332
-144.50496485711543
-116.75752332745024
-114.63224771125093
-135.77493949847428
-125.92047805986601
-113.38455882526443
-124.37746976459229
-127.49319411796587
-139.52988557764866
-136.36848192783478
-116.15179171043832
-127.44131873561787
-127.22742785713542
-100.454160789564
-135.30759049887803
-112.6629127928964
-132.38863287967274
-110.34288963143771
-138.62848119704284
-129.71141216891832
-123.3292754743378
-112.62093439707661
-126.02423578336933
-126.49587972701134
-132.73771469412569
-97.70534731220725
-105.1823664891177
-125.00915595962582
-128.25108175191522
-128.8853554147453
-133.5844040212466
-124.27634956148407
-120.10694233936897
-116.31916937281399
-124.62400759327426
-121.58576159935299
-114.24574981892597
-128.230962557168
-120.94913954087717
-127.29966286896999
-135.08481338514784
-120.25315160764137
-116.27868762405055
-98.21966531301273
-132.2819089012276
-107.82909691058885
-101.335544393382
-104.6087800317815
-124.47025917708525
-125.76286592669504
-125.95164213356344
-131.3080192818286
-114.20938199192706
-123.42800899127167
-98.32237362846953
-122.03270147213772
-93.77819647262609
-116.1508080868764
-131.3194187339487
-123.86038608339354
-102.57442479179478
-111.8177336143902
-107.26611260912499
-142.21840482121655
-130.39307383759228
-133.77049210447075
-104.73677550112491
-135.06809575583475
-97.38121553841002
-105.4996833652933
-109.47373828942767
-104.3707399094353
-126.47810988282053
-114.61257357122236
-117.22147835763883
-110.09745163195645
-135.29011440208743
-131.36983745047823
-128.02791264701426
-106.82857770179224
-109.72689782021945
-122.01539989032909
-99.77530872813813
-113.76913296345978
-114.03963431312042
-123.02075880570382
-113.20113319476602
-128.06309836731538
-132.37960437790716
-140.8625443867255
-110.67905657784867
-102.86198396329073
-89.05418756390215
-128.56315638046863
-125.56958401317758
-107.88134024093212
-150.360126478324
-103.0327494542803
-128.04583827736872
-119.37761799313725
-124.99745511513179
-107.83483354487687
-130.83272046601678
-103.37491693719855
-127.16506314305717
-132.34376492542043
-133.88607923301277
-134.89358187664618
-110.96844788786144
-107.32316341958283
-122.50131722934412
-113.02105510326237
-111.84185342780226
-123.61557654605664
-124.31833899652294
-142.30346996011716
-117.49936094566878
-124.05718721754047
-122.7585010025066
-126.39284970851556
-128.07451657320252
-120.17469694395817
-117.34361590331287
-125.46740882861795
-144.8827541047754
-123.30344660252885
-108.18681208846826
-109.68674384276237
-120.946205831754
-100.32335100395898
-120.80121301112399
-135.0555789723242
-103.3270176817402
-106.91082610018245
-100.22771006152996
-152.50303122983738
-119.00123263904334
-128.97581378498862
-117.49050913159707
-117.4943411981032
-108.48003341320731
-116.13485864801218
-115.60180229925966
-139.08142157140844
-126.08376670550399
-104.78223284339671
-116.32432178654754
-114.7517930345987
-106.45601615941533
-123.08319819890319
-106.46929003026273
-100.12313078626335
-127.2944827831264
-121.71219089882487
-149.69567539542922
-107.81195292927544
-94.75938793114858
-103.76794295391196
-132.22578022714387
-110.12179963993029
-102.49364917138168
-121.03770013672036
-115.36987788856884
-115.71000461495115
-94.44321553500016
-132.42855709376656
-120.47077392581788
-109.73772042853908
-101.83995696616839
-113.6068227304124
-114.37761864481712
-93.25275100933229
-104.23375858168193
-107.63592315693964
-118.76871466441084
-148.25984026233868
-104.71852760422635
-100.60292059919364
-126.21623369892055
-126.14049647866968
-111.45150225919431
-123.68591961119512
-128.01227938683056
-120.73895726551736
-109.49316227636895
-109.29657076056907
-137.6627453444341
-111.52620138026668
-99.89656953064053
-118.17566901747733
-142.48277840440196
-133.1637784851169
-123.52675661746788
-119.50433665243119
-126.6217724718086
-116.53261547418576
-116.89181651661787
-109.79250899651178
-130.09657052230017
-129.89386849108462
-109.500527437921
-141.86516182941043
-99.51052040485743
-130.5517747721422
-129.67679192975504
-124.41391884834317
-130.76180228611608
-114.68426807977012
-129.05373436423895
-104.79784423835324
-118.59332153110705
-115.99959397701105
-131.97327331612274
-107.88108740470075
-122.00339306696995
-128.63791903662133
-131.27196610388958
-111.08443804586754
-107.28048522651909
-126.10989820810686
-108.01902474906372
-126.23548489581415
-106.80750252856244
-111.48215511754066
-101.19792615759545
-106.6674336564509
-137.73328777961916
-119.3267134438548
-96.35592400506768
-97.83289964052591
-106.01185543344715
-127.27497758339635
-121.25639430791709
-104.13308241558039
-146.85740052779042
-127.11861333206866
-137.60919464994012
-132.95574385413647
-121.98494202738067
-147.20896227393928
-102.33402023592
-93.59325071660703
-96.69118874767186
-108.77048466025354
-135.37941195202987
-110.79445390449577
-112.17258145768207
-138.40714392843734
-128.9293963478616
-128.26339408395242
-119.69676693772848
-127.11657657229526
-124.74495415845172
-105.60943138598256
-124.9422531257251
-108.00800085481227
-90.82062465606127
-122.60550768016681
-113.28755974605392
-95.04945495360063
-100.1428910576839
-110.5012056287828
-111.87922131029185
-117.68932941558722
-127.43903738127527
-119.58566571566442
-109.40066740635444
-118.8726017357865
-121.40810542970151
-111.98963488672281
-117.50759528343843
-128.64897395926153
-104.78275218800343
-115.29029435909439
-121.53380221849918
-118.25433404834968
-122.20899248163187
-139.3152413549127
-123.82382949032402
-96.30055309843318
-112.94263788194337
-135.31802425481345
-126.50649217534433
-147.02322298330355
-122.84612560193742
-112.72135003050458
-131.932655759758
-128.74553089670403
-135.09566784299693
-117.33670581397561
-113.67624662889287
-107.43070188132286
-125.53619709247292
-125.3586729343023
-107.68034094894263
-118.33925530827264
-114.42007920714047
-123.00730460857956
-107.33129853809112
-150.1716575637663
-159.98775233103345
-94.99831430450983
-104.32434016191695
-116.3824728607998
-137.058254354322
-124.52502991760032
-122.88751307496639
-132.3896124779485
-112.76113636393457
-121.01719620952962
-107.94888314373387
-132.74510509816554
-134.94007554952216
-136.32331195489246
-130.35589561319526
-105.58253919279655
-139.61492686092225
-147.3987612509828
-102.96120847880907
-118.45228215794492
-89.59147804929164
-128.6810567957855
-93.91641872678686
-111.465048678889
-121.65522311169276
-134.9021341098037
-150.24031551812772
-120.75469029932222
-142.9888457267772
-105.84197637081576
-115.67790188689473
-111.61884098143825
-111.46559144214942
-121.43904722211616
-87.31942437240278
-112.05989307087627
-111.00628653868078
-89.09035835903666
-105.4176369394148
-114.90138832737136
-97.02863344206807
-120.50571623445916
-108.02797285851472
-113.52102143613287
-100.24357698752053
-126.16618861057827
-106.23198731729657
-96.93765694737027
-140.1565133768798
-126.27877765510465
-125.42910291020995
-121.50084278776652
-121.34500011479805
-114.12900442920281
-122.56814296742148
-123.68232445940446
-116.59802262968367
-103.14811632283596
-118.30744683801947
-103.51372338934442
-104.7996024447124
-135.08494170286406
-117.53137608124501
-104.09655599863368
-126.5312134285137
-136.97117309282336
-93.86369322711937
-91.02323209227711
-120.91288198429834
-118.8945184893616
-126.16019241648713
-129.28113430324993
-129.55647308481963
-136.72054200724955
-128.70851532214078
-106.41633732465775
-122.22546334680702
-115.97878258664002
-104.92301010573556
-101.60554905222958
-125.95513179977803
-93.92027638457185
-117.47509301454988
-119.38763026002778
-99.31586520150435
-91.0910096802672
-106.77599072894068
-122.20279170245288
-136.06810435403958
-91.06176738587223
-123.25886478474573
-113.09552910934863
-122.19530061862648
-124.77991874724226
-100.80354684972721
-129.68368971971927
-110.13975956338729
-104.96976870416563
-98.46449752463278
-92.24735911697917
-116.8199922473554
-133.88742710223931
-146.6174517915831
-130.75957042738926
-122.07996370240275
-121.50555806999017
-105.3398825370964
-100.87669769619339
-113.87920247945101
-129.11624154672506
-103.74540260686113
-104.78207806150373
-111.45742017280315
-80.71667472201977
-112.43829585994996
-123.78631410628472
-85.89912119969115
-134.94901958247158
-99.47616359267548
-92.30245008510684
-95.31989408247742
-116.58423945848885
-132.2832424907376
-103.66098081899004
-142.17021534487688
-122.81778845181553
-98.16607645820648
-93.17820511545679
-122.21605956546728
-120.04475881648645
-93.78152196442655
-133.1790261723287
-99.69019072037713
-120.55647487217124
-140.28545519326067
-114.67040051320922
-110.92331972064603
-102.6850981555795
-102.29735278676222
-136.13756421503945
-92.55598775369194
-122.39483579008802
-129.55044678412628
-114.79459771280509
-118.24716881407633
-117.33615876022327
-117.10991297680417
-126.21147711752292
-113.51883983051516
-121.00840910895536
-102.4740460678738
-99.72858113748525
-122.82228497014616
-139.95508357210662
-115.35091396208125
-125.77720440348205
-113.02062921220775
-122.18796151642431
-125.13435573056046
-101.52347426534885
-131.18533299653785
-96.88040077717545
-93.25927106720343
-130.06063709324442
-98.00040013633124
-122.44114825942914
-117.19590525911917
-128.4420603408419
-101.3796341702579
-117.55257163544496
-107.72387736164127
-116.52116944498319
-112.28725121874831
-111.42821810792815
-110.6541677552739
-135.22687120885834
-126.77871192888938
-123.52242283619566
-134.753822037836
-127.4058827300947
-96.29566733379437
-108.42726636121341
-106.54256505765379
-95.15797368007753
-138.82441197043943
-111.30388379769917
-110.15908675992578
-88.56957315451035
-117.65216194338275
-108.15118197168093
-133.7273562953598
-102.56841700727377
-93.29634393746176
-118.04364854896127
-111.8192265556806
-110.37539430116846
-115.20795437604835
-119.6495023679533
-104.7413614131043
-129.49255051864893
-107.52515840361193
-97.89789628445837
-129.4434488615114
-111.37969069833909
-115.01031563209133
-110.31801051690184
-98.11359330504091
-119.79365952811114
-107.00191268688847
-118.32583740079144
-93.71311134093665
-124.15142853614276
-105.4464722130976
-123.32144253871311
-125.50971414937581
-95.60105570843103
-116.2159867959381
-154.16602114792997
-90.47304629484933
-131.46976355474018
-111.20571832216636
-114.11186554760182
-124.06192090362389
-128.9176666330794
-124.32079861872586
-110.13339586060826
-118.70871095051541
-115.68671007482294
-109.10269241488243
-127.55306135426113
-120.46677690070656
-104.50081221708395
-105.5333098607736
-124.88032493359384
-107.87487998389621
-103.63854884427924
-120.30409029079688
-128.62319204443142
-140.46761753731602
-111.42729734242424
-102.57012240198148
-121.75929153860628
-128.0350086716681
-112.8443337043853
-116.96968893181808
-96.90287578175761
-105.65551190466019
-97.08382626509444
-130.3437295783254
-114.98910111566224
-114.86347404076935
-110.38603589337477
-135.3281626178379
-99.41084358732911
-136.56687539708852
-129.67489924297251
-95.24073736997558
-109.45734377107344
-118.69996074471088
-117.8435629423766
-108.65281679121524
-124.38053153884609
-110.78437074413631
-96.37038589437871
-120.52542460654243
-116.06943717803406
-116.62523113356261
-123.78659272682154
-115.9519793075582
-110.74723679362157
-121.72200249252063
-115.87610330194283
-102.86745629032873
-120.769497072082
-114.08543516679188
-123.01246538341306
-90.1770581104358
-119.6247036963992
-129.64220467874145
-105.63750807062999
-117.63981143957803
-115.40444605974871
-131.21248763775264
-97.15948071538281
-109.52869650020739
-138.8296355997871
-117.98191228079287
-108.69246499433834
-123.18966589363858
-119.97234404554884
-117.62923167228973
-118.68359154684049
-115.41362057043375
-112.64323431742946
-115.56916009252232
-117.43664383170281
-115.2643114634916
-125.57278190644573
-125.14618766342724
-111.46823324936413
-112.6560426431855
-135.9250853576438
-97.98771282802653
-137.00583084607655
-94.63176793583052
-102.99987051112119
-109.82896392196618
-102.28117010648782
-130.79732387013277
-107.88197279594966
-101.53886609901973
-99.3486378830793
-128.3977493952596
-100.71136367502093
-128.45234903494602
-119.94531020013122
-107.43094963875522
-100.0881108325088
-124.53594120487287
-117.23492163350798
-115.91628906865591
-101.6237293482368
-111.75310090313808
-109.26400414464943
-110.91036046776959
-126.57009156724337
-106.25357787014498
-116.08629144703337
-118.07060117999126
-127.82740782736279
-117.22243502124897
-116.16075699612483
-130.45540653596214
-114.39182175050038
-118.62013182433995
-114.16447097326585
-102.04570809528984
-120.77645474160711
-88.14136755454079
-107.80102838571369
-120.0385495803406
-141.7964791836903
-103.2979598504791
-129.1892264583078
-106.3137585977937
-123.8655747774573
-132.3480827408519
-131.6547772048026
-110.3444351182005
-114.19208739819315
-142.37399212333085
-87.87466046402835
-115.4000404421069
-93.56206351682707
-133.78764891352938
-109.42095870523204
-119.0290918000465
-115.70658918638424
-101.52722426991676
-99.14002860308462
-119.49505434962572
-103.8187568973149
-121.85671540337765
-136.36456536555104
-115.9206021173527
-135.11970439091078
-117.96230228478893
-140.9799372228663
-125.79987436229993
-133.2907654123347
-105.15873107167839
-115.61162083117823
-112.65394749439528
-125.5342103776876
-120.25318214576532
-111.70027632173507
-123.53772261618184
-140.21831469842832
-89.45387735581468
-103.5550547251354
-93.60728169474186
-113.719933138166
-124.00586174754493
-113.99286970835375
-96.66605393461924
-108.75792405635688
-102.54221344336521
-131.45273894574262
-101.31200310128237
-116.68357873036474
-115.5931268736531
-127.4888586160533
-132.30042793715245
-99.14050689126645
-95.73213255051833
-117.45905492639466
-111.4733411314134
-107.4683311312148
-92.21059651521065
-117.662029675345
-94.0652072202036
-89.97642436237965
-110.27370915087121
-121.89712590877187
-118.67025049029989
-114.12090045048055
-123.67353000760153
-129.07303736912112
-130.038224368853
-92.84107998088746
-104.98662812419278
-133.771575282213
-118.43837057884129
-107.82890494785063
-112.66722216621754
-124.26271434894902
-136.74311210940778
-116.20070665019166
-96.83679241320395
-103.25186460404885
-120.17391212057487
-111.60802246767281
-109.56730671492667
-97.02482815549394
-82.06511198616369
-111.7101466390885
-112.60363668894878
-119.46977701115344
-87.24316913029772
-104.86053777029004
-115.21315596987694
-137.4113310486163
-114.0981480127675
-114.7125659827365
-98.09148383503948
-92.13198059993428
-113.01061193041406
-91.60468905138151
-122.66346473255791
-123.05931867810952
-102.77605867557715
-118.80599040269084
-90.37264751738562
-111.99784552128459
-124.20935935086118
-104.96520194479784
-100.63264969213482
-124.22351481273196
-133.37105902790398
-115.44466284323008
-116.1720943763803
-106.23343655373618
-109.26564838353197
-113.31805510287309
-119.79540446327988
-106.17268227117535
-122.05925774988192
-114.78365001466285
-112.60883258584383
-114.96876946425465
-111.36535700643313
-135.65957344932934
-116.54326797957029
-108.39250369214305
-115.72308766573305
-109.51769680304393
-144.45788903130762
-105.57762982598851
-126.65415575172744
-96.59178414773099
-108.95520521975955
-103.53279153356478
-111.397532759518
-111.25515222745548
-110.01365231770946
-129.85106645378096
-91.423909243246
-102.74234218254202
-112.02133858892083
-109.01130176563038
-103.91391631670979
-143.33598397976675
-110.1679364500436
-119.39774746186015
-109.0606538316137
-124.38721369024668
-100.24302562885765
-104.48702130897684
-88.53562696183153
-118.72521955386676
-117.40323256257207
-97.28808078078698
-103.12502227595073
-122.78335388147352
-121.92637155911564
-112.12711236858824
-119.41195409564799
-123.10749972521592
-116.04638465017459
-144.63357585780312
-107.80965919060763
-109.28033187013081
-108.70230964512146
-136.94581308471663
-117.5547463698136
-124.42561074183227
-120.8192827555831
-120.12203918559956
-115.21198775230604
-122.46925600390942
-117.02272940406792
-111.05426966693756
-140.79370505451072
-97.83607246198241
-117.801315600129
-124.94647982379944
-126.78561060078698
-115.35859591400379
-103.04793721872517
-105.7164366720722
-125.04088828813816
-85.03778881621952
-93.61608163899697
-112.62151933026675
-100.3922378388041
-125.09045964416637
-116.9909232821677
-119.9391646743771
-110.92192955584687
-109.44010531999264
-102.5604252052388
-98.6075085238104
-123.3960427347499
-103.05571877466298
-84.4023518819418
-89.97090498456657
-115.50224162764849
-137.05826625743575
-104.09823176304496
-99.07285337148174
-119.82226965688352
-108.75952429767676
-106.67883910650018
-99.21911281757194
-108.28758610777243
-110.71888952897895
-94.66239760002517
-137.53486053980683
-123.10653616670031
-134.22127552115558
-120.37939261212347
-106.71763501708628
-131.06159460982926
-114.16400700768823
-122.50834573186513
-116.6693875691688
-118.92586558158885
-90.16685108996776
-133.12727801115423
-122.30261383524281
-104.2162969667449
-135.91110817818407
-124.15885713896913
-101.85212618721333
-126.73889089453084
-110.84365553323424
-115.4115867224856
-124.03196608528114
-91.13613033521516
-88.28590316839465
-127.14274473175654
-114.19707554368298
-115.17467871563781
-130.1909113501524
-127.94040643825602
-117.20199265405019
-112.74003904049398
-116.50582157374268
-100.43291585835232
-114.35902231542343
-125.11767413962183
-99.21424933596228
-119.87423936978242
-118.91327657230147
-116.57812640214647
-94.16194141533765
-131.47759362166835
-114.88366530780993
-117.99178611055356
-141.46721517393115
-105.63943834917984
-120.14622507023593
-140.88001427084177
-92.63429996765707
-125.03075328010006
-119.60934913068745
-112.72169068946647
-129.73699512216132
-108.85494561294551
-111.28035025053919
-114.21566023821826
-82.72388507888866
-104.15922398171188
-125.65043237934138
-107.8764694574138
-114.89061332474037
-124.45341616908775
-118.0592976470447
-102.87898088466508
-143.88330429093875
-117.57144597956788
-119.48857702671803
-104.1292428926712
-130.66897513007487
-122.02052364185295
-95.71218712442668
-116.5210033553851
-132.29247285651763
-109.81679304698757
-91.91156594460597
-125.05672009610362
-106.93130159338466
-92.0818638757153
-101.10079849468926
-99.36586008660915
-126.12513642784442
-114.86675930322211
-104.43240570884119
-101.82327160495375
-97.34839860447887
-116.31906299807159
-125.36590639011095
-156.60913065537812
-111.87224767579426
-90.04749712708661
-119.07195210916672
-98.38797652056971
-112.08802808731862
-90.85481947963181
-131.39765235394412
-118.16294243847798
-108.57623228551961
-113.6426180232791
-113.59421868573563
-121.07700419594624
-145.18390157463813
-129.5694004434543
-145.78740258051022
-102.0416358728371
-96.12186681638693
-142.2766806371234
-121.73802632309517
-118.82017203472357
-98.92673885703299
-97.96221683565169
-100.6007125422324
-107.41077014077877
-112.2921006147125
-108.52355979350435
-114.62480518640771
-135.99069802585134
-149.9520494185729
-91.8300320510817
-111.09199896846218
-127.05574537555964
-116.40718376029521
-121.84711350994519
-92.999139512037
-91.04761119788755
-124.08614501494328
-135.12310594821366
-136.9739718047068
-120.5963672014232
-121.6627384411278
-114.96376262706872
-112.38259337669022
-148.65329481307214
-132.42646792988
-111.65337349482799
-114.6954230005206
-125.76580720594168
-113.07578803507242
-126.33742761705112
-101.11595696792082
-105.69719976591566
-90.50995258469729
-128.39083600674013
-91.37777652552225
-110.89301643762781
-99.48909417412655
-95.30294879229768
-132.44825612227714
-105.64018683564862
-102.66470233513486
-126.96405761731296
-116.69784743675362
-95.17411592186936
-127.65471217773535
-98.03144684944618
-139.03911368500457
-100.50473159530209
-124.6315407267475
-136.71318023420596
-124.09810867526305
-84.04552284642996
-95.71618432177635
-127.2489862486158
-118.02812374918474
-113.2189984232859
-110.32047638192883
-112.7214005404701
-142.89492511944763
-123.6438187685464
-123.64842015789006
-126.56683009267496
-131.79021268765405
-124.99490348034435
-140.8534596731458
-97.41664358033428
-110.93501725593678
-130.09909782686287
-129.4424370260934
-93.74632748743176
-98.88918158009767
-120.90883583957327
-137.76618810640886
-110.19106386938886
-118.57358628307037
-125.23197362118643
-112.14002546299163
-113.87002547353286
-102.46847878457902
-89.76920580295699
-99.68648882915858
-95.57187123904478
-103.3679401117312
-123.37639039872863
-114.85470397822712
-119.34279185522385
-115.37284563057271
-133.80827853672622
-111.5666774456117
-140.33984656546605
-96.2140542727758
-92.3508659041755
-111.16080164526971
-99.37527548902084
-97.04902159695328
-104.10610256774477
-126.36335742307244
-121.97541713953194
-90.45429165854823
-108.32863442648927
-129.058166325804
-105.00816708424416
-93.91537991785205
-107.38242314986883
-115.60922760419798
-115.94043431106721
-97.13274546329005
-137.2750922061104
-109.52321682976464
-92.24065179416753
-116.05480935479085
-116.52946969497519
-103.95216459301042
-128.35722511289003
-118.99467059786625
-113.1236825399777
-125.74954467017486
-126.28757718359223
-123.99344147733906
-122.5650973854293
-113.19210914767964
-95.84530223901444
-122.39460912464605
-120.93840031813517
-111.75367888657424
-135.2865596454824
-97.59190080103622
-123.647237477613
-126.79707339024282
-118.8487010241824
-114.39950515157132
-116.52309778081204
-133.58357696360062
-118.84582900796993
-128.01705521285766
-149.80316255453405
-127.82051340014459
-110.26045265333849
-145.2393824621767
-132.06627796914515
-114.00738353562576
-109.58464114205294
-112.01871014715537
-131.15143802796467
-94.69337769791514
-118.78476731043517
-117.60508514653938
-81.66794952076842
-127.50862943964873
-107.28258348809231
-106.39814038027637
-114.02350754872525
-108.9911772135489
-92.27123563171364
-105.4752614592527
-99.13266209746857
-112.97145213719759
-120.61478815399553
-110.40221840047329
-118.63201206591809
-93.9357990835346
-113.48914795449754
-85.89887682130684
-114.58551286661405
-96.85047825815188
-112.50495813905627
-98.07878764968959
-138.01768495224485
-109.3478343271342
-100.5242461495092
-121.33792466471644
-121.52087279989118
-128.38883206209272
-98.74984675940063
-127.52525293844135
-96.6822351337538
-99.43272005206939
-146.98375023511042
-83.54425225259371
-91.54485653680347
-108.95221279391276
-103.86798644446236
-134.74663249398446
-127.86389956152415
-117.13774290310145
-112.09437167193533
-91.54084132632147
-121.26347150334907
-96.68347679159439
-119.36750421130877
-107.9499516557989
-121.23261743880143
-108.95152869561458
-129.80981081894814
-112.61299613980654
-120.44901837181739
-116.03552481297032
-121.9835993233213
-149.38172007191332
-107.27365087829001
-103.37954977190142
-90.88253132597119
-90.27087282165519
-123.91734138384771
-101.7158418923712
-115.58424926514137
-111.44290763622146
-102.49558936048143
-135.09377117656805
-119.06338039449327
-137.373151948332
-93.18438648686731
-109.73692127229799
-105.1687201176393
-128.2776035254554
-88.29252820828926
-112.85285634947259
-117.95958709398603
-151.8328383314705
-116.88158900634349
-144.58082502666028
-101.88371028437169
-114.57746240113775
-131.90232121108482
-129.35985083359887
-116.83606105027621
-128.1194271869146
-135.86232755753224
-98.8726568021984
-100.05689263221188
-96.86821479074692
-134.72498066196542
-107.34591233855444
-118.83196797661353
-116.4934468500236
-113.57613472284822
-92.1801213565381
-92.95570492507147
-102.34686683405145
-124.93138808844753
-118.63289029859801
-142.305454632204
-145.63425631700125
-118.58836479964816
-87.73785574829334
-109.51368407182201
-111.73687380505227
-121.61135376055918
-125.61967982375825
-126.26985511715326
-126.20587661640955
-110.9101565308182
-95.06649350810139
-130.04259436791156
-125.59551083088391
-103.97148395981327
-120.78949481956076
-131.58386199697554
-127.8870971199812
-116.80020766971353
-131.36621467500913
-121.7323929590676
-122.79351818983221
-118.0977962296198
-127.57702974125638
-113.44399566328785
-138.9908100631945
-123.58390157973251
-137.16542142460725
-110.05547447018988
-113.93976314874858
-87.40568210228118
-128.62424957470952
-110.14809958207312
-118.56833651818314
-128.83556458444755
-110.74533940005263
-115.33106435287553
-100.5448863127825
-117.24521375016002
-102.93583392015289
-85.72736182059559
-113.43488700153812
-108.13150435257415
-112.93742990227152
-117.84877752806398
-129.895745406789
-123.17826783954467
-112.9857686861777
-99.65838757026147
-153.82602720637357
-83.40145588576094
-108.65976990260148
-99.39784277086734
-89.10210520542009
-128.00603630970522
-109.8532897179471
-138.6675007138039
-137.62605633071863
-128.39634869757813
-111.20838188058227
-125.89836837526866
-118.30574991516151
-123.61008888077956
-108.9080000759125
-117.98456622326975
-109.43728438137653
-94.12498806404001
-128.13115847764996
-91.33344843079598
-100.28417130472101
-125.50141606946418
-99.64549023856594
-121.45054458563263
-113.6181483773134
-90.39343081976536
-129.38386309479296
-117.55904447329452
-91.08429066953519
-105.4290008517824
-116.05789086380241
-97.01444677319165
-127.68449943556331
-104.34093450430883
-125.17850402433973
-120.76884176699077
-112.52536694077888
-107.0377835900425
-122.52862882245523
-89.59389942725551
-115.0896452025806
-118.60569185417515
-121.73655769181451
-118.5438674996386
-112.21703296273574
-83.38875718225313
-87.344809011488
-129.03042910744557
-124.42748072792398
-104.17813647961388
-129.41843661101052
-108.14119984020198
-99.67889869822204
-118.83965347726775
-126.82849507959148
-140.45027145204818
-123.69663635006512
-125.97969609418455
-125.91407822441329
-118.44817072161045
-83.42912621955075
-110.73457836013696
-115.28500160375589
-109.18579042416559
-136.5979779948268
-117.31550239032426
-121.88036772602572
-117.99397864832278
-125.31127417229484
-81.45831345922612
-120.70115987934022
-115.22823296486223
-123.04391801744305
-102.66871635004865
-112.53647223025774
-95.98269608238498
-112.44934273402019
-130.01102512311581
-126.6556295469662
-112.68300536853877
-131.30182138945656
-93.0702684246869
-116.11494637513255
-111.97035201988022
-109.04280652637878
-122.10725225688742
-112.56824705843084
-110.99346332176614
-128.3791570792704
-94.72027818141405
-97.33052135022511
-117.71146786162902
-127.92466432109224
-107.97174681690821
-137.80667555391415
-135.341410209302
-132.89683755561077
-111.66821068283664
-101.27286042015571
-113.24643063976094
-108.68271062654499
-126.29539123292153
-114.7365864932911
-120.57537863817629
-109.48021726700196
-97.58688521952037
-117.90822463950072
-100.90465039027846
-118.15661331644462
-90.07680199629628
-112.11245554105703
-112.41367167531864
-92.395278480565
-118.0515767930539
-113.92981930158732
-121.71059455514096
-122.48163056980133
-103.0424905630256
-127.94874107116732
-120.57260963910937
-110.133497181532
-125.96577963980448
-112.72179876809628
-102.68712092639096
-150.51347079741518
-118.27532669854271
-127.7454574167754
-125.1875388786011
-111.25265986529193
-107.31824204051875
-126.23769030239818
-111.8242900792016
-112.61069837077027
-123.30494937650904
-129.3066947212576
-108.88479201008849
-98.8577538173639
-102.22213974314982
-122.50314725804927
-112.49439752709029
-137.08921670020771
-121.85599946238078
-99.9633342448685
-128.0189849429502
-108.70451768685034
-119.52671571284611
-116.02152109893608
-103.74710078590928
-117.23411671662483
-117.49708803530966
-95.42400143308103
-118.67352799954476
-98.22179271840902
-120.57445960465961
-98.08057696456422
-126.56279315992438
-112.44106317503423
-91.70125134293092
-129.10201100760176
-124.37707773734297
-124.41693921384369
-115.09257315691852
-116.36471293437637
-95.3123655622814
-113.84434720161585
-96.60116473905866
-115.02748359319116
-114.31068031897895
-128.17454788422432
-110.9320711695076
-120.81957251330778
-112.85763140975513
-128.0465844845921
-124.04959071759822
-109.96864259793776
-87.37641233091762
-148.53388659787603
-107.77261428155484
-101.34994375657713
-118.45624858974946
-130.01308412380638
-97.96007673404611
-129.8020143260973
-102.9606517732369
-114.92155990325172
-129.349904061957
-132.85400832655284
-142.28776974008957
-130.72932412368633
-127.98822758294091
-106.11799740883296
-115.35416214731532
-102.85919925604253
-115.76483348008244
-92.14941224730592
-132.39633898094712
-100.13837708488808
-96.12869659681046
-114.41027797843533
-110.2747317708166
-125.31186187538647
-126.69034901882296
-116.31684578724058
-120.40430892987186
-123.72120509778378
-93.50851037376898
-113.18405364770527
-123.16777427937798
-117.67786154637417
-128.8985673457197
-134.22513571694586
-128.16894060635713
-108.11185390112337
-128.22884882942526
-121.10441623435123
-101.52787972881771
-128.98320360449537
-108.57003968716046
-86.47976100653003
-132.5028979340499
-134.49520515927844
-120.25817099450185
-137.4152996866096
-108.06988664906441
-144.9539459676927
-108.36719779381565
-106.9499075865375
-107.57409100483756
-105.46668711461115
-131.7330927748795
-110.58840214147241
-132.99355410339447
-102.37940066375558
-118.7101791162013
-123.30533328150796
-118.85429540635914
-116.13101261277144
-98.72593614598912
-105.65705049006851
-117.52732714723402
-122.39726041050548
-120.05758637095741
-114.64756335144003
-142.5515319698925
-144.04338227001975
-99.08730393340275
-131.5717927478807
-132.67757290657653
-91.3588507418149
-108.85199380734053
-124.33649113077786
-116.94640513068106
-90.63169600565152
-144.37404468024656
-109.55691649360568
-130.79972004323514
-125.24548436827156
-105.6838245634762
-117.63129510903106
-110.08532895419415
-113.84426464368207
-95.21131308949326
-118.58235362539529
-97.71877823072136
-111.91781020788228
-116.70479785555419
-136.6575219454157
-139.25262317975788
-117.39040442724061
-126.66361032936325
-103.09998407415198
-100.79939866112142
-96.00574204266603
-131.89955233740648
-120.4024476000762
-127.66065793857783
-100.21141569207565
-129.30373394828123
-95.87483660263632
-107.87679943727613
-119.81471633661519
-106.04492157727896
-123.87469049710084
-123.25923080782749
-116.84990800916168
-125.08615499963125
-121.71387356422719
-113.97421697632812
-112.59579043553245
-99.64098131364028
-87.2335466747683
-118.10924857503386
-99.41294563663456
-117.158165010897
-121.82176063809868
-123.50282899633541
-86.33797416140317
-109.10710683067435
-107.2358727099358
-131.4679862788388
-104.05376496109194
-120.96170339574411
-103.38313423272655
-112.07615957153915
-120.23378610183867
-111.1272894053041
-113.61315522844758
-117.65461372511446
-118.26698535816418
-109.58517838072267
-100.04948844874193
-116.4898246372003
-89.28661028832582
-119.16677340487186
-96.12438551226947
-125.20991411195968
-130.3913950861499
-132.39311380008584
-102.97115105123045
-105.83647949610749
-97.88416503213422
-134.7648645119186
-97.4140683748077
-106.59662973918195
-120.30711877389139
-100.90248721996329
-113.53059818366772
-129.06990079706551
-114.7498453096934
-124.58215599455639
-101.02487625831682
-101.13687221390465
-112.01965108515428
-115.73457870124358
-117.52438344228713
-124.90712113241607
-102.642827602203
-117.60772178863851
-111.94247897784635
-101.08369849410158
-131.01284927920437
-84.86557917066663
-127.71063258666152
-113.98957414249188
-99.53062521789676
-129.52436301290038
-111.53662332738536
-124.65019527312592
-137.32276763775303
-122.84386233980784
-129.50005069081095
-92.55696743566392
-112.46592756810783
-121.47607063944687
-112.59776765761468
-141.0932494403391
-93.09314994609116
-137.69855569089123
-126.69925275137186
-95.07413803672205
-125.1764373321811
-108.90813840366071
-107.49818214604332
-93.6142822137782
-117.05819333902079
-113.19560043663236
-113.1746205614059
-116.56156408916489
-127.53810252047609
-109.56911349959847
-115.5597553045243
-129.59779792990312
-125.29391117013158
-107.39679705363305
-119.43568961789069
-122.24917643563822
-116.4114206145423
-126.33068971697361
-127.83177294817509
-95.44613165369066
-154.09567291005217
-136.87742427605914
-110.96857849286089
-104.47047073949561
-108.51980735059765
-101.89185312122652
-138.48069470516984
-110.30354985984582
-138.06562435847468
-108.85607973343905
-121.78598324047118
-134.66217830367233
-111.49835327124507
-122.13828205272867
-111.42240793170279
-92.57823310527387
-119.44669109569959
-103.256252261591
-113.9715280449189
-101.58841389720749
-119.46052415338124
-110.70570182477854
-137.68347052379175
-127.85409592337533
-148.47809356358283
-115.31856877459711
-139.3596311592877
-116.49292561991015
-114.87344227592217
-119.79668281109537
-121.23771717854558
-128.43355309318935
-135.4516365753284
-116.49155125553322
-118.14702994304507
-117.0531233955385
-113.09416588495947
-106.87427436320527
-104.16536030962946
-123.32752481707604
-102.14756689574672
-117.33456489500446
-97.14168443953577
-110.03260981398847
-104.83804350400608
-132.34812775793037
-120.3627217515392
-132.8817500369566
-114.16769938774706
-97.40615796809898
-124.57520870301873
-115.70782471428556
-87.72807196638081
-125.56214044505629
-112.6854957632849
-89.64337198641411
-98.77993129032453
-99.10241580722673
-99.80386812967956
-108.67249924395674
-136.54402800936265
-106.78124980587464
-115.43084838240515
-118.53313882441418
-120.05010321472369
-110.70018856226345
-109.77013302320024
-116.6766158724633
-133.40676948138096
-128.8046297036466
-124.44206204759854
-118.51881713012091
-110.79041011770674
-127.76647764784977
-149.9171128551675
-122.84941090136408
-136.07042319069106
-114.75955384155594
-132.80437642696336
-126.34019544573391
-130.29603397785561
-113.32129323936931
-102.69263344483572
-136.8671818829068
-101.61116449766212
-111.76436305864772
-116.83392281550509
-125.70497597206085
-121.74647822205753
-117.75664892987687
-126.98603776212633
-103.80745808566903
-128.73775261720874
-105.0686552467582
-118.69675444789397
-129.1873397638171
-108.05624003686671
-131.49685458518405
-100.377565612982
-115.3073900542164
-114.269019065512
-114.89985808835252
-115.17258089195705
-123.82463233250353
-131.1250554509266
-88.76712358669042
-115.58429315868149
-115.09272589161932
-103.24848044252765
-105.0169530396867
-116.51239705115616
-125.02644243889321
-118.2580311319733
-117.19412084005926
-114.68949101437893
-96.1733570691983
-118.73069431533088
-116.97003254511702
-119.92297287870225
-117.0284979337126
-129.17706967185677
-115.08694985130465
-123.5142007646178
-133.2530749776319
-124.09908175017335
-105.25013548323977
-122.24382490614644
-125.59924162350944
-103.27765401100233
-125.58389792172635
-110.67092448827229
-101.90599574935204
-142.06050626050492
-116.14139819134331
-98.11536046693533
-101.69068613476149
-123.02753912790678
-121.44461087379156
-152.51847907272995
-134.57597315751596
-149.34316935735814
-115.6922273553114
-107.43872232668699
-125.27952120175576
-132.44993059678862
-121.67606951537289
-125.76168635612525
-118.39522523505568
-114.5332466156334
-124.21454099139729
-112.32083106614088
-109.11244771957564
-108.9217592338266
-124.08565718441174
-123.6218876096555
-90.14725883707244
-114.0199491596711
-123.82856283086927
-104.57410259460063
-126.96799734959191
-110.56963573217635
-106.1401828131559
-129.2712936301197
-139.7468431893464
-117.97374427355689
-113.37511590030681
-130.92998955984106
-126.0184183218754
-129.87879777182164
-104.6655585599615
-110.77463876101334
-121.28918155264921
-117.67915198887667
-116.56381455075457
-108.74518072750432
-107.74332935197192
-121.56186297222354
-111.20550586319936
-92.51922287193264
-102.88516058023541
-119.5861649679779
-108.40398680549438
-118.57670725895844
-122.62729187336635
-128.7057048082442
-126.65582735812902
-124.34781547743299
-147.5195352979533
-103.833905556249
-106.92540578170504
-96.66064911335054
-107.45160725320883
-126.58933100647457
-129.24898833651412
-116.39048456176445
-98.76913279110114
-127.68729677893057
-119.72275394856166
-124.81149438959426
-135.4267894497611
-114.58437993293579
-102.715653245117
-121.93521356648743
-125.94448787670818
-119.3098568496742
-117.19287732223054
-121.3280681497291
-110.43981539931045
-116.96004850893699
-116.98354887191958
-106.9536350107487
-123.37418800861514
-98.42901560065485
-119.2420311856859
-99.04670370505404
-125.49493101675091
-96.21473463801404
-127.24381908470683
-125.39116853531479
-121.02561634786784
-141.62836725820802
-111.19153061053379
-112.32256515440223
-115.60183326413683
-120.50790013508148
-115.36750034982336
-108.02489913929033
-108.71150463311149
-115.13089597911636
-89.56008909944875
-114.24711025123868
-130.88379045573055
-123.18104420349356
-87.19201012349536
-100.13734422268655
-124.96061964517125
-96.58001138782747
-113.67285802558928
-167.2493872663469
-122.08175694820099
-126.18020400503076
-121.42813577198453
-119.94214405209809
-115.13375041764118
-106.25848659189302
-98.83638382592304
-115.80608588327684
-121.48782405040669
-126.00523057864997
-116.86786106164843
-131.39805355395518
-143.66942643396135
-108.61216952352542
-108.2209743088802
-122.24322882980707
-106.75303655714227
-129.02417238987883
-99.79594341782493
-98.65648154547821
-133.75662177920012
-101.89308956305095
-97.80146258006133
-117.95253855213089
-124.9665903904621
-119.46833994076468
-140.75540197974078
-108.55086417613288
-99.52356193376144
-111.48944062104299
-98.85333589573011
-93.62451344394529
-114.81924420751923
-128.7854941820495
-113.00197133257275
-89.72656642881886
-120.88882910970892
-110.85713774209657
-122.01405714352013
-108.75296297641574
-119.26389182558749
-121.0474324052013
-122.7546007752274
-124.51049942778147
-118.05597013038292
-119.95144387881388
-89.71748516326373
-120.90147437670316
-121.90228266596768
-117.55804115762214
-107.0533523254702
-145.72307070426632
-106.87990232420263
-114.80286781040354
-144.69743940794467
-103.22085921642088
-94.85912254118337
-101.8979517021521
-120.11957494213647
-114.2904186494274
-110.99797108286944
-119.28443195978919
-102.89924720688636
-126.56352381508856
-100.10500292960752
-90.70490647848274
-111.4263070090557
-108.3000377430261
-101.59728924356783
-103.8939801681125
-106.24984358893587
-121.5171118302386
-110.99199969285502
-123.38056528250446
-130.6049342928757
-107.87751842576486
-118.24155529886761
-108.22682694771403
-93.88496904805154
-89.1048677676724
-116.66025279986279
-135.51986441009296
-102.13450477080895
-121.7885166190252
-85.51451329099434
-131.07534777844057
-102.57309990408754
-104.63282808817945
-127.79189142373265
-119.00206441944492
-116.9411991871516
-134.40769538352225
-120.72632855510821
-128.18052393804024
-124.44656547954
-113.12291077393796
-96.0680287544854
-104.75474418794309
-136.09541906021497
-97.63313223462377
-118.08015998860907
-110.12895104536742
-130.33910722242564
-130.1525113391115
-100.95595027689191
-108.31751082243568
-111.98588572962467
-129.26822869157283
-118.60689073469663
-102.11305147949763
-113.52418665659184
-108.8041565132545
-133.86843418130286
-108.08829751621272
-123.41374744880629
-92.30081617749293
-117.69233637268563
-89.22693283248115
-113.8669034626545
-125.10636621548554
-114.79272524050371
-113.73503522330958
-132.54331753888903
-107.37526577213397
-121.47848899210553
-112.07633727544032
-104.90683123505994
-107.9006741879607
-110.26322743502514
-108.94840425747131
-114.00014736187505
-102.36470599027646
-147.5424329877036
-117.46270917495825
-116.88465626511308
-114.11396807528826
-106.95549470399477
-119.87151194720555
-129.28026542748327
-121.23185256929762
-102.51292638327574
-122.8481817575568
-121.58434905413546
-114.57640743901106
-108.08985838463845
-119.8903555271388
-91.8244634183817
-102.5159155652734
-117.95631898321805
-107.66291778363978
-104.09417902802156
-133.03794772883194
-126.35026129112228
-120.8011594353593
-119.51560195945218
-112.64968673264194
-134.161091010365
-89.48598441888872
-114.89563921034436
-90.96892179707459
-97.49978747349155
-119.49021345294898
-92.1678219819869
-98.74248214216956
-146.4885166235146
-133.98961385733207
-115.3245529558005
-114.98414652326413
-121.50002839394907
-95.09122581197214
-124.69997408037837
-99.62284410877336
-118.20405986000047
-97.0315710835239
-129.16854737708056
-123.6138390196201
-116.84860289424239
-101.07458091147431
-104.12415784162336
-89.7093857086935
-127.27676741202994
-117.3196290191832
-126.58135644597385
-120.63310651854044
-116.96095534783106
-121.84603770746062
-104.3227693547762
-100.02947014899753
-119.77103621408803
-99.45232174923629
-123.90567434791367
-119.49054557744837
-125.4865281842617
-94.85354797428185
-121.91233896010307
-140.8187476369156
-124.29647650460977
-98.3614520871298
-90.43067248315607
-113.6409050608027
-131.41185826858936
-107.06902874137621
-102.34821402125252
-121.98308865532036
-115.52334419030541
-120.4534913519507
-101.38577681829204
-95.24033466900526
-126.1135980481468
-105.09142468536207
-126.61254957906135
-97.42222125655806
-119.55336540290894
-141.90015545934216
-127.82411210185212
-104.6255599258802
-106.67622439367709
-96.62156423368494
-115.72598497795309
-94.80970869939583
-107.6168739292308
-129.2432754465624
-111.07191058983737
-93.48435233796067
-115.24209587579658
-113.96979052081713
-116.03003143012742
-127.41229849765703
-127.37803165610521
-112.85808729252427
-102.27711452362045
-113.41432547885078
-104.89062792185301
-102.82495197752004
-116.06478001437083
-107.49077821487388
-107.1882595090268
-102.07074794084393
-115.46975244798239
-111.93310368086674
-119.27812398454577
-116.82022428894462
-98.16124429997593
-91.02332803369947
-130.23044252229988
-89.8716031522159
-129.17782658855361
-130.154558661409
-112.7325612993089
-101.09399510365736
-127.64432712642339
-125.50110735275217
-140.70854272625115
-124.94430563425308
-118.88547530182768
-101.02066237642761
-120.16017066220155
-124.28320849939799
-98.73486326228883
-125.70054529799188
-102.95487073070875
-125.51448908683946
-107.5199122255951
-128.11290027325722
-120.69353562801551
-143.03245370808256
-111.05956325631745
-142.44647895891683
-130.55160903606898
-116.33036750348163
-113.57847460369042
-108.1465649967017
-118.83800280127551
-92.1114602763052
-118.48409163979258
-113.07196881966414
-98.73510814175307
-83.99635263735175
-109.11500336632014
-113.5139045872967
-112.79398799545646
-126.84735173986181
-120.71146841526004
-110.68425455256411
-94.31443395168884
-95.47270068673569
-106.3200902109618
-126.85870083700077
-121.43245414059388
-103.50377192671935
-123.54135537063783
-128.52762248071957
-114.36644594462265
-127.30611394281394
-106.16089462587615
-122.23558093273908
-86.13405244216293
-120.91580378714444
-102.14814766759979
-110.62807122774288
-101.64458737768285
-85.34868148041542
-128.55017442534347
-107.37687637098283
-119.47562291387177
-106.13303668788987
-112.71712299717994
-119.30127005696436
-121.6752203875107
-117.74228729481206
-115.03919013253231
-99.70177097624429
-112.19852792732259
-106.62522796382157
-112.62460626422147
-115.13857011872858
-112.07037733781885
-98.408683843375
-106.53527624242507
-129.29671370118976
-127.0734605324282
-111.83984671807514
-106.74624100988709
-108.8517861652943
-123.09842489269319
-95.5147475178584
-120.97504694292391
-124.1520269659933
-101.59030369113626
-102.3459080656913
-123.8202208294974
-133.3833815290969
-96.77024133381623
-105.65547639432167
-134.8233487225577
-135.85292995807052
-107.31567807579091
-94.08461292019133
-118.16048496272045
-118.66844040640554
-130.6214983340146
-141.11478383931808
-128.86835244133005
-147.33094924771066
-118.9998171165202
-125.5218980491768
-87.94117594465862
-112.91446873407196
-119.3661088944744
-112.61087742721973
-124.7773672287012
-98.21852798658776
-115.04716645346386
-120.9615637011539
-123.91238300685865
-112.44191068656916
-128.54322480316432
-105.9580461770912
-114.07520005211867
-130.54948257406718
-121.52332013096182
-116.49790012346375
-127.08710737097016
-102.91089862538612
-115.06689463739478
-114.59245644763386
-88.99743016703387
-124.0033047134931
-112.8924568745295
-125.56811536401896
-102.84385362403448
-101.2683222074386
-126.3142006600522
-105.75006107715956
-111.94852396733685
-100.46922537469487
-116.00603697056002
-106.41070245929926
-128.28209754482285
-107.86156916998678
-125.17308191559158
-124.18128334874244
-96.12606088774653
-103.89208876613344
-120.68019411248316
-105.26520309997807
-135.6305900561083
-124.51265391342007
-91.52113208911639
-129.26869386211837
-115.44614794187336
-117.01384519485406
-119.12108136370476
-123.98346587556831
-107.68869159229725
-125.72194091267677
-101.82842327014993
-120.43236107483096
-101.93654157865008
-98.82984540026014
-129.5894803080741
-112.29660781235907
-126.54344579114414
-87.98659944834822
-134.8707734664987
-98.5532891261964
-101.92224357510939
-92.4524413236545
-86.9583305212921
-108.09832647982158
-113.92040785969282
-121.25277858030377
-103.1840635156124
-109.87424713514677
-102.52651877408994
-121.77542045234587
-126.31592639246128
-120.99666516548155
-100.94292412035094
-120.10856949398003
-131.16799981679304
-120.27812951378084
-135.36280827277886
-117.83944757271061
-133.34564439242783
-114.55511731690149
-110.89742321614588
-113.16805160761665
-111.91239120000198
-118.81258157956142
-116.36397407269833
-116.57873198614294
-109.16586760466852
-102.77034950562363
-101.27393976805853
-115.35837595379591
-94.52194399623814
-145.05552720794876
-115.87050506591622
-134.6496155329923
-98.19949914503601
-111.30238273088798
-115.66642698696447
-109.39361069288931
-105.88031979162159
-101.97690684878748
-124.97029727267227
-104.60647904639421
-112.82387252513966
-105.79702494053629
-109.30436421173843
-144.2271420212739
-108.70144704148265
-112.78148926637155
-102.93018490922482
-108.38571645179562
-125.04435038581023
-112.3608282780753
-127.09252341640871
-123.32049532078
-119.80533654323861
-114.08397993536805
-136.16786090907345
-130.91834964210463
-123.21878878679786
-101.63959218360299
-112.66466559812952
-129.3891061040153
-119.24219476008486
-127.53024929649783
-116.33950579578558
-98.42766167621427
-112.84874206445008
-86.84148107806219
-116.35202176173617
-121.51768147065997
-94.68883992701572
-89.05971232969736
-109.30884012840392
-111.87908339400664
-114.22872682885313
-114.1832316875941
-113.22343905534383
-131.64696613044575
-156.1903553687685
-120.59791281074628
-117.32286025122811
-106.59736368000722
-149.52913465920986
-118.12582422476387
-94.34036325082957
-98.80872031780295
-101.98506630189783
-108.16204456294889
-124.26242011016964
-117.30423548237951
-149.10738032656508
-117.77344622763285
-114.36058009966558
-117.42925733004904
-125.8079953873373
-85.65371271471967
-106.56004629038507
-118.54864575669893
-138.50916493382704
-128.88098403354655
-140.79225253829824
-89.03889482213542
-96.01361999292294
-100.19059880364364
-110.82901481388063
-102.03168878238601
-128.06437258694865
-102.4065866945467
-113.64814931696154
-105.5770588623849
-110.1366974273547
-111.20545702526152
-93.85765703637921
-134.58636647266965
-101.83313183534769
-119.24701169159263
-114.48305797049758
-121.29997715420795
-114.40858644378883
-123.1253327149916
-126.50976126782969
-120.3556165580782
-132.75520504296202
-116.64035158252062
-122.86327244249387
-98.3073591706002
-118.09770023412776
-111.03190975901381
-90.00443365124946
-129.0326377041775
-92.30539408861327
-118.3398472491563
-103.64344757845436
-90.42011494088095
-109.0169346837585
-116.51824859925688
-114.2747497048448
-129.6419833397597
-102.96302616765283
-112.64376086687824
-119.73334487905002
-94.9310206469969
-112.77444154036101
-114.35119757778406
-87.56536002930632
-100.4743614627721
-132.1597729830369
-113.6665719798128
-122.08469639487771
-110.33791269255265
-113.60074272764724
-116.75928636107287
-98.24586169508657
-120.52735578879755
-111.38803092240386
-116.95121872851078
-119.52503997935003
-122.83572298620732
-113.43651458615288
-119.28908838567939
-128.57924567902253
-127.50847196226621
-118.96771515857158
-125.7632826512462
-103.64038504798106
-107.12835503388925
-110.16503378671267
-129.68571863215186
-128.4362336922425
-116.88036274987726
-108.86810272332613
-114.41356472532149
-90.1732393968315
-129.7387860554672
-118.7438511846437
-116.49185811430411
-109.65634813362428
-140.69284444464841
-100.55772178495357
-113.9103430099056
-122.49792581679407
-125.84578770587417
-119.36252027164562
-113.93991932278168
-130.82494445282015
-116.72614326872761
-118.61835355604858
-119.5926111083828
-108.91578864086074
-95.53998172963493
-114.70338848612447
-137.24586772043327
-88.82714706898263
-123.9304228733544
-99.17169529515763
-103.51127278294247
-150.72727443467642
-119.44403760322228
-131.24665756787363
-106.71367350181114
-99.06053087205592
-110.25165036802301
-120.28721603274201
-104.8239260584295
-96.83046748870598
-123.92547881076517
-111.81461731011306
-100.21678916537468
-109.21672353136678
-105.74578565735908
-113.48364427471301
-117.8494989516425
-122.98165187307306
-103.04957019818518
-100.93339120248109
-115.49387893027615
-106.7458642244819
-98.0705656957145
-127.21352464459065
-110.40523313669749
-132.56504951984297
-114.52543199793008
-90.58188947215436
-97.34803279539723
-101.584853026893
-119.27527817410194
-113.52920276436963
-135.10745524485452
-116.49079808105908
-124.16127696843652
-107.84489354140624
-118.87722426557798
-112.69484638695805
-126.7406492007656
-90.65717359261328
-93.62571588177207
-88.8060784543646
-126.2177620911018
-125.02224314023864
-129.34394893147456
-115.55480018709844
-126.0910385835922
-109.62458044580441
-110.4119715805422
-104.7371163169997
-101.50460117558598
-102.81250704078379
-111.96142655795578
-100.65687059133558
-96.80517494076132
-119.92836447871744
-96.26306158688061
-101.49386996762688
-132.99046829306252
-122.78519170510182
-121.72133979130736
-111.21635581447508
-125.91195609738764
-106.88393164650151
-119.66637706109601
-116.18829053138522
-112.63743181996068
-120.64866553634252
-158.1422467266887
-114.60139898824613
-103.57570652391155
-108.08973550918941
-143.99227614969058
-110.96036171224188
-107.15513340806002
-136.40392118522672
-122.5694716896428
-119.24869387086258
-105.73828804744528
-151.35651203652543
-112.48289490697385
-125.01195554358931
-145.74392204778326
-123.26036907262474
-103.81451623653537
-108.38245819047432
-90.71279194896294
-97.02606949780777
-113.52452585201283
-102.48397144398214
-125.37458582204971
-137.8179271226081
-108.77914158556985
-111.30050251075886
-119.14660404945218
-122.07100560248358
-118.88523845031455
-112.86498994422257
-99.46692106884781
-99.93269048041006
-119.0956016005783
-100.09677369982988
-127.63471871706105
-113.4054494544159
-118.38599721910974
-127.03062464827121
-98.84818056909698
-102.77661194282695
-115.42455896355376
-99.1493092162689
-115.23074964644448
-94.0412081576433
-138.67411196699183
-89.33787622749702
-109.31816749205109
-123.80889395566308
-100.58172753253396
-105.01155661900837
-138.74224330987238
-109.26507518438531
-124.03759657093838
-120.60883588210821
-120.54126557669356
-91.30854641030881
-110.15861760089481
-126.48358766710653
-100.19559228297116
-124.85921321480505
-114.55562642144662
-130.95284200772443
-113.10818173968374
-126.33663153354678
-129.0779439578921
-118.38794878496356
-119.43024683212812
-92.52668577522424
-123.42733318977542
-117.60691920311926
-119.45798147173264
-111.06892548257932
-120.57777855151654
-120.13923308394091
-120.29819829128374
-110.9307485851281
-128.89979220931397
-98.57918848359219
-105.17070118070774
-126.48304046579824
-131.70192343857127
-123.86644356615452
-121.52825518472744
-125.85160200374575
-98.10093167487395
-91.98783515188208
-129.184143544253
-116.38664388177523
-128.44531527119412
-101.83428727757274
-119.2648075391992
-106.89428897859513
-120.35885617427516
-129.52940516595055
-128.92321987695016
-121.19203139658248
-109.33924415858024
-112.35974717753564
-129.3736410216427
-119.75083349562748
-117.65608785974092
-111.6927654498304
-132.65969960227403
-145.06748658410737
-148.69729783856306
-107.68853910220578
-111.48424130983
-97.78858119653654
-131.38481815968947
-100.14995052601637
-119.89667831468614
-98.07192840826362
-112.83286032179527
-131.03509698233134
-119.59742351925614
-110.59453101980915
-101.23350077738145
-86.46196499409848
-113.50641089727944
-109.85744349298078
-110.31033563481766
-142.83675293222427
-95.61496227587853
-126.4518752587011
-98.45494010079081
-96.72579700256937
-100.92808837185333
-112.32332498295395
-118.28012903545849
-147.26814984526987
-114.53453160217742
-113.04570641045481
-120.61757199447854
-103.74660040634197
-98.17439239965054
-92.85106194909824
-128.5226045714764
-119.3271650049217
-115.87771565190853
-108.8987572971553
-100.69275600731834
-133.55611354726386
-110.45457921568926
-111.44226357056989
-136.80679492058832
-115.50854615492827
-98.63668014752992
-107.56140744144427
-115.14868663878518
-105.50166908952747
-100.79531689336258
-145.50209880490723
-119.7137714391661
-116.71227866244966
-104.41865041264873
-102.78403936827236
-102.63798789475366
-120.37931770218964
-121.96070913985724
-106.3579021348115
-124.42315203272577
-100.08175555971707
-112.03659385937898
-114.81889219893006
-86.77052737847043
-89.45655258705025
-113.887249218956
-110.27080245674458
-113.2677870951253
-108.75987016639192
-131.1674320469761
-121.79231996820685
-119.84202411776812
-99.34240915733525
-112.09465510985814
-113.82974832741905
-123.88661671484067
-110.56266796428983
-122.820788546306
-103.09174195690075
-116.76448351426657
-121.56737372559398
-106.78682058561897
-117.77131890911262
-115.35642071199294
-124.32741392461793
-102.26707702926566
-147.04666231090494
-124.8463689971205
-85.66393770855647
-125.34111508403805
-111.8915733276545
-114.86059956357994
-113.95254813293374
-116.813340333406
-120.12863543168241
-118.16514625559576
-125.49693714980407
-116.25413195052028
-117.26515327177145
-116.96703485013875
-122.69768054404724
-133.33782777137455
-106.83694833363433
-124.95112184126967
-97.00376171542882
-119.5821898924704
-109.70901487746004
-116.81200742938282
-116.28353094715598
-114.78852864006849
-107.59765633099624
-118.00639931263146
-112.69451578543949
-114.90690786166631
-126.35297578773763
-123.31225696793291
-118.49654150376296
-145.87852213534356
-104.59609330206845
-120.40544832138363
-128.74892177010156
-114.90261464174957
-95.78669385109399
-129.3368808273009
-134.83259760890667
-115.31135928890237
-98.8376101930508
-134.11457268383552
-100.53038883612953
-87.56419829964355
-124.8509516976623
-124.1112500024612
-88.41950438235402
-119.17385094760951
-123.96126002750705
-110.53556268343914
-126.26249608266534
-120.55628466690335
-127.70364816456919
-123.39445466733844
-93.00934046615367
-134.71872820367585
-117.1325701087383
-102.86074540817125
-96.65505785853014
-100.77021383856793
-99.15835821416611
-126.37648729576249
-112.29302884144462
-121.74450521471918
-91.5089356362994
-94.39060637189766
-105.92334847696047
-113.74132934296236
-118.54931816034534
-86.71393884863309
-119.97655100053785
-131.45795363831837
-122.5380048424358
-126.47783395003684
-103.27060540467912
-127.17159827168999
-113.18585031487369
-117.03542317018835
-118.08781732194664
-122.62921346180079
-116.72767593534434
-124.205069801777
-117.70115020881576
-124.98243453448937
-86.46922744993995
-134.67831606033047
-103.67249621694134
-124.54468635765457
-140.61958702281197
-134.63796052731072
-103.59162524831919
-110.72782085921469
-108.44627197255643
-88.13872904289735
-128.38476700432145
-87.26030229648012
-99.57447863315562
-122.7506355764971
-104.33885854287838
-127.88004526283703
-115.00199134350635
-119.85338141069569
-101.12452525736434
-102.84178693594023
-116.50960909767227
-123.5046919010691
-102.94825352587387
-99.74274418716936
-115.36185540221398
-129.37048046975292
-89.68191611566861
-123.28314856063326
-129.52639779709045
-113.33659923545704
-111.00736553367175
-93.02727278881888
-119.03959972650567
-126.93376398847779
-124.98582062235108
-107.04075649126392
-104.71345074677355
-110.40818717356515
-125.39029649493014
-118.00134287234701
-92.12826447912106
-103.23612230572888
-129.00253866276182
-109.52805644584319
-120.58559655749264
-123.155896333273
-124.34142685010985
-120.31553353157905
-89.87727198593383
-117.01593767650175
-127.30135229924537
-106.30323900034189
-123.82419705088355
-94.46694962909169
-96.90725715690566
-92.23297797593514
-125.36476656479157
-118.43085149553099
-110.0579917861445
-110.37389624540523
-110.26822967207752
-101.00438699492629
-106.35477562090921
-112.41884368053631
-112.37703265233996
-105.32133806554037
-129.05540276750935
-93.62935182679804
-98.12921544168432
-109.59683299758217
-106.35241460375883
-123.99844153888645
-100.57031684487546
-124.05767457826919
-112.02028389754952
-141.64112448116344
-105.01271586376632
-92.39218973312678
-128.49708273637486
-111.5458155579398
-114.2432388329552
-109.1639148029056
-141.1964121573655
-101.34334662387892
-97.10523707727995
-122.60670207430671
-125.93170977469629
-101.26263658059867
-117.60028202299168
-117.02202642366814
-104.47602316267378
-130.09815119357052
-122.87794536728569
-103.26068529967995
-106.47604307785798
-90.67590713908184
-120.7272923288499
-114.00974801874187
-132.84480927796392
-102.21782386585508
-96.0391763127309
-125.0211693897605
-123.24158626619274
-152.28747287297674
-124.16383782050787
-128.11443690225138
-125.60048611535
-127.65018444539625
-93.35299960850534
-101.841815122326
-134.08380787173962
-107.52902478527463
-104.86594535619743
-122.56752046573635
-116.38150455999288
-90.70372014612923
-112.00439519433809
-86.76716291454301
-115.95437307042089
-123.2420174311673
-117.31603915810771
-95.52680865646363
-130.8719927896159
-103.45661567803504
-102.40617941496376
-120.24318591146076
-124.42780140200998
-125.84623870208088
-111.34584190425815
-112.30539918081256
-116.46867361050447
-118.70619018425249
-117.93934700410128
-103.00592613908783
-119.19291292825118
-96.43635462455553
-124.12242277567336
-112.15123684034373
-124.05102047073626
-125.22761045363339
-118.56003283784474
-89.62432668620002
-95.92052623672511
-125.65719350083387
-88.78404731876866
-127.45873187035542
-125.29412601799145
-113.79546631349842
-137.98546421238387
-92.72052368508677
-94.71038013503329
-88.62932262486507
-103.7355126985841
-108.86758532180944
-87.9778204419775
-115.4306282199272
-122.38359492891885
-99.69146908060512
-114.32272819696729
-124.93022341384832
-116.47710838786094
-119.59078752609264
-88.78178981181574
-106.87228311447633
-122.59043904946245
-113.94374891090031
-102.61585959986618
-112.66162261134298
-117.95408383032834
-124.3769095924574
-125.7338788072375
-89.59929234648376
-122.8677314791467
-122.77597798814034
-98.05235753313
-102.74426582564395
-104.15720285690536
-127.76274194325148
-120.30209594350453
-100.97539801677003
-92.36072332440358
-123.03154701405658
-88.17934784126938
-115.24256538266556
-145.25055936195184
-126.80332226778012
-113.96149924542883
-122.2322567675077
-104.89425289516865
-129.54939191870375
-107.80555185972041
-124.8235129571033
-92.71306808077237
-86.1158152472724
-91.77009573533685
-112.22428126479667
-110.2437926656004
-122.32776661657702
-118.7282610867367
-108.15801519932904
-95.97601720599936
-130.48778583999876
-109.07944034303624
-101.29489902114513
-116.84898910471793
-93.35518673209023
-107.08500743691053
-126.49664237481117
-122.32342035247964
-101.60296821319889
-115.61840874006307
-110.65720821467062
-109.35539988860221
-109.84716040313697
-115.27270114981904
-126.80967752333035
-122.58454000244376
-114.39450927328647
-116.38666769948328
-124.89538653633993
-132.23379094984713
-118.13378712939064
-140.5308134128232
-119.22131806105321
-99.874466927258
-120.35138745191675
-106.24639493340028
-115.6977707765206
-106.24500532893114
-118.22421496419676
-124.05233416900205
-134.55137510270595
-118.75245109587101
-110.51406276405454
-89.60165786845356
-129.66927910349298
-92.28048487416025
-120.91530302390518
-129.60963321144686
-88.45030741067237
-118.54255087545769
-112.78034882555451
-129.57676231675234
-127.49216287626118
-123.47617855973002
-126.41597118010918
-106.33050140681995
-137.91546703800122
-106.66802738569042
-104.7782220347501
-88.00349399375278
-111.50741351239063
-121.011805402092
-88.66745352094127
-103.06284588861952
-111.49792773739935
-99.22630113509237
-100.22909686223446
-115.67200852284438
-109.3064942125098
-106.97739027488028
-111.23708273606584
-109.91605752452844
-106.18564055314843
-103.4786138227071
-116.22349653538723
-130.932722312873
-94.74682227908718
-112.64825354954746
-105.88592858052807
-107.85840661813656
-113.71140907033735
-106.88732909748244
-113.11773159202264
-97.85854554705853
-118.93832644389018
-128.73130006685804
-117.9018020489196
-128.6217901712864
-129.80785187038023
-116.58465593320983
-89.4248184952409
-119.70271697322809
-101.68561481584123
-121.77833219661804
-104.62870911403293
-95.09012162046183
-109.68673268242722
-116.05572221104613
-114.3591785010934
-124.14175071895224
-107.5382490181621
-116.08913860375407
-126.66023295095962
-115.87345010075312
-91.17593325746782
-94.58095206466294
-106.80052449613025
-109.37929990427027
-113.38814748021865
-126.23154062310871
-120.76488688780087
-110.59052547343673
-131.49858399427572
-90.01654211072835
-138.66778654883984
-123.09183308712876
-115.22883361383595
-122.90299249097575
-126.11965716998384
-115.30748645419823
-133.72642312375066
-116.84784250288465
-138.15357799068164
-122.4856213820475
-115.02714602817782
-99.5585891597209
-91.99450158727542
-120.25709915147371
-97.50059252396112
-108.55449826918878
-114.69592761252763
-126.94704287276893
-124.26838896480926
-107.88481073882704
-94.1648733318223
-123.14917157874869
-128.53764654876528
-90.07121646764996
-120.11069341996219
-96.1507549581266
-100.97689900015938
-102.81506989427452
-114.22493291167562
-129.9910654340536
-112.06938370732188
-119.24284757248084
-134.4154545011668
-120.26797472598743
-88.03229214203662
-122.52490252606566
-92.7615533030768
-169.81184722871768
-126.52347558067652
-133.34989524917629
-99.31248462242313
-95.03798623414798
-143.88689009644574
-113.97972987317158
-89.68672905214197
-117.88281917626337
-125.45781690413739
-108.8477519391866
-109.18409636941462
-119.15234489977851
-100.77133664221677
-106.5617745685571
-108.36520563979778
-117.67118753694162
-120.44862773589428
-120.95925687701728
-107.60717232873591
-99.19189900522736
-108.92640326396632
-103.75994075019737
-124.66069763559062
-116.09880517097669
-119.44754708644871
-114.02586477618739
-106.55563690048116
-121.54815809464114
-118.7623747970656
-144.18274894944213
-117.17149589169478
-118.28205126603123
-111.80919915531537
-115.39484218185082
-110.81606867304343
-119.85994458934326
-120.36099466524597
-136.59526734432978
-108.51968584542945
-124.58113122960057
-110.60898724348367
-127.4573601264037
-98.42215803066891
-122.75319107366738
-102.5436052100804
-125.18803412399257
-134.48509668949396
-109.87072330196698
-98.62140775024301
-108.47964890811022
-119.03291599519594
-104.38032782776398
-120.93609302041338
-106.77846639420284
-108.13755769403522
-95.45799737335722
-122.14545263045657
-125.54155517120475
-117.55907807179366
-118.56010876323575
-113.10256724424141
-84.35871583111303
-102.62983427821185
-123.72022852682029
-90.17494588628841
-110.72572588042107
-91.39367981368014
-114.77096009378961
-98.4193859991037
-128.78219985302297
-130.92802994042302
-126.78184654702373
-92.26567359828374
-113.36273156692316
-111.72482618866766
-124.17632984909433
-98.47751702055005
-112.43601274264108
-95.13175616279085
-115.66623299164502
-114.40262913822144
-111.79401906154835
-120.55289206119255
-104.86077266974715
-121.75644828867806
-134.12123589563382
-104.66993009286182
-109.06627902322842
-101.14137650288097
-126.17007184204581
-113.87751181496427
-98.03084976920478
-109.51769711796992
-126.10183840311126
-91.33383435547913
-114.96601101484397
-94.15381276480703
-104.92709795338969
-111.29570418220449
-123.7870810134009
-128.0060799411617
-82.67171430327062
-100.70089089774604
