-159.2335318359835
-156.87883973458622
-196.91183326650696
-387.6056102711294
-274.0067022543662
-371.88274406146695
-136.14094496313703
-115.74277030975313
-128.76081248168921
-462.5088404479159
-175.11704997288737
-164.1068255069893
-194.3888220086028
-154.5092010937904
-189.5907129579939
10.855393990870425
-200.45712671727705
-189.18564567732102
-215.0143747658244
-224.62139597030628
-354.86907814351775
-335.21961314331975
-394.6284150626723
-272.9705167008082
-304.9597255112858
-430.14693660404214
-457.3530507566222
-361.4910961844329
-479.23399345346513
-252.99076432207232
-489.0176673341504
-486.89783330664284
-450.21504882819755
-657.6981653795021
-535.4211789553347
-784.2632776794079
-646.6348067674335
-458.4157408222495
-357.02593101639485
-187.75278584137988
-323.957096226085
-484.37618577715506
-169.69146849226348
-290.1398493150664
-269.30237493798296
-338.7834808298411
-227.7611908939129
-368.6747855737229
-114.57709837187566
-55.997323559119025
-124.01843362098475
-226.31592664508108
-162.24134698823042
-118.41220055398736
-229.68056202394865
-125.70317091652768
-195.0336749401195
-165.08345016655403
-48.69630668911454
-163.62605222008884
-171.344093976524
-8.087440896167521
-275.5675695759893
-345.0299486007789
-79.23618559876734
-531.7093818425924
-49.84398850459205
-89.43773440668593
3.5707980523084615
33.69501588019875
-4.591020835702153
-9.0890768192356
1.8669824154321049
3.574743324478817
45.37505157560079
-19.119749278799773
42.03591054597135
18.782634971569834
-2.1565910074023407
25.765500351567056
18.920562908649828
-9.155296337536214
32.766084951888104
7.493093118257448
11.466017403929499
-0.3837157919426062
1.5604774957112255
4.0674801146525255
-22.918069650636767
-41.86364453785056
-21.813951042101877
9.601887279927098
3.3728867427850844
-23.85379789215635
6.327863110074318
-27.39405427943899
-115.30716027128204
16.74339571372161
-40.83916356548244
-27.972803336280805
-46.67510186784597
-109.46475350106536
-118.82526859958656
-135.98390505897743
-1082.7346167542391
-148.50824059581782
-146.798038630704
-150.09737058398852
-56.58018281374198
-85.71192815109382
-383.78589163034854
-433.94308482368444
-499.3991669882688
-393.06715505884335
-945.9808958858604
-1576.8509866477757
-694.9104551645548
-723.8089647033268
-551.89000095184
-410.9166510464927
-1109.888977740547
-988.9497027640521
-116.36920870940645
-149.69294853563855
-100.64743781203771
-143.52165104680765
-167.13678373916116
-149.4028302458431
-148.4021512969244
-147.45045325652615
-91.42321780320688
-132.02409688741568
-214.85227742567514
-394.69563025466965
26.065328933157573
-275.9939736802821
-564.1397786766704
-209.2309188916336
-220.09062974463527
-208.4993410170909
-133.55132787355473
-112.6982252414588
-135.21959311265138
-147.8521991086923
-145.51467485722642
-120.1059595009003
-139.18441572129242
-131.84836332235608
-613.8537880066622
-638.3996808481651
-639.5092138440616
-531.9848248237275
-655.3175491106637
-517.2836783936458
-448.4814986781394
-489.67118277132556
-423.17011373563645
-435.72356433719807
-752.028659016795
-426.57691923438364
-555.3169361778498
-616.8651366324641
-391.25893626949266
-965.7230214482458
-410.9090033159626
-440.8218678338599
-497.4886089443203
-355.52416329677544
-548.9565973679516
-539.2389163279231
-555.8449743672709
-659.4970766155853
-346.4819481466199
-289.15585418084083
-290.02248053128335
-284.7226228671533
-482.92779919259016
-55.46156982245139
-34.703923699552334
-261.167930700444
-153.07394578789055
-123.71159015772034
-144.41110591585084
-237.7016217739191
-230.83253449086263
-138.39856024974168
-176.3923984971002
-139.1176119580776
-180.80269004535424
-120.32203143317629
-257.55492382635407
-214.93268066591298
-181.21030152747028
-124.42436527276686
-357.94470209671914
-160.33199998298588
-212.69859393043828
-334.30195383162163
-229.80694038159936
-315.6505103071318
-146.21647749636952
-200.07017199846757
-271.2753501339733
-374.7125737250756
-155.1592260929962
-11.736325507439261
-161.44460982706036
-194.9392325107744
-152.8920758944589
-135.8383202090925
-177.56470786466986
-139.45342941565093
-162.23018401818172
-162.4381788203787
-166.609929064596
-173.5157102973696
-179.435678668226
-181.00360920690292
-220.27749602378503
-149.31367153938112
-167.21907797447568
-147.01237608966147
-149.80897676706155
-151.9048517358123
-138.88651060771159
-273.5747772468188
-175.04001258471965
-153.10004728813624
-133.8721879335755
-174.165409695623
-181.26632386070816
-147.87734227456752
-171.13827583691005
-146.67799082686037
-144.0331748478227
-143.85040118031037
-167.68393853512748
-145.71360276744502
-156.2603671950195
-162.3890622557068
-122.62763049918746
-117.23788099776763
-121.46683849027912
-186.59109087806894
-136.92236150606664
-144.13057659368252
-126.60710906785283
-118.63605402954704
-142.53113268049268
-143.18131654382012
-162.0226126023869
-141.6217690818907
-135.53288829000545
-103.44097114102351
-108.70110712579576
-171.89489777111328
-214.1361280107973
-173.36363655077335
-186.10497262442735
-116.03398183428568
-120.8636405646273
-170.92842337248092
-55.864460040271645
-115.08207653784208
-114.81895655667279
-147.0459268252585
-248.94805673928562
-61.91015328593408
-415.5679010442332
-155.43286874492122
-125.52426448725791
-156.2695379411454
-127.55580803561634
-217.46104031458498
-117.04214215733734
-125.97610254205988
-170.0491294871254
-101.94445376779001
-103.50994728837618
-165.84574462896808
-105.47161333545084
-120.51801243107545
-135.4434097458746
-116.95435593584544
-135.6832933908479
-379.71828964950134
-163.41785389012932
-151.6032198759965
-102.30160390445926
-125.81163543449257
-120.73770403332136
-129.14521965291377
-110.53784792940556
-114.32771430820964
-106.28445661047577
-102.49229271218665
-128.92299002257778
-117.66089786678675
-195.09719521840623
-147.17938329781802
-103.92215601989354
-136.94760441372114
-116.25038312661414
-126.9250681404804
-97.01540822298004
-99.99449140713294
-128.5388128049507
-106.05184426649016
-118.9606735159436
-99.17363572107206
-96.41441211234131
-86.13992902033354
-121.59193324116106
-173.58920685349926
-73.84759577910066
-105.3468555173872
-113.28705130682137
-117.9977484193727
-124.77235702181684
-121.24941443075357
-113.4808655487093
-118.59574040661046
-103.23223005414499
-129.86946577388852
-96.74014503949516
-119.46605446624048
-126.52130737178706
-142.38823041984648
-118.00967944972079
-104.21682307879284
-115.84287712565228
-115.19608183782498
-101.54127719150547
-103.86393668899065
-112.16895605128346
-97.65691632701098
-110.92696789564302
-127.65720222386048
-93.56304597660774
-123.13856196210344
-111.41616507179077
-141.027263791262
-112.7630831899343
-97.07316973474859
-115.77916672828043
-113.75404893659199
-116.09642260005883
-128.7261445433376
-102.69560649816115
-85.19540603570672
-101.61105109130658
-116.08266399551918
-110.80433718171302
-114.08886419162744
-106.27758687204022
-101.73799589483694
-82.21616415298715
-144.1626200639809
-87.17252683377103
-97.39564955887553
-124.85965615121427
-77.75152397504674
-135.18793555754118
-139.40536879803375
-129.43153572006304
-117.4197925926109
-109.54324008943237
-138.45837814019063
-91.38491121913924
-105.77175903973846
-113.13921050765708
-102.06802600257124
-87.14466818108978
-148.9801180683544
-92.76886818539064
-155.7323310564839
-105.03656451065883
-118.89324240823487
-140.48517975704505
-91.73259646584752
-131.74812293777887
-105.26585815136451
-107.7965819834612
-117.00738950346684
-84.90897517387975
-102.57302378914031
-116.53602703767778
-102.99623557710156
-91.84700788391538
-97.09733606526888
-96.50333795984737
-126.44165696658126
-101.2525875208523
-139.48285626917124
-89.61970750540017
-74.70573884142715
-135.973616649422
-98.36487928087912
-110.8796620825978
-98.15637949800467
-158.37267520928293
-118.07693443610967
-101.36366730208461
-120.76528817787815
-160.18849634625747
-120.52643118744767
-138.91125024859036
-121.22595766732498
-104.35884153968628
-98.71461235373306
-133.38363986458504
-108.07394042091514
-197.7114842660962
-100.05614479049554
-122.24534863370333
-145.29395096883002
-132.49944123665665
-112.01168770439814
-99.00910418854855
-95.45478048550542
-102.74681590238916
-118.08478162626783
-115.04063629706096
-141.376669890119
-110.7068658940284
-126.22551114279614
-120.26423150656828
-141.1041229147053
-102.48490603429873
-153.09812812997032
-115.219114112259
-110.59695752659212
-104.22674500120509
-117.24797617260666
-111.17906323136184
-106.33160892849584
-116.07525919541904
-117.45525028682032
-141.29783789170892
-139.20274336026546
-121.6147849443574
-93.66939225637404
-98.20870426699878
-118.4621438768867
-100.2220216148669
-91.97464735596917
-106.20006623713128
-112.77597023515199
-118.45234338997653
-106.44208961428464
-112.62420439791639
-105.81737919041618
-148.8602170233891
-140.88959816047628
-126.74395079660523
-106.68956937423333
-91.950294482018
-88.73492857287387
-108.93547927153344
-129.0958557509079
-103.3748125160247
-161.7907409800217
-142.5465344204439
-100.86168444249283
-111.94576688485998
-111.95271109280435
-107.16104072843859
-97.61836249498597
-122.44888927283245
-119.07108544187729
-114.3782365929815
-108.34951119369296
-115.25188993888334
-116.78731736736563
-150.04376609380876
-117.08785412491761
-124.07046825441898
-124.28799331226142
-118.50110537668887
-133.57168347654465
-124.82287991887095
-108.35834174443161
-106.68524321156477
-109.1965085995366
-100.69608309841384
-121.32134511037417
-87.22900519198684
-125.42814930937465
-124.5607803836229
-123.34870068955613
-88.20485422162713
-114.28046259448939
-89.47739391075463
-107.74297792674614
-115.32065503755263
-102.31777687672499
-125.96471781942104
-135.95790223801845
-127.70022230261921
-98.35984622304008
-84.76562653539298
-108.91616812779583
-138.57460643417306
-107.28490507318466
-123.08872514212882
-103.93596531256144
-144.3539405418598
-111.57849459778024
-123.15040327591467
-87.86599393891387
-117.16058476627956
-104.53696378426588
-114.16530899799722
-95.91852177090931
-115.30987539657053
-108.77667021309215
-85.0443785475634
-103.03936049114112
-120.9083650682896
-127.5505587270907
-119.05969907617336
-119.45017493248305
-132.1224185685952
-123.22205285308053
-89.00742461352388
-100.60595587729894
-109.31734983228141
-126.23159593654688
-87.67027877826133
-115.71389449952211
-121.43053242044341
-135.96449492198923
-86.58289432372683
-122.6845537769905
-135.77894895349095
-119.41085353119102
-86.88123772368242
-132.04497758918347
-130.52591571005598
-119.68187859496659
-124.1477559795519
-88.61134093616552
-110.95261385590155
-105.18495869536048
-107.72028315861608
-103.36028472980747
-150.14283739593037
-110.37845802479853
-101.39688554440258
-78.5210325118704
-104.04466857842779
-91.56741560181914
-117.2735479619526
-137.02470563049417
-104.56918365644411
-104.18036870622848
-117.80528961130389
-84.85059599782852
-111.03375666505558
-116.09391448113834
-99.21429537134836
-114.24451671774465
-113.80114447544412
-117.72435146487382
-128.47827864871985
-97.57231074077683
-128.54838672764225
-100.80666045059739
-106.03317010714582
-99.57088225477304
-95.72043708313404
-111.44086781518439
-112.05068776627503
-121.70562392529916
-126.76941401171837
-94.0663836955988
-94.44286753122941
-108.40146883185938
-103.26817531328587
-87.56618079624764
-112.55387538624348
-60.52620227853259
-92.3495466184267
-116.41159939608279
-89.13512787045414
-96.55731354883085
-98.92763078782662
-54.1092045576628
-118.86292258849434
-139.17359798979717
-49.43402552952561
-135.06946049434364
-101.03640612269487
-82.35457160607265
-114.76833988395413
-104.5814804387957
-131.52367788063714
-84.11812866121164
-118.66002738589756
-100.46508021152822
-103.54335589497114
-133.2467783865718
-120.07625425519201
-122.2922150068641
-114.29133221342
-82.49098722651613
-70.94800338238808
-109.26283762679473
-117.86336480754436
-78.84689049630926
-171.6888898400082
-120.59665456396284
-103.90057699984776
-98.40521686319174
-124.51706405474451
-71.00609176146085
-125.90126342698966
-133.03785872526856
-128.9117171518155
-121.48766259221557
-85.99508180262869
-131.29751979472877
-115.46013093788443
-117.34569257886844
-85.6335685989144
-90.2924987025475
-115.27290756675526
-84.8046796437749
-114.67398665364232
-107.26080241420593
-123.89297450263498
-63.04212020596991
-151.1880306354124
-123.8683051099152
-115.93639402973193
-23.32882202337875
-103.58861460303324
-108.4436153260457
-110.40375423694462
-123.94719544659773
-69.82305447837888
-132.6787598005772
-74.56527785805527
-113.20003354143397
-107.14640073356031
-137.40218199190633
-96.99049013963614
-115.21377653021071
-183.75713504873073
-138.99425254697064
-125.24006153812888
-132.27464803125105
-92.68914228299137
-131.7657044634758
-113.9471563801421
-95.23417297481173
-154.96156360554448
-72.83503067440611
-90.8154319451357
-127.64257090405434
-121.13500879554803
-123.14080902837492
-93.9160802853928
-106.82805246375095
-85.42756441220301
-89.1584260020869
-67.1010328148379
-118.28442014026282
-115.89575233340287
-33.624237536368696
-63.173734129445634
-100.522062439554
-40.95797589104402
-100.63052915789234
-112.79678219548273
-99.97967539515167
-139.80820146967253
-81.05425542972029
-98.58767203418256
-142.95140663310758
-94.47092838411103
-77.81810407889382
-120.3669286136342
-102.6670423332554
-60.68181503397244
-132.89736608756093
-108.5208828510388
-54.98503048962299
-94.7241250094404
-118.01631092694853
-132.29776285392535
-42.75307465732717
-116.39151844223619
-117.98769550372683
-76.63346201973795
-97.34254022614323
-112.68084721777117
-145.87471811860536
-141.07086365231618
-57.9628057288463
-117.26496748012956
-75.80733797619436
-120.68080895883878
-132.3831780678217
-74.24017591119386
-101.32392601781834
-120.7152652343637
-120.46166848818967
-144.35804082349514
-73.57497212373931
-97.60209509672565
-160.85040739008386
-135.21128464911462
-104.5364784505424
-37.656698051252754
-80.75607013451477
-105.89802638128377
-99.49708165661687
-63.860950280365614
-111.89166181046706
-91.43555415681035
-145.93706261248155
-125.02761921965953
-79.02176557445644
-79.87588240918986
-118.34325223409547
-119.37939314607252
-120.50658034030094
-103.4553441245215
-132.22392739509505
-69.23345577139762
-38.413309763416386
-84.57869302981041
-69.48601245774685
-58.13430174633454
-39.15463248940232
-72.92275026166111
-111.61626056491922
-95.81115260116783
-134.6694781315383
-138.0398363582579
-56.995309971770716
-106.59469632324863
-71.60914290099831
-146.16553234259257
-51.695622387094
-108.3699795474656
-120.04017441969505
-70.13210302553507
-117.16972142837344
-79.48022340592186
-78.46726567988767
-47.12234604051726
-64.0964737140342
-73.42696542894268
-97.87447798003737
-35.32043942478012
-89.19977193695291
-140.99615314098213
-64.17684631732237
-96.511169033
-91.77378129501989
-64.43841122123717
-54.52434682100179
-65.26805628741218
-109.64780288542347
-113.30110820701859
-107.81749225144905
-109.67524857375665
-106.90290500626158
-96.50356603543351
-72.09555845048942
-112.22423676556693
-120.3305447290144
-172.1460526716017
-121.05369636143793
-135.98251045400352
-41.74547477856028
-63.855149150949615
-70.0691861897433
-39.68158149290884
-137.24458259125848
-112.617753118088
-74.65867145778428
-47.783531729755495
-53.19012450078712
-75.52367484747562
-69.91660066655209
-36.08220548122139
-62.732705071317085
-56.502125992531106
-118.95785974470786
-146.69574485424786
-64.66421243431861
-80.73241744379538
-118.85724061894513
-31.065913049408323
-31.035784895122376
-30.106439842106155
-107.28799783481915
-27.059361526382986
-43.45614170906698
-104.4353655965254
-147.46746283927394
-125.53354877183426
-112.18115734155084
-95.5697456227109
-104.71161434287552
-55.53350199343673
-46.60150298879557
-18.13724375942131
-102.27503840550258
-26.646584692839596
-53.980939024895825
-136.8837251961819
-33.608237584316555
-113.28938817904731
-113.45642481273082
-50.19347146040168
-37.7728847351872
-83.31105562664052
-87.00196190012113
-20.743491102872724
-128.1120029169415
-68.10994934482737
-64.32423570810877
-83.52752248145718
-36.38250261830396
-29.36862038637007
-50.19057987402596
-43.007451554968114
-27.54257431899383
-79.64740509035946
-32.75563364379751
-22.259520110818585
-48.86361204710438
-38.675187017678674
-21.19952767393734
-25.596911150247394
-35.89030623461575
-85.49782579331325
-95.66410246228754
-76.9207932352069
-105.08285737893321
-16.316879355381246
-124.56099376850207
-31.360022420704638
-102.23872007923553
-35.32778732366745
-115.80435902408044
-12.17330393711967
-50.47788904549529
-37.93046430667379
-110.84467991673196
-81.26163852935163
-139.90034202617863
-22.593154194961556
-32.49795896749801
-51.952961198132726
-84.02934618663043
-10.303692441728373
-50.02658778174709
-73.48039255603706
-121.46002140461738
-97.76311337394351
-28.69518748851118
-113.78992803549029
-95.68092315851571
-74.32494885348557
-43.84128800835674
-35.18550733879502
-41.64081216535986
-33.62374677210755
-84.79585923584548
-93.27246195364985
-65.74871666466873
-61.07893799845569
-46.09468176513687
-91.67248158599112
-54.235500906504484
-55.76859221246025
-79.53811939092589
-58.426015701462184
-65.2583842453141
-4.5970340605078945
-7.8171480515033664
-131.23692914067408
-34.289406434433346
-81.96743973309594
-24.771581023394646
-25.047391710062712
-97.1458028210685
-40.67792716654241
-39.079070863270545
-102.96970194966352
-31.005787943152853
-26.047165356346497
-75.12308027188156
-13.462781599861898
-118.496874199569
-93.90702442284177
-37.79381409079672
-74.7022626786837
-28.715166451131978
-88.67685758735693
-31.46340155444136
-93.98271503629577
-112.07935542948482
-95.923930549096
-15.731720907849706
-8.38553681625838
-116.76737757320453
-104.4355470592552
-32.9185191390869
-30.348244148065618
-12.888659411557484
-39.14809662546068
-100.1580931415049
-13.896456965577642
-1.4641479268806705
-98.91726463320674
-22.35654451393981
-20.386544007674374
24.248509415610116
-77.50128019352209
-77.17416699622235
-43.47277027596425
-119.12524472808923
-22.928601231298217
-24.338841979864128
-41.41331633172755
-88.74392918310843
-39.93772076002394
-58.34591465726364
-77.39012683495295
-2.8657161672560534
-102.83062324910001
-2.4941105512573785
-32.03585065874296
-39.664241492334995
-75.05991952860734
-25.328720343674632
-95.54146233875778
-63.21830126179168
-79.66624398448246
-7.4775151613657584
-109.3587654984613
-59.700372577261945
-62.40581258721989
-85.21334879698304
-14.535238177343302
2.4765416483063234
-99.95765918281738
-70.32964630910419
-59.709232055569444
-46.23838929865513
-48.447897110818225
-69.80504100547664
-113.60012273318814
-8.84918651569373
-31.410248102961404
-35.59765760209349
-104.69797742780034
9.776813082367653
-35.49926670854167
-24.215865641008577
4.570070354014845
-81.51169706699841
-80.65760129711623
-17.29138183896208
-78.93503381965927
-23.047315443719043
-13.461833789600618
-69.70322870424062
-89.04321545757172
-81.9121394044694
-31.737091363923938
-33.21566557412359
-111.14092079556288
-13.66464629504253
-91.8563519690018
-24.46646588938873
-18.658549366904055
-84.47813890339616
-28.51467022289556
-106.40944506492002
-44.33699121984633
-121.63055753495435
-85.86733208370137
-76.95647638859907
-100.699768456727
19.787055212558485
22.63577534998761
-5.436819430330885
-108.97833730254227
-6.004295888394367
-5.995796068361017
-27.95834154095067
-51.116026530824925
-37.61505683844136
-19.806457015364856
-22.894478548957608
-45.883471696905254
-52.41556887641228
-4.115838183561522
-12.765393170364092
-102.20555959055903
-16.128030310662908
-3.213747489357189
-65.26474457357082
21.542503350720423
-77.08472335490012
-40.64137429686788
2.9546598326656124
-69.17342747059052
-65.97888656871316
25.903130756735678
-59.719549511951286
-75.64356793947933
35.64391472639082
-50.23646749763688
-10.670604660080585
-31.23100949817794
-76.82046903003746
-43.14988860023912
-54.02151308243587
-59.458029570363784
5.719476959117756
-54.12082248309157
-11.708677903997213
-78.94456104897415
-31.500081344582725
-87.16004068220902
-60.73000883612631
-43.10536786111262
-80.1325763564229
-9.800804094533433
-66.41498540884112
-0.7269850043577861
-73.04742772119872
-43.4120386755712
-58.93934455377021
-86.95438180898854
-67.26857227137808
-73.79525404119754
-10.683422906498492
28.697455553564225
-8.66734528777691
-34.01454729468702
-48.60038971130136
-72.57707569551084
-68.21792611921184
-90.50903899535925
-55.397117296132954
-57.57945247435267
-60.57233658064142
-71.06945481430776
16.574707208996614
-58.6616051244509
-65.53865614691267
22.3585381740063
36.421973566229525
-63.698387632982495
-34.239194903214624
-6.254163575017131
-10.122922073992697
-1.6842549559924578
9.273882544548002
-79.94189527955018
-79.94608387768633
-43.70239687383769
8.652537032938781
-5.038800142530405
-44.08129380678946
42.209980341301616
-10.568393029267753
-69.32336975056029
-88.60385864509712
26.013340115221013
-29.700326632019298
-67.4596958296934
-3.543840735003286
-56.300538396579384
30.379623164546956
-60.916194996084315
-50.83097853983365
-75.120763713477
-19.552196221195118
-61.16932642020644
-76.2530040785154
-60.14320390729552
-57.8881531513644
-73.28886694335654
-195.40757117781146
-79.08400599794442
-89.16370345786511
-15.437073642450756
-86.11901161540658
-21.444088654309624
-36.29671653159843
-73.75026227524208
-57.89651357136646
30.43401363109149
-55.918372846392735
-27.114721028164666
-2.465118441281561
19.99537495459802
53.46820356335235
0.6581050285138446
-73.57292652104087
-79.37399277415503
-12.809700181894257
-56.99327893339658
42.49600045808137
-76.05338480624897
-0.053438242969207295
-24.59078308110169
-51.310033376316014
-18.170000879171482
1.3976358596955691
-7.590195699010749
-56.30065476988558
-51.21108849288203
-71.70099637363451
30.906779318152303
-61.85117657828294
39.065744220484675
-29.48406343929328
-48.01911153264661
-65.33708865821939
47.82040869145578
29.798580688840985
-58.26988574027082
31.824213222958264
52.88686405253142
-54.5428038968592
-52.64587553043689
-81.63702230572741
-53.06623995979456
-55.4001904088603
-8.721874520933412
-31.573153086771427
-59.814096369619904
22.966483871507236
25.053562241223105
24.78200489713842
-76.3929175108018
-30.13907926442681
-59.983750413542005
-31.250392383221453
-23.83776696439925
57.16189051774424
-24.263853122135274
-53.76380470472972
33.573371460137565
-54.98773840362421
-7.646646826591166
11.257080564428492
-52.86400399046951
-15.258544166668955
-27.66422525550415
15.013444411767281
-65.03695461812373
-75.051656850188
-76.90267775696334
22.935734058365057
-64.77719264788092
-45.061581385107516
-65.64674912687373
40.786666987594856
-42.53859408069113
44.697975631050355
-58.87568573457511
-31.76693515361292
-40.79672962927004
-37.346352997414
-72.00972139066369
-42.38887748343307
1.3433633584045452
-30.617163517784817
28.682417699750232
7.219176890713584
15.022354073772703
-30.154049980111196
-5.897385699444811
-40.169083394954434
-47.446906222222786
-8.054246652554937
-15.978320507062989
38.987293901485
-17.70909006561503
-29.78194894702372
27.640465134632677
6.58731867977113
-37.026571907683476
205.87238314196304
-67.9571011631381
-20.546699633418086
-23.87256492029671
-40.43672775592217
-16.211670328758416
-42.44043413658848
-14.030217538070161
-45.17774420789797
65.49200460148751
-9.747045013013036
60.31759741588775
28.753138601150738
54.45080431279098
29.63003736013988
-54.01206267069955
5.9830717947512255
41.796658175819175
62.23933534304038
3.430805399065065
14.509293958600423
62.25844478123693
14.071594394502128
5.7603995298607344
-16.867819136071773
53.24240583005087
39.36222430946188
-29.185680467202545
43.07563064721808
46.254294789906
15.563061690954427
53.24358767791
-17.32994071665499
-0.7307708173038066
50.33348828338055
53.845167378363726
51.228804866588575
-17.86746087512843
14.804010886896378
-8.842567512542374
49.22757188469109
1.9314923951883856
30.170204497615117
-0.5575140309439917
14.23740192148422
1.047307590609094
27.3254278967038
-3.4931358086245723
-0.613102173699545
77.87054656877888
-65.92262440452545
-32.843483417733765
53.36178390940751
-43.964605351911224
9.296469860768411
39.914378929482666
29.76930548405619
-32.222651471189536
-51.94191573148508
-51.621087624532386
15.36454781214907
-50.20120232598065
5.6676207180225475
-22.055802028899862
-41.97810630098315
-48.42955547727732
7.424999606279286
-33.441821908053
38.055314069210596
31.016293677876376
-5.501309225805159
-0.5022357150729135
-34.80009313675592
-45.422416085214124
-86.8332326652891
-6.401979355392385
-42.41561650905337
-19.017092290441397
239.32122877211475
51.64015595790693
-22.3696041944511
0.18613367958229787
1.429296097327338
-43.316066222477694
29.79944076200985
-50.8629736958741
11.055603862783073
-9.29498596447084
35.68637696597165
18.44630214031359
-20.275923560885758
34.43014640169281
37.96187753496508
-33.25511205272123
-0.3250451203996221
56.32969799010908
2.0077902012412068
0.9503226500681592
51.9024562507129
231.63012635877593
28.53843057470283
44.84997492587942
254.41906097231885
22.27186470803383
29.382979269382815
5.098827097369096
36.32569696854347
21.98928525422926
41.86206732859796
-0.4461131328248058
-4.597079823101765
59.451963853546886
36.68734005607584
10.76687198258773
-36.06024539932103
1.057615689241942
4.1842061402701205
0.4942263712416377
53.98894978520113
5.193460114269371
262.359311323896
7.934510426587323
51.03249704053721
9.249708768091239
-7.305039521553098
-16.520848085700095
1.1371566070861832
36.55505032315415
242.37086103841335
-2.6536484553709556
6.628522132467367
12.146655546160815
35.1588999151362
43.28063076608771
-13.008194687930924
-5.817710341957678
12.403515644437363
-10.83037863259807
36.12939024893916
0.8217735639912007
-2.662311457429823
10.067478518737147
244.27992490682666
-7.94357189104133
-31.8691033681188
30.47309460766823
39.15530964072215
38.46082082140566
43.000195202562566
-15.441030119955158
36.608678588210694
20.167008258984822
-40.85894195758509
12.652243625709687
-41.17867326043222
10.900858744752014
25.82574192868627
16.630837069327782
-8.116456257461465
-94.50265982154478
-54.90195256062569
-181.46265365610344
-26.799769111880124
-44.054268015091715
-18.42336896045036
-643.4504348286329
-793.9112378579753
-803.9019303649874
-859.557530232511
-716.232199180856
-548.6853522058211
-1754.2845786255903
-569.5145699888988
-717.4536151229968
-361.21975028380774
-393.1737377380658
-280.4955687615579
-278.7077145759673
-395.27533011234704
-249.4197700849065
-871.5132635108075
-216.01339307196668
-625.6736048900117
-303.76673210187425
-405.51323859881177
-1103.0871260321267
-488.51095881861215
-374.6550120019483
-331.172992735978
-303.6343532791342
-199.85783301345955
-253.84855605075413
-417.401075919388
-295.02054533303084
-1067.5538250907052
-183.8834657897425
-266.26345558722267
-96.45749224480687
-95.98971075027757
-141.4811568953076
-103.94379721895966
-55.12585689493965
-44.60007934003259
-135.53526482444312
-131.13592968122327
-12.567403155545236
-156.93380332984603
-127.38468913436716
-19.217624074393072
-25.64157321176289
-76.18579390861647
-37.61601885597996
-136.23775986861813
-127.92088145092899
-81.33454241391398
-39.42229481460761
-113.4911799067384
-80.1297257638427
-124.07322695739292
-96.86740652376992
-102.98832579244288
-55.234093536674365
-83.0170458916053
-134.02236332985208
-52.79018829915155
-66.03855055742281
-43.24955659500839
-27.354981431912478
-153.44407070978747
-60.620025610415276
-37.979024945842596
-120.55653779368302
-53.07024915722892
-90.90136642587535
-140.626008749038
-61.52400531804364
-101.92741218829202
-97.6548797354883
-23.292229687771368
-140.51203861507287
-137.88628458803956
-38.09857508010776
-127.93050602306369
-120.99504469314641
-78.09729798191528
-64.28288605579947
-112.86754876787549
-90.78815400184315
-38.10841157225171
-129.858568609961
-121.21409311601967
-122.84936783059345
-130.0690488505112
-64.97141145912916
-100.54644507795419
-119.4367465799813
-139.9899426101678
-143.38568937090892
-40.067572145258026
-109.50162652118985
-120.96604978769211
-38.364862955468986
-291.7762183067756
-52.76971735054224
-68.96137683534297
-50.614536384916235
12.112551738731128
-56.79080778154983
-134.6844726936266
-69.36682269635203
-117.60448512044408
-99.85052383044659
-21.279760766678976
-70.21189132635928
-80.73994559785592
-22.810527215011547
-46.16703132721964
-61.26129935467754
-47.44040586810159
-66.46642398537504
-73.33014330276708
-107.46684636012743
-94.2358135473849
-11.833056925949748
-112.00011260618595
-107.48482428892471
-80.07878314364768
-126.26949460635807
-100.8913106729636
-54.242928430652526
-108.73193707913767
-134.44867185062418
-84.05381276255721
-104.19207121062333
-24.260944499569433
-113.68245268397348
-85.21872426960601
-128.15802764816772
-123.11264074122228
-98.80259697010746
-90.7586938321324
-114.06401389950969
-111.1780698484425
-106.71759449006785
-11.234230214578929
-108.42484307855572
-96.97574326922519
-122.77613706686823
-109.56239653699765
-34.63115141142386
-96.53369667577407
-95.9396312688488
-47.802446715448674
-98.09877625026687
-99.1470332097248
-71.60744299597613
-46.30302911446091
-56.95246223923823
-129.74799024973885
-84.6382108582689
-104.27513135128294
4.5662156058307914
-66.0859214170257
-64.08862649343442
-16.27749581357169
-129.43339146438097
-47.87112561303052
-25.023414114276918
-70.31844045124984
-9.405556291640352
-75.19164307771305
7.637119472480336
-85.80219926972303
-39.130740166553075
-76.91006375804058
-89.93508931195304
-78.40475814909817
-13.725508790912457
-115.23480205901707
-71.11843540077723
-104.6830675616549
-60.23093716878501
-25.149681511721965
-91.94161157310218
-81.89250232567244
-92.28181789654536
-10.01464785153702
-49.73629929447262
-62.95772519403828
-125.26036048816184
-118.49953864093354
-32.040845550326935
-29.26714329549948
-44.73050549601728
-86.12206289120545
-51.640514284749436
-36.46861937263382
-77.1197985617066
-46.366951364120816
-112.97278905924315
-75.18211451298127
-38.69395263881787
-47.7918856189832
-108.94486834578342
-78.0444546836231
-85.33940590791879
-54.817061915689564
-89.03707334251767
-13.311892859221757
-2.420712505946966
-12.898820839340488
-24.622035387904802
-68.91218685169436
-62.93637358791826
-85.52829279855571
-106.40532904732235
0.5955317142947649
-7.399552894947533
-123.31416087170219
-133.15459307176167
-65.4601165268189
-68.72172974982641
-0.9490511410983515
-91.58429603856733
-67.04140434129121
-18.602898853221063
-105.66566455402511
6.943126829957421
-84.89470520422934
-43.89651951860601
-145.21772127497337
-131.64230383214036
-60.02702353145697
-108.45317154934772
-50.56889109245929
-17.398624557942256
-35.61660975172599
-55.00669216718393
10.602998369681643
-63.61220168343266
-37.05258032174893
-77.48951706585801
-61.90793339324598
-50.11979830747431
-22.642698241070008
-61.30943170595004
-53.79365056222071
5.206114713312715
-33.881284360705905
-82.1545190879888
-68.94494235467266
-124.33214934423901
-71.03752615923361
-68.9761941851452
4.662105548745686
-129.96379692058812
-119.83142932966558
-103.33758235852261
-50.469804847723935
-69.24870759548824
-22.605688071111658
-107.41573464594822
-42.65131039339407
-58.00640870094914
-18.682119732743786
-55.14703867107973
-133.89279837874318
27.852980318626905
-15.502955690480448
-45.41281057174616
-13.206836471421013
27.87870794403878
-7.1731750253312185
15.245892382329544
-129.45390034422022
-98.66851747824265
-6.038648737183507
-59.442751310536025
-41.84055881506689
-11.328468111509693
-3.9069356385102196
-37.09773735455003
-29.292309265580002
-75.6673150354975
-178.92276156309475
-23.97415144770244
-133.13454719009428
-52.35006100472147
13.504961770577808
-90.81920240051844
-83.14052670659173
-4.080206870481192
-143.64072197842847
-121.67228231234492
10.748388176529104
12.838534048570367
13.806807949089546
4.2003955376077755
-155.2604174077613
46.81708002093728
-33.465583799086104
-80.12332518418825
-102.20873993364258
-40.740233263896314
-45.246476711623885
-146.32824182070354
-18.640797806652387
-36.81452548894339
-86.76280070800709
-149.16439043443611
-29.14756328491842
-27.340914055717334
-3.790349661028827
2.8640025629059096
3.8615213108392794
8.582661274134992
-29.16405144006464
29.829383038148222
39.20696094875149
-26.96616721529014
22.55443993526518
19.02459651457032
5.29493300881353
-94.2746180562815
-46.60946937013408
-44.528975043588815
44.99395743994734
-43.22536434451352
-23.160647403298427
19.818512521398503
-114.90481718609169
-92.25000777564742
-25.718691485240356
-68.11591786154334
57.0946989272862
35.35511686479546
-69.21854009653157
1.7175740528841317
20.993950174583603
61.08855444993819
-6.097366373689539
17.394869381668485
-71.31149119126707
8.006328382829054
-66.45676937851049
-125.62174109843203
33.34491596243839
-62.33349694470719
-64.49442211459632
-46.66126920470605
-148.9752590817694
14.467339798991134
-68.25590664103919
-14.730025391335559
-94.2082543107281
-7.467588437450644
-15.715914411237051
-5.149138975908599
-131.30285280195162
1.9347941871259309
2.5266507825065645
-5.648052506876326
1.5224834876219973
-39.66476978793706
-30.20871380440748
-23.35170037894811
16.940013410110424
-28.050417156916964
-15.963250021016634
-3.383020318000831
2.543036106525861
-116.74879501034303
-82.81193005945985
-103.8997486785956
-26.20803774224308
-75.72063056877325
31.73781767528166
-23.606416678912808
-55.2153250208637
-5.318289707494614
-5.546222788833575
43.27843417037454
16.998401515827624
-38.55179824148226
18.984288972397437
-11.72376757672312
-111.76748978815483
-25.12658026310197
-3.909509761567847
1.5542067715335293
-48.779522945508
24.855353349136905
20.680244234488754
-86.72558033720055
48.98103194836929
-4.880535964684157
68.6134486429479
20.54882387943026
-28.431294271714947
-85.88387209947055
-5.366995122983525
-50.820100128619636
-47.24733649707864
1.0843079089628702
0.8382237599540758
-61.69079722180634
-38.75334208003902
25.059410585722787
-77.87401755048931
48.49997679965739
-91.59041743481208
-35.75489518116798
43.544944575493275
28.180795366302988
-86.39262353513821
-32.743949263093384
19.751002924316595
3.9087786090889693
52.05795821916999
70.13186231175118
1.8516017091707653
-28.98970432387658
46.13736590393961
-60.195661161603084
-54.58278886858307
15.743352554543947
13.475143320144099
28.695296214938963
-74.2877018945708
49.60625642344249
-59.10949967465416
-46.23372383119645
-22.32997739889835
-22.134204667329215
-95.91227599854467
-73.52831119308465
-73.97555759139533
-70.85017783166097
-38.77025162207873
-81.3874592496856
-104.84866928004587
29.31142175245924
-134.41637160262155
-152.11179973921392
-29.890047024598886
35.63620803749666
-14.019796469397633
-173.18975397642157
29.745844995771932
-17.543767631579
40.844338468161624
40.722117850195815
17.75482297985566
-160.5994008818784
46.12215321815296
-8.507045366469768
-61.957970447725934
-83.60999361832086
3.0828599651521955
32.857125568865456
266.39522411246486
30.924024062390743
-151.5351259659189
-158.95116420522817
-84.20469672710587
-31.58074501562389
31.642349973402446
26.937911461955593
23.07340992608033
72.06654787492963
39.58305890076943
25.62439663451491
12.543169940417542
30.88591732669923
-40.41215467032816
-104.19708951361659
-47.597596683485236
25.536625261858887
-19.911085312319628
49.24356338335724
-180.83727397713886
-185.33673764404915
-101.24245749550647
35.801302070108335
34.29436638905133
-70.19291053181134
-62.55755665579141
-28.353053524118195
-23.39409986179564
162.2287166583137
201.49789097425563
-67.27277249704082
-83.93542260949093
48.80784510048173
52.77896963605235
-62.66847885715039
-71.13589930901458
-41.53764486061213
-151.47921077103243
-110.48406347858932
-51.754102606033314
-56.878599029760316
1.6504436449198465
-30.569702107574066
153.982186431604
160.36088130266953
-38.246277638521754
-69.46915931328749
-72.74371440023216
-27.791822293153672
-20.61838001641996
2.6441703639280405
-49.872100050975504
281.18204626535754
40.33008297506844
-43.676731665598844
178.59180077076041
-39.78156466769398
170.65717241272125
50.521715078287116
-116.10583668658815
161.9419027516233
-5.443069450177617
126.37455683325219
155.21667562159885
-17.258653840093658
19.839245109532456
23.90249888275288
-104.79538284280446
-23.378803580764384
23.9313608938956
41.86896371318372
-24.747422255467644
-78.20613150379391
-52.038712942771944
-55.493658863247845
62.2434571996997
133.4661917091916
-149.44740263719524
-23.87662726754153
-63.34521347526845
-3.6173976645360284
58.42212011577763
-21.672444756574308
187.20396700079587
-105.49793272786623
-61.35369508545757
66.68619393642317
168.75846793935446
150.5256101158507
-82.11695647620996
-141.57096120755384
-5.129630949394709
-87.16446259391287
-21.683656558023017
-89.20530866923545
-7.910029873045023
273.60745300636347
-22.01019101417524
135.14617228672796
-60.90289919373612
-97.0567211328838
261.8210275189248
296.1897687691978
-119.67384116192666
157.15197348922007
-50.28156625809177
291.38952013659724
-46.176734682265106
160.0542497274475
27.677769121028092
169.87663760017983
-175.86091214688685
-23.888969151542707
176.6274420516605
-42.972925144091995
-36.05146638905531
8.968685208543562
168.9341874534684
-52.43753674964293
-78.5376846872098
-47.22959243118765
-100.86889155191517
-46.252841200617894
-71.42506999385324
14.24355386406495
-3.471475474393742
125.4113019265852
194.85903022663297
-22.274761180106367
76.9360078803787
-37.49418687296565
163.18379491408473
166.04874204604553
189.7076177233136
-53.40771048432688
-8.800049509225147
-88.12420527497083
-61.66940144080213
-65.95963952310578
289.21811577167273
168.0824480054897
-38.17622694159727
-14.495582061442732
-47.304991355781674
171.96929650417047
158.22149566643142
183.3894750531284
208.84348593661545
-7.1444005146276455
35.12528515436702
-63.47598072218674
-115.23840563539949
-135.4681702125049
48.52131322396065
5.761818109626972
290.3613538587115
305.55810936615444
59.934034799693904
32.791762756856
7.744292355481932
105.89205369097031
34.49386406439126
25.520720809894144
53.50532441318015
163.96165784880534
264.2002066200886
-36.48881860912757
125.73359164982924
165.38704920835852
24.025949497895468
174.5059100207432
2.8584126841328157
-80.67687396405147
-82.99151927322276
156.6004224932253
125.08371223711036
270.64346391947123
149.3626625139367
166.57095808648168
44.14225985161937
66.25115650819512
141.73978663703392
153.3273153718573
122.17549107033612
