-332.09412150154526
-162.53841264616796
-157.75698942915344
-302.776480349493
-744.3358325772467
-624.826708979103
-736.1696884598773
-598.9242947281355
-714.7622997028506
-687.5765879948199
-455.21475691566036
-550.7952361755597
-897.8126965054947
-843.0029024812742
-935.4466681496086
-259.790310868897
-561.8516909659966
-725.6034172965531
-280.27238437369135
-185.77128768550756
-155.0040992924905
-144.7641161280524
-130.95241880272272
-231.60951695221038
-124.40988427924347
-76.75249054918382
-131.63566101979302
-126.87715461839377
-140.58589569024065
-139.04313976426306
-63.86562118252017
-161.68889165269607
-533.1595134975702
-528.6085041570207
-556.8927858313901
-732.9156863095754
-405.6651052397188
-555.966294639001
-763.5893925832958
-1874.5931210624292
-1285.0868395102887
-1847.205282992819
-242.09196091625716
-693.8753706475325
-749.7818656036087
-146.53114252709625
-362.6126269094723
-474.9289344590228
-120.84813087562007
-557.835978764409
-425.36848812096764
-393.7871946659899
-151.16749355618612
-172.8875711861424
-202.32136869903863
-85.16638889073184
-998.0787433826048
-919.9789549663518
-825.1275113180684
-920.886355089076
-758.2454900163093
-566.7402057305432
-350.75211761185096
-424.06319241448415
-368.3352568389876
-462.5793549867081
-194.18788843922067
-313.94601877776637
-459.6206092722366
-397.7207832029801
-228.25351552466097
-158.27168044629582
-582.3747392122484
-623.3762536889898
-505.75193054391843
-314.8515380697597
-751.7755246503082
-830.9934647498052
-528.344776159307
-531.3724720428049
-528.6087652584899
-687.7431166188851
-525.7596731032463
-581.3191462681167
-848.8884156356419
-714.1950844691149
-766.8818269213136
-817.8763850438218
-845.6219681878017
-740.9103591537781
-633.4134462279188
-740.427195744218
-616.9129577693856
-215.55175247060077
-396.840272213719
-199.17442340654287
-351.19814589896356
-348.37558305207176
-359.3790423560426
-392.4608330472728
-113.02783582408739
-111.08338244825933
-122.64247287195006
-119.95403800893106
-152.44095592415908
-141.97272270603426
5.08920895182635
-91.57967211986698
-223.46086914095287
-85.9297384669135
-160.27482439042222
-147.2557390491994
-136.6076327170899
-99.37766960755016
-96.90089091901615
-158.08224416410172
-535.5983220423344
-1025.0932699142656
-823.3081499363963
-1493.4348191161193
-261.01966110138994
-516.1309194385387
-623.6028084685507
-574.9980964513963
-500.999555223909
-548.3190123974457
-288.4536266704164
-318.9759938189373
-355.82394163068096
-441.8321812345471
-425.83091375876154
-477.309182505381
-460.0085708514644
-1051.8468204794326
-309.2278374625263
-546.6886950467856
-519.206077619843
-496.4826967373683
-315.5639598661824
-345.20063881909766
-212.15725547133457
-775.3968251233555
-247.31923148723263
-271.9238528772297
-238.28976209404382
-494.125614006382
-607.2221911033006
-1138.6905215916122
-516.1935536993756
-85.8239885000753
-425.87785190772297
-524.8556807942798
-556.898786354529
-162.45272436196728
-302.3101569283044
-485.93506319236303
-84.74300595484318
-63.96880408459011
-52.25398287906599
-524.6695688203328
-334.34272715163337
-56.212457815543594
-192.0581924275032
-245.78386929230425
-88.11421484354632
-447.9095194084572
-393.9191240871994
-43.08295679959228
-91.25633265552315
-137.67699141789097
-94.2979167006734
-84.88325912250625
-331.2199098245012
-209.29342022501623
-117.58171624663377
-93.85585594699518
283.6423352956393
-307.2384901084947
-129.60799486421675
-107.86972075857645
-53.17544361213906
-277.45498829911827
-0.7194612075468654
204.62371494769866
-158.63630597176888
-6.059981569520772
-21.28381563439052
-18.332301795159154
-83.56488215514324
-114.99143459212105
13.91702902117639
7.931375771118125
29.529302918332064
23.784243570422774
11.29234210742132
61.96251437064285
-1.8512213032432974
-63.66015941446466
-65.10915179780318
-103.3524299266117
-45.17919846683202
-17.054628690259733
-45.40007313423243
-96.83133397897092
-85.78483231064905
-87.09461812790784
-57.64664650882093
-103.63119320185488
-57.025520497193334
-88.43651713918626
-39.85477992453654
-27.229369381746263
-60.300325174072555
-43.235021865583526
-48.42224097520687
-33.39887710873971
-38.609880138950565
-24.058719746151326
-68.96303974777396
-45.498460291818176
-679.1790539820136
20.59915382940858
-115.60526568902871
-106.86738146004294
-174.66830415598866
-536.6636796020456
-421.97841617821894
-641.7454856007762
-534.9141564560329
-832.0919636455103
-196.27432417023476
-255.26151049553764
-36.773089631772606
-80.70222058103752
34.55409756536716
-68.84300264590279
-144.859453168656
-117.1359783078289
-40.083307925791345
-167.34102621237744
-17.51768294651501
-62.98361080157332
-16.615909731443605
-6.438249676396845
-221.6034287301643
-208.7626976093858
-236.77470406538487
-140.8910435458877
-218.06657204544888
-232.54024236481587
-219.803211924237
-183.58718118850297
-369.3740465378442
-324.1648790484241
-353.40742997298565
-366.2261551131848
-305.5785792610525
-326.658487345642
-303.24058501926334
-222.7423265428955
-655.4768384924092
-638.0304914955849
-650.3332000751901
-564.2693357937317
-605.7160745965671
-678.0091132136896
-783.0907536795877
-713.9222316279543
-666.6723991194561
-577.8112554897891
-69.60668739230871
-112.63017830297957
-172.2573211289624
-198.4515257069895
-471.1082696173121
-565.4831698345321
-1769.2280157678247
-907.9128395467955
-829.0468816254453
-460.9656845543908
-532.1970768902833
-573.8404751576658
-438.5453970574367
-721.0647466595817
-440.63569977974856
-797.3633175866191
-572.2071689902077
-579.1988696571277
-546.4379498339305
-581.6812316638213
-401.46406548685985
-855.0940040692927
-456.38134906833545
-453.5913490524535
-939.6119795890816
-739.9483632329659
-713.7230970775336
-375.82829634650045
-702.4299950660467
-762.5090614463094
-514.0266604729646
-753.3404720759224
-261.03475938963516
-156.68272642625442
-275.4890956455281
-1569.043834018447
-331.5943857412877
-141.13479844593832
-584.7372238085457
-443.83909479854515
-1092.6131618044458
-467.9145285138836
-476.13536135771255
-432.878103472169
-406.99935126823965
-429.6869252619099
-465.1530162812143
-747.3279682377716
-714.9455863935177
-572.7312838664158
-565.4307419042661
-621.4058777844233
-418.9837269050134
-513.5063214478755
-524.9303814077
-442.707827938052
-450.59980319040267
-567.5625300940121
-577.551863303676
-661.8683622920478
-450.67952804633546
-599.7047783485837
-419.224587636023
-372.1007694766738
-373.1625569136185
-360.69666619270413
-212.12354765147631
-229.72804740446645
-718.2115565514146
-657.1408367384753
-259.96078320338785
-251.8173007055472
-415.51249567912845
-281.57756866238344
-274.26323271005106
-220.4875540683011
-523.1411509534123
-376.7871953136082
-301.90766259302706
-244.60998455321348
-326.91478051386565
-215.5451403182908
-562.3745463597966
-278.64278326999636
-210.85639487315262
-13.31889167300831
-106.82721869920978
-158.90017095820403
-227.87776305961762
-179.77528905590776
-223.90278108277604
-269.47253346371997
-186.4741912337796
-164.05703872223876
-144.60507903490208
-78.35062498965013
-151.51212677691018
-115.10598380103707
-124.94304008000239
-149.22427942094657
-146.59867196417997
-113.4622771660867
-154.7451488906084
-14.727344675350253
-130.14736600357952
-139.7434392149339
-141.31288488745784
-178.39202276914517
-279.39460258448224
-94.58266680341464
-161.37743456097388
-237.74167036502521
-144.27283228539744
-155.63260889796425
-142.9078630202158
-169.48113586709667
-139.3741981505621
41.06318015976234
-118.69239960814559
-122.11399147097404
-143.28590213954683
-156.9455328977851
-165.29245787084682
-162.5045891114581
-103.52257723986982
-126.56792321685292
-126.13342513007004
-149.7878866225875
-117.38267349803897
-135.94620624489437
-107.58876841389724
-183.76180672319305
-448.71242638204023
-471.20496755648355
-601.6245351371093
-384.3883872247785
-229.80401111804736
-135.13887691168875
-381.93026345724536
-110.88741633562131
-452.37511226664697
-143.99264296350228
-258.63587222497756
-150.60127159882575
-189.55212585660306
-113.75131750200025
-147.881927815468
-165.3734037590155
-116.80419787894695
-127.82251678127828
-117.81172439712223
-93.81566351145902
-88.13318032994954
-114.05992469877614
-82.39618357688354
-86.68098170446387
-102.40883571385214
-91.35332413792186
-101.81935934005249
-97.1567983118727
-94.21280857892862
-98.62480317091395
-69.98124487253274
-95.87583252920632
-86.12356539581397
-86.43792353091126
-53.076861784218636
-84.27742539339276
-83.58505423836525
-67.95070246146699
25.20019755641796
-120.93432343558896
46.25418977826331
4.703481825902216
43.50790195413836
-2.092981753199439
-20.255028816023
-25.220355338514565
-172.53993128296395
-37.59130696979279
-263.3009825005635
-219.2381421525786
8.02491597550737
-142.4149682423252
24.699774150331976
-72.72386502249088
-21.24395141194222
-18.76341680027025
-65.13043781819424
-31.27813676676294
-17.186895060003792
-4.574673148127559
-5.355446991175242
3.0876946985307256
-1.5999447873092691
-50.528910692478775
-41.12790597285978
-41.99166464440634
-13.611892435440822
4.359115121288042
-44.360288968061354
4.469293308850297
-41.31479259403898
-17.837779222634094
12.394641882264494
204.96907742720813
16.42764322154399
5.869564665931421
30.403401231142624
-41.75521727563206
-1.037996105849814
30.055134999438906
-22.021542700988903
32.12024000802995
8.74291468585119
5.506186624693484
45.00030020754383
12.628214173262762
26.758556467972028
18.48965010080414
-1.1938835776387293
38.86007801640187
11.754242390084698
-56.357473352958024
18.084373777418463
-18.124830017546273
38.69272846854918
23.56988233113647
54.12533176451228
6.837932534821846
4.3414636113707274
2.71059649645764
67.93679372858614
41.621356567173734
-2.6493897316196495
-26.062787610438846
146.2135607815408
27.275536206124883
41.61005066573412
-21.22400205114937
10.802912996777636
128.99379150758023
0.039039774458814236
24.957137677118467
-35.012803837660925
36.60885661884436
37.62170534892144
10.70603452081916
35.66164546002486
75.74811425173371
-51.87391362887941
225.77488575263928
34.8513193436647
-12.15207757206582
49.280375246862036
106.90963890611012
38.34704830965293
202.16976694617418
-6.9619653315318
49.932255311957306
34.926168781526655
239.28241667041866
35.59442312951967
262.3107056399788
33.90778021879848
249.78404349668065
250.7450176495894
248.90290806468715
-14.77079869499634
263.1710895800687
214.89232197450764
33.48638066816042
235.43654686411756
39.37944363138624
141.92901189053345
0.5825223841883087
55.84675802156571
20.398321278431773
146.91591904344585
-0.4551049052220293
14.13252706689093
302.33500540389076
51.38969038078909
64.6208617647269
29.27151180624898
9.576769567384279
82.01328499453187
18.640495800072685
52.35164508306721
220.04711209024765
263.78118104013436
123.09477788183901
39.574469720009915
54.92314602150273
124.64747361680801
25.59322389719928
126.44932377730339
248.14746859710675
240.57986601851334
139.78372405036802
52.95550485903715
69.56719287484907
-72.57257646403383
160.7683977338619
127.2413250737056
105.49107478936432
149.21858880958345
42.3533923351236
60.9481457268258
91.99631492696241
49.77303802689585
176.39827233657346
154.77951258029339
82.53501316139628
56.163733386999475
231.07332498440542
13.445868087113828
77.39361821084638
55.4343206086433
41.827861856020895
148.8089155446667
197.8887343605349
57.374841768671104
131.36541376075073
130.0910473465074
4.1933912492128655
-54.843492332777124
132.0987619548601
-75.81267668024617
20.306117666151025
228.28279770811824
-14.488404339468175
44.64121688046889
240.82873431286228
137.7749419755263
257.37919958021814
182.5049865650408
237.5935726564755
248.68648716517157
233.58796178093883
22.096719613556985
177.98376737660948
31.53737658213683
258.36481023325405
202.99785380404586
165.68032133203417
16.717415697154294
3.582248144629247
249.5501805278191
29.27557669193004
16.338352341698368
14.06080026161203
17.222908432174037
36.34335382514132
29.96958857101299
22.548575324317227
22.361722977592407
24.015580767716017
21.563525341158837
5.649622394088766
-18.119082306918003
42.84439901770662
-5.16506434477057
10.435509229600228
8.350578136775994
-10.55608552359162
-41.62303167590509
0.6734623042225394
5.562245000347232
6.6685081069844045
15.271411422273573
27.802602559398693
-7.388423066470764
140.72341767952156
11.305117708929998
-7.7748810523391825
13.95404028533261
36.1310807975583
25.435599298527052
47.57787982707816
35.17889908566369
53.67251563634878
-20.745085337095475
35.81196627516542
40.97231057663461
29.61295988752093
8.062713519187454
-2.7387962024603922
268.0966516830648
47.563059933517025
14.052509136813242
29.914057353905406
263.1609643956924
42.925513407381004
4.816834970612604
44.166281321142776
260.92195654389946
47.62662212232664
100.13297712036092
13.86431350195754
110.25831472913347
-29.07446968101911
34.718310732326756
8.524117942539874
5.44645477530311
-25.722745784425044
11.080555379019998
39.083784639080136
11.454581124200558
36.06047077653773
6.137799976197854
6.635476282539898
143.62326892052417
122.76392227683614
11.150313569605899
29.42646239583857
133.67178748343056
40.920287271247076
41.19676302571406
32.41249829426857
18.531189974057824
-68.08128589286305
12.235257110147955
13.853892539397677
-28.540049475599318
134.12271449096013
241.01928786393916
-36.10474676356086
63.4307684492598
120.40670714427749
268.56414139986975
50.48023896709287
15.153685755821215
-7.210445796243576
-10.333176605614753
26.259239213179512
39.359924834963266
12.687290085508764
268.3196864069006
-4.598162986030516
73.0087445827518
134.4895268813803
-14.123374087445
-15.138206151488049
42.15540760925708
21.594475375464995
25.175749065252205
156.8904216005145
254.86773694230996
126.26214520572967
0.2168429748791283
77.16087208904064
34.21334281851267
22.110015268975417
137.76806969443547
24.209191959773605
14.475513300898967
272.2330148095386
11.632485877879986
59.511739423423165
269.61899923381543
25.275755646000903
215.8638917266282
265.34254326927066
90.88198211143381
-4.49198169911314
38.53312289400512
38.111417860606906
39.47681572232244
170.86429466068282
66.96073098474497
-11.794825629435238
141.94664384484187
38.429339987046745
26.007008840057836
255.46559099207715
174.50894555893296
42.47789200942273
54.32321976824153
45.47667282575463
44.02329108243205
251.74689502750655
158.81272677588524
245.7920638909125
12.039829464193488
247.25136443303148
48.339433934388126
31.559855237234814
63.55233846247461
117.75921075017682
-7.999269954020548
254.0332848008809
13.1434131815803
24.84461411488762
39.32444361098638
248.45914676806814
42.239186908600516
242.53759093469287
199.3162573956318
255.41072462035189
133.9081785716378
236.78475662575863
230.76694894713344
177.90409200213134
223.58374746575004
206.95700154731782
122.17779699291917
240.55285594764564
231.16967424114503
42.453421423836744
60.28597222464359
202.82014305765267
24.548488586252475
225.45198342787972
55.49518951783105
44.34254543033515
-10.782608429167723
230.38725593088077
236.16474986336888
215.15102311541307
5.011020727261368
207.64360797021396
-8.426806817942648
152.72035505439726
5.452549567816462
43.33550358157976
59.33187295360591
24.567611577003092
229.31974770548052
45.65320674346046
49.68199853776437
18.996403838366845
29.001615235469473
27.75020102400285
38.032390519493276
21.22685125799873
34.84330696370165
41.42996392533482
7.2907684756150815
-12.95101948001988
45.516424564531974
23.84734557433734
38.66343946867369
237.47747377094043
37.23336776891105
34.41844800523157
9.242995322977848
23.570801976091772
38.27294174498638
41.38754416780361
37.79635380505877
26.16012490557999
47.031385551613255
252.63271901714768
263.50807295652874
4.810377081905344
30.02337953481475
167.3412675892517
25.27495655570867
264.5905999175051
219.67392992550944
22.268582333783897
41.135699991561125
-6.5438079531391224
19.571976566309345
51.54453607300104
263.65010980920806
33.16339443104371
12.605090323606476
34.55734833660961
30.488828000007828
27.960087037723525
72.72277949193145
54.90348016079582
285.9220501012271
17.874164175585946
49.04873069865096
40.05555584721765
37.416416381153965
7.606025671355937
27.436020277855718
30.70625203969513
29.40955926295993
33.515945117526
37.2995087809322
45.1387794965309
32.07853803824088
-16.388432841663132
33.3969413930501
13.537777454459587
22.95619574091438
22.522534766049475
41.51928342500133
257.25267566937714
20.947153042828347
248.28506007321832
263.16505529312
27.10547975665078
52.27020518095267
240.3039538445904
11.745218916829728
67.25308836498021
56.01304911894093
52.80124526506023
274.6000137476612
251.6435331288773
302.6507658666742
260.2775181184949
286.0121188459904
9.006761821867158
91.70600757853558
66.79407120725202
65.3464724727456
35.98651910187047
38.55263588887698
60.92278265888771
24.660462118225382
233.26892496104682
53.834380751731175
-0.8914675635637934
54.29367250195028
12.060998208311318
52.77275443568439
50.637096149966425
34.227892511182034
18.713630712145815
46.91521546421285
65.68951268606364
17.80078516540587
225.6882051770911
22.380183176053592
41.59082702875867
49.87183530729436
253.07680928549178
-11.70679639615176
27.494457676766245
23.843780005705582
254.7475530103251
260.44134644170276
18.71503478663503
50.731037161752965
12.319133024476372
68.03164711507782
62.42060959596665
51.97539494132016
45.524593759066875
265.67443052455525
189.38862387508465
260.2568358463824
109.72029367018565
11.299548836726302
217.88592632038208
-7.780698359526866
8.434294791675654
27.97898212759347
47.17325473134483
227.09342645880167
43.22979954522984
-4273.106685786486
-309.56758680137034
-2521.175707822498
-2288.656865337335
-2434.4611376867756
-2413.986980138486
-2628.800197755082
-2520.8671671170705
-1694.2189559887609
-1651.0966885278413
-1541.91943773318
-1601.6058724815075
-1404.1529723791732
-1448.4579692464895
-625.0737079696437
-586.8035740595749
-562.1387252316734
-588.4121379259727
-574.468538702856
-357.18752134466047
-219.60650315760319
-239.6361291346448
-270.87777434223904
-270.43538521780766
-342.49306359813073
-252.21596559643805
-287.38744674063776
-370.5557711830286
-271.98140794924353
-260.84071094041235
-285.95485824298544
-243.10802888595384
-257.8100317786786
-142.65024336374853
-154.0727570261729
-268.2494664409902
-165.2836534824811
-155.36793199039172
-166.99195875111326
-180.17459390247865
-134.23357471031034
-209.001494962995
-204.237285891608
-161.1916311687606
-178.49541760745072
-163.05334550657088
-154.12674973342314
-162.25313193577858
-161.6653857350796
-203.06187513962084
-141.28330966971484
-160.49642302905514
-144.71782381359193
-132.9754384285858
-15.314864677902548
-262.1768543988197
-131.56798618653283
-350.71599277099654
-7.225585874058282
6.546809483657327
262.6520073556425
-195.8927272234314
-59.45908091541849
9.953202862426338
-73.20384551791562
29.940908115786783
-24.930141447943868
-0.4965422266919859
-49.04280146779054
-30.202978923033598
-64.17229332009981
-57.185145445393395
-79.6867244318935
-29.488408719356343
13.515048869015118
-18.123819569374746
14.201290302273662
-126.55131833423755
23.412380750805823
-35.10801760346209
50.16046198920009
-170.90361168172802
-58.09700033701166
28.499688922073233
-23.497118772877158
-7.256052313649036
29.5689448053449
-33.1643909088976
-48.313851332776785
-169.3989456164693
-80.11169604436594
8.702501554446997
-310.0793419874274
-80.41763038148875
-26.222558506368074
-63.9802613558089
-66.05555529353455
22.346764494490998
-6.892866168326023
23.785975739824636
-151.41451088352477
34.675296778582094
12.662039982183188
-15.032423566933417
-60.59545198959747
-63.750240447322355
-31.943068998208005
-95.61202951547068
-143.74609902196596
-21.242230717015985
-45.0692746817344
-81.98219649648995
-97.19644926604423
-49.77718888696505
-81.29887769948304
-124.79756555618125
-32.83220357410639
9.889902287869091
-25.048775286199913
-14.316632791092871
-32.401632157512324
30.43662911632501
-2.6293130326500034
-24.529798817530377
33.43652568943878
35.85005293858538
-68.42201504411318
-2.229771572841159
-38.616328088626815
-29.642740646761965
-4.097046983671959
-26.363765036471747
-42.719012485085635
16.490880453562283
4.261670069385232
-24.222302219986048
14.034882180894286
11.352345887408447
2.698845821428648
13.107119675149377
-3.3853116378341497
-0.8731075379584894
61.81394853202531
45.43239709215527
-5.548169528174995
43.06634003514324
26.959269855434812
17.87439804057935
-73.54156451862644
7.4386296856305165
165.81148430674193
11.527862367420155
19.858206981522798
-55.240607686509016
22.204899318635185
-102.5022501866336
22.382020004508888
238.96913284153467
35.18674178452861
237.63515167340177
10.636566080263236
29.286990692488445
-20.273888338757587
48.753109077872324
196.58109730714915
196.86422274208624
14.445934947340774
-175.65595039014846
34.681147096954504
5.058646174026762
-57.537896052293405
200.0371245126014
42.19237678673602
200.27469607296553
-33.18979308718711
220.210492663859
23.566054900027737
-7.749303889828056
8.598171964839565
-14.437039156804886
46.68438793506044
-9.693969566098772
163.4344084177426
198.93334674875106
176.97377098992183
221.56386161846098
-5.358385681763323
214.95732109499735
173.90373748623693
257.0582221186351
-23.703968863701675
-102.7978626797422
-6.076991577510967
228.2912358694314
22.017888763289818
-98.30415260001904
-115.16732718297357
184.24575329127308
-71.83592029128516
7.347644223818747
169.58623771950528
30.91910033396357
236.50862943616877
-31.374766666397917
-173.43612251384263
249.66322683430735
-123.22257228504596
40.578261519833376
-24.195661450309117
12.128794109986913
181.68716767909046
41.97288849240934
-46.61550903116735
-17.12887546377307
31.09492887621056
10.561365754944973
-18.427010755831006
-106.33636333984718
133.17599796869396
33.18669943808334
205.72223906674014
197.83233700423727
56.31542171325984
5.427936336039281
31.01614814414083
23.201728633662498
14.323542416737851
41.320749532724506
39.04950456300077
52.19680018116708
-0.6372457264927789
36.55075891715197
26.789007810353283
14.333838650062674
43.8346629411831
47.67290988728283
-3.9841115628429975
39.19631745118684
-39.3611460981581
26.88445264950427
6.275479842448263
17.21671400663236
-115.85249786519925
29.258858629809794
18.890886866888593
45.17746056510043
41.011595005800444
34.33232587557279
-4.5454482482894605
20.716879422006045
-11.971979860437571
24.077649587686693
-7.843682002044659
-19.396201500140577
30.982187219170072
37.87513754019858
2.0122284377629427
-22.09211472724239
40.93052503122823
-9.137275594155923
-28.493165970125673
-12.73821155344622
-25.57565773942612
-101.2257907469161
-79.97279227994512
-74.28449739853326
25.909096714184884
-23.075281875961963
-35.95526301559329
-8.131763112313493
-61.761215755512026
-114.52661502747947
-104.99351516306076
-90.4637919650446
-107.10285890918452
-142.8675773269606
-125.31671051552846
-122.94913840182996
-141.58252283164276
-104.28102990216708
-146.44222233775488
-114.09337503741855
-95.14058719801915
-119.36140055989665
-90.59222638120265
-42.0948181374185
-79.17923384155912
-98.37979938864345
-110.50448672921664
-114.6905254538263
-57.746364643264904
-68.70718819342963
-88.02888182814502
-102.02959359775996
-106.22407263754782
-131.73166246807492
-145.92485145485483
-69.44009249125043
6.423508944584583
-168.4938885119039
-84.70402252911518
-103.41577650502245
-169.60098077581728
-102.81369553233556
-154.31186887352428
-162.14952748580657
-131.626222209254
-141.44773960563367
-173.161695398636
-111.60506513932721
-146.89628309191664
-144.6753173322153
-110.63533056085014
-80.90460411260446
-76.1313358570321
-67.53440694561593
-100.29583655561176
-132.2871314573085
-169.19655559393772
-105.89552727286278
-86.54401860651565
-134.59355967879696
-88.34118074037923
-114.43192241600154
-98.98010462243843
-63.6375360729136
-49.270641377683354
-74.99802884357595
-166.54546129029342
-113.06642100903849
-55.3174190690801
-80.90003362751222
-53.12690852742861
-55.73041340082617
-49.80777132585574
-65.93082661566548
-103.22906752168986
-67.17819514763733
-105.25399383520288
-334.48903390062435
-153.95903893088717
-133.2837631814713
-114.89504197865234
-33.751212487923894
-70.62437707370388
-100.30286467999186
-71.1711814282569
-70.6893989222713
-72.30439606066636
-140.13989823522755
-107.30022480408107
-81.08274060603132
-95.05094525653965
-77.11291620935232
-171.1261345569838
-141.32595237024555
-118.46335749146122
-78.80454236247255
-84.67045526000328
-116.60601803174767
-84.14073801546664
-156.8063295105283
-136.58627066930688
-70.90520599941533
-96.4156045661994
-106.55870275593048
-144.87867283347552
-140.66102028607017
-70.37338561973473
-45.76247847828911
-70.85544009911989
-47.45617869760041
-68.88123715489947
-71.83055711280416
-134.94298557513235
-75.19913731319402
-92.16571924071039
-80.58397972506364
-46.13619331370343
-76.59849757649374
-57.454060345165004
-54.35375325892356
-45.047512120549385
-53.8784317159551
-63.08078488166999
-55.96426063124104
-72.89301880430273
-98.37593618841322
-75.29967862444063
-39.15047770246657
-104.9621814644978
-135.61997718372905
-128.3129175807341
-61.006611315181694
-93.96039352534153
-166.86671251863046
-102.83732023021818
-154.96431646574837
-52.45005256111468
-124.06279891568869
-79.61815397045892
-117.15200388326411
-74.57466881226608
-85.01931696489547
-112.00645087550934
-125.73117120301582
-107.971398396114
-60.397082238817546
-79.33747445951272
-71.4904270200395
-79.57761159055875
-55.09892221506342
-54.93256069665708
-140.88900723983755
-39.92684405481308
-70.47905453955042
-95.76577334120215
-56.7244758159015
-34.593187416582566
-61.30036044443755
-48.23811127332597
-37.29063116863587
-33.72686925728584
-31.93836525951707
-44.360451934392074
-43.6240399170111
-44.906878324159266
-71.65329391132036
-45.63901986518028
-18.459124812472027
-43.229805118769875
-29.716420560564046
-74.48305304226761
-80.94790162055185
-46.01184268822434
-49.03210770060937
-41.63250111305213
-23.38582347073266
-69.0640298047685
-50.23719398626042
-40.54802767180723
-60.20336087958956
-24.26714130031506
-56.91912177538991
-31.273229461148702
-22.340607691761875
-40.05321578174208
-49.58694378972421
-81.31730124876454
-34.5458863998375
-101.94285197715513
-29.756688845183945
-36.54913041373838
-79.05217307454281
-31.624661075554343
-23.127992087234645
-55.08732973423663
2.984412832818407
-0.586185825546437
-83.21344113071967
7.1113951539124685
-55.6988708048427
-36.30073135684531
-62.22956436794475
-34.47119689420319
-89.05726498196691
-11.424525076720414
-71.41642189512822
-26.981829080135654
-11.345340243137102
-31.87822462760684
-9.368048766225158
-27.131505935280273
-11.809017683347761
-8.011088120151115
4.022844746305722
7.563163707591144
-25.842712009074475
17.41459707173945
31.71043647120169
-62.97242077557767
-5.842010866489389
-16.835375414772244
2.074992132743958
-24.375993420929362
-12.052703055482937
-0.7482454521313855
-8.495769520069445
17.08992502532371
4.336149935664579
-4.272940760076665
-5.59593638500435
-37.88534455307145
-19.535988927710363
-11.98229405642401
-7.394224815475866
-10.298392691071882
22.672216436425032
-10.970262786814303
24.273524906476666
-1.3409730429357722
-3.822510755021696
-16.761400322399425
-46.142870174167555
-6.924453654021903
-36.290479198113395
-3.433875403378707
-20.5971965993852
30.629273396939425
-5.533306824270497
10.37999849658516
-6.923286774357393
3.179449494673605
30.008197758204147
-3.535870066898866
13.239711624094554
23.13432544286836
-9.407078117231038
-6.0277242415505725
-21.765482219761424
-17.273876786818377
-32.00867847284756
-13.219958057674674
6.135724035535489
-4.405011206085561
-2.6418767859629213
-21.0478110179274
9.30747355276165
-16.791575371063786
-7.9666432725155545
-13.78869338103631
25.22844081316761
36.516504955808955
-16.073827021491226
27.456005587336733
-10.047555133095216
-18.67216851755235
5.33593991261138
20.265826458992066
40.27762787007444
-2.6680193518343884
-3.5138748208806447
-9.230721855072034
-0.9125670959802648
221.98021740835316
6.910103309964057
18.32628925158518
-14.964050762669899
12.077459175022454
26.301877808041027
0.4473778090717957
4.756363243224982
12.16840028049829
8.530407488995465
-8.582802943783278
17.08490641564029
-18.886082213515934
-11.783242019062484
-30.002768620060763
-1.1993303832809232
-9.815124451149828
227.03093560658468
-0.345544241522191
8.231516494366758
20.145985951620318
-7.466077732405097
15.99898672714373
28.10610741778001
-15.45141264319274
22.58790523375734
13.974904200505293
28.775938988979078
-8.685685459587717
206.89448376088933
6.717360170806245
42.72330510660532
1.4010028724139545
11.508917404612447
-27.888929394411917
13.216924493744884
266.9574160431733
2.178536204319059
20.521348495897612
1.8805499244284647
13.964180062567522
33.76147927807395
235.21874247938717
18.145341422339527
8.366164998806823
28.38079182784358
21.36870216088913
16.598500038865964
24.38550718492941
8.209190901044579
15.186214826535348
37.90567260291979
16.273746640645783
-15.087024345909981
39.37534940279326
34.09988078228042
14.994189846831617
10.801020871370795
40.86459335348883
22.475808930055194
5.511531415578489
39.11758474855063
14.01588366330327
34.115244602886804
230.18925973164883
45.32577455234778
20.82901528887399
29.2564213778835
-3.681379452680744
-5.3862442528563435
9.324904663895865
24.659081253495444
33.14456272778867
5.811367737997742
248.11855302223424
29.905974377335667
7.019609521829281
21.472116235733722
17.745344345123826
27.817441856754854
19.47742797713623
-9.561182657892616
53.55523767629663
242.49377606730383
11.461780769977082
-8.400949483009896
8.485872470686232
11.77401935780479
53.86304099407397
37.35995682143502
22.460776018809838
19.062857762005194
23.036390736686116
43.8814600627033
36.425334561584236
42.234657155709726
193.73313102738177
57.95862506389312
31.250422377565343
258.29615423658925
31.262121145230452
49.862475554206895
242.7827269212584
25.11890189107426
36.18524177918272
21.28897445240814
46.53464555617708
34.03875423344002
49.27246018745663
39.993003893902255
-30.643596002320393
0.6607270790419051
27.560186131052077
18.50399340385897
24.448314181424195
-5.980350746573379
5.21715693332186
28.732084053344465
58.442237866999136
64.97670030904555
20.364164055510926
21.251106906625097
30.434826062787323
21.873498780423134
299.7467780829772
23.32815991450832
24.439530385185037
257.46456525201165
65.05936543800922
25.48372362663821
37.42806877706798
252.71373917728297
31.374936427446215
281.24502893517774
66.21231639477514
36.234558079076095
249.95805961984155
32.999879894902875
21.44917724943231
156.51338149509155
256.560502111305
19.172180589607777
200.71870736691284
238.39866981658744
52.88096058490697
47.725425131596126
18.975781438628502
52.81380352849459
20.034422237109723
295.7903594123926
279.56168347203857
39.22300998637584
135.54188236308093
246.5439874954699
16.69733273917464
134.60762338667288
59.0127817280713
-4.205135288442676
12.049947093959702
19.62969406150924
120.91983044241185
275.2909703554875
70.91813457050628
33.483189096134225
155.8618753720252
129.30847181100648
280.69549096420894
14.82894614936015
155.36170720653848
127.24668067119669
159.37133896643596
121.68250190354127
124.77939631456034
33.4365246146198
28.6789407197123
265.55051474748853
141.02801518097587
4.121987275339592
43.767429620308974
160.29391001453746
262.6996777259279
167.93624076130382
234.42441075473224
264.9619999132691
-0.5387290540226815
257.7925991548713
227.72526174010233
263.0174647020523
244.12787511915872
232.9252822548648
244.99318239143858
236.19198360162292
261.31619217888766
227.93370671547308
133.6092990356344
110.9234995246072
167.8164865957794
257.3342941693331
35.91111899707417
33.6556424482923
50.74993179262836
144.2131370156229
122.50765533668526
11.456710428651476
24.185612213462235
94.18148777239102
19.00773917839551
29.467387286248652
264.05290853644834
166.18759243261024
24.694920451865386
114.9969223576396
124.4180410449388
210.24145544529074
258.08550323730196
26.818273443719846
38.18351754241729
126.27027864407003
234.46222395334573
241.01905647312398
223.76531495701352
149.537675677955
139.39788435501455
37.372885376537454
5.44348499028095
133.43977103434767
49.30666304307118
247.76777427527216
248.50049782651234
52.404664878371904
100.00302415621162
237.87810791481004
162.77722075066356
251.4952308092837
128.09527200705685
247.71166081072553
248.15408676116112
250.1668124408972
133.92465179002807
6.598698349187188
173.78287580770754
240.8716700727223
245.74543786055773
237.15198217049365
267.91540012105713
127.60899771709565
164.07681021459447
58.42023797320735
238.56059241627275
25.547409357884703
146.89430680959316
208.67055061093927
219.1314289043214
211.6449860820901
139.71109843862635
16.707916911855094
98.59031767766687
255.050333573005
254.33631347037885
107.39993885734131
230.67714223099364
255.61679851614076
122.89873900179192
269.1467832877088
35.28223768503713
95.0243008367199
138.92299186989334
216.07211656367474
17.844177017671498
165.67305732781728
244.79212971419182
256.9526842152576
251.2755450047866
220.10015443929203
206.82075751929506
222.5878097868851
227.28255858756785
216.24441079667127
182.68260685353988
246.48395430589537
201.69312912922902
212.88120069190967
211.6868062268228
236.87843065550368
219.34416685090906
253.78991188256433
242.2313826731752
102.57377604803835
209.23808819745048
236.69117665113907
44.06272755859271
197.84172515610513
241.2738509827603
138.89763464097663
251.0988103036697
212.00476207576742
259.83006242094547
234.61946679408643
197.77018724002556
121.86071237069038
116.77353107870903
259.4392383154937
250.61242683730262
138.54180520558708
149.26800365841714
262.8276634851768
191.99469274828715
164.215717391176
217.18583060075525
273.68420003038375
230.60064938691838
227.71978391931776
202.76856346880376
242.0452782660112
202.88464732031372
210.08898111709567
235.32486034217897
225.5375995029163
259.44652693924684
205.21755630089814
108.2434130358258
228.8880138958952
101.1422874671505
122.57150416509806
126.23831996604412
229.34419329147687
191.45862887705252
261.11470388621433
154.76523461068984
103.61761333417587
107.50733172185626
117.90121954746647
135.75829257936164
256.679661026462
123.46222702794101
240.21529681523774
161.32846188614909
283.6397570833291
139.95992669973992
151.2015720504693
258.7370193893586
229.1184082283355
215.65225165618443
219.4206620447781
40.764378570092276
136.20603270433435
165.5507550335905
220.31062796256708
107.20599541069099
276.51231426086974
124.57713595293966
278.2816377733881
30.01014572860177
261.19630688273924
98.83831877427856
141.40591950978543
145.02421786137424
101.38280899373802
138.6467311214205
6.392296642042112
157.91278654007488
134.17971720972344
259.443302950585
210.2334269596093
19.759985951976418
232.3817960555807
109.83981785671313
86.11168952364505
239.96470342997057
212.80854030753414
191.6568546855642
136.97500560923683
160.841779813729
273.8681432518131
104.20362598735659
240.03382837310312
154.07258784054196
282.2584204043791
117.77626620124835
272.1085383485537
141.31308969442526
229.64953839675962
132.35427968020556
150.68240017577358
87.81767391141308
135.79114276948886
209.252916549916
258.77131190008583
242.53285617349817
230.63118256595152
224.43497284643664
204.8784822216261
131.3927299140443
247.09245706942997
282.6996644201366
104.6821121387752
156.86215959457346
150.64834704418212
149.8160595486212
276.40584415246263
147.73356516168843
253.93591768826258
258.1669961385371
118.71173421115367
21.5402999567616
135.6390466934662
147.39846076959742
119.98623883514402
254.0526661017363
285.3273655722487
243.20679602312353
275.78437052311483
201.13440447866105
243.04302469501172
218.0650452867627
229.1754376482984
36.77906422389816
252.2551500229921
121.08264837171146
212.38932678820288
234.86765942165903
286.89814628778424
117.81143063451265
254.86722932123797
294.38435137257824
99.47738772566034
211.7490973063313
29.07342560542594
239.85364848266494
105.91064030728084
254.60055358742065
104.76147427465584
117.72755032401257
227.5694009190697
156.3815582571705
249.17037891045243
217.80084942509032
33.07976945556061
121.31040374518581
258.50634168233364
92.96207637679316
225.534727038269
126.0740233470281
191.04779163236918
153.7733816786499
148.3018432721954
216.03915731449337
79.05896794912823
142.91002500573344
109.0126637664318
158.15041165709357
110.44421899787228
83.33364629606824
127.50442083994517
230.8942995395338
219.03372217789746
237.29391918146692
155.25148541824296
120.80232245617657
208.77332673457573
258.92017233165654
225.58668610560963
232.1948110113957
118.44247071694969
264.0573585310044
258.15643895576045
250.88622517964498
281.49962078181613
106.44053182777368
110.73262481703694
123.84006046491805
115.54388807111556
92.65817684122612
27.521095324270533
246.82020787145746
150.24250351578604
241.3244345020979
108.01236805518494
100.63793877454549
240.16484715391184
131.4294732560656
229.86289118768747
162.16949292649986
135.87697199985845
130.61617041781864
59.10097298154176
105.50401778513968
107.24418344414795
153.08549589895367
154.6627290531786
102.13463692867623
249.68500577767531
115.25518160176803
247.63849747301037
102.51236044350831
222.11840129773154
281.84732210994827
249.79622186367476
138.98433884618933
257.71040685636115
208.38910213526577
111.93697622944308
209.63387501705574
241.34628941648904
201.9760950036724
246.5736973165884
132.02992352493288
209.13430194478545
56.046110449151854
84.44343649808177
213.0850147688039
260.3755321203731
128.36083749774915
264.0662610459208
202.25139069231682
215.80841613056336
232.47443303383633
85.71563258603959
249.4572491283228
245.05688938135927
40.65339700745065
214.00812402499722
251.87356490804916
261.60757859479116
273.0279297287828
81.78655678741622
37.06081850123638
235.69852904187408
