-215.5654826984227
-1148.2749861752652
-117.47419676772344
-191.56798842377418
-117.82018290970957
-135.70646337917543
-393.76715180705645
-148.75155735924585
-292.48246052125546
-474.12787049626604
-609.1276244757605
-656.7476407155655
-724.1041486076625
-184.98996704927492
-693.9063913743204
-516.2584517158623
-729.8716471035643
-517.0215335519077
-420.9062529081538
-392.9029155651316
-404.84932643676797
-462.926071718257
-717.9939060663891
-688.3797014268414
-517.0484097753063
-796.2649464891647
-573.6085286283286
-465.60440887639186
-585.549352473406
-645.3325092358502
-651.9033853341836
-323.52316031759005
-492.73652430087265
-415.3222028808715
-611.0435456744465
-396.879548408102
-758.1883422349388
-632.8767756108421
-578.9146021183437
-518.0831818775664
-436.83671293953114
-464.9896253807009
-624.6648544900777
-453.87080542071493
-118.75974217285501
-155.10521117234822
-237.95117822655777
-158.26933051793188
-179.27674426832382
-179.0136531806117
-162.15512799250394
-110.2136944749399
-118.06469530868917
-171.04048678989244
-123.00084100053795
-154.60762898314658
-106.42637552262418
-121.84025464726133
-146.93355571829107
-151.1186757912323
-107.89775222359188
-173.25063394028106
-139.156363323184
-141.11461212609657
-144.18175177407434
-130.58758461558517
-143.87850385301783
-144.82916721928055
-145.5347662210182
-151.23876787681456
-118.6307099856771
-216.00027566662496
-118.99077650395012
-188.60403977381907
-145.16997947840028
-159.2990913212558
-363.1725270334613
-483.2417493721073
-332.2955756133042
-296.76591645230076
-277.91629264490246
-261.42573661276197
-282.48709567468086
-263.0963274214314
-844.1982666176424
-907.8287710580164
-283.5985078741321
-700.3314397790383
-654.9641321405616
-694.7444641228906
-713.6074637282813
-386.4316676792798
-117.28833112471659
-422.69320284997616
-134.29006756975414
-113.53569961738978
-228.0484743089106
-172.96183399667586
-146.96901724436646
-170.5709347225253
-429.51291281531275
-393.76186794452815
-471.4170823074639
-376.67311310683493
-280.66647722286643
-311.5491641436819
-302.5414791699393
-297.78376014397367
-31.61369454925213
-341.0344767050226
-285.1402404950011
-380.3630828489722
-274.197220269659
-236.36210011969112
-240.46301142457216
-232.07075800700642
-207.53484241603363
-343.5711169406188
-100.57375958442647
-182.23779334730114
-89.57651107214467
-115.45897139856699
-147.4115646707637
-119.76443944035651
-131.7124499369229
-149.02783162692714
-41.76774431599841
-116.18679367093759
-81.9811739635293
-150.05241735879648
-167.97519138146572
-153.95471409683455
-165.30981382498652
-154.49684076430782
-139.15389667377343
-165.39830280149826
-154.06611100866706
-169.97871140074693
-310.6863900516455
-290.48001276985144
-165.12333887112078
-154.7130380577997
-145.72223470847985
-264.2782213752356
-305.347641719139
-231.23873450978303
-269.05242131425194
-354.82485829199527
-209.3257629158516
-361.721219278038
-326.00217266898744
-575.0811803731326
-347.29014261230446
-260.5184597551656
-752.3006818246008
-659.5472798937004
-834.8798266016508
-732.3264212772206
-614.881801866365
-577.1760581649426
-502.4100104720877
-319.18301564142826
-890.2636234176199
-380.586852894011
-584.2086392737446
-438.2021281318403
-247.91660651406332
-615.9318628452161
-523.1546376755618
-486.7050849081155
-257.25815122212157
-275.9838154485102
-260.98063084282336
-308.55600692270036
-256.8912972835161
-309.4568517803018
-10.59186717068441
-178.39185962425498
-138.59032150205488
-150.27681011353923
-135.341080455223
-137.41575494635836
-133.41794388015023
-133.67364962969162
-119.65510176365832
-133.79335558149768
-96.97915315455379
-117.57139215589733
-104.57128225360047
-108.48057891947305
-175.36677926978064
-97.73318933681992
-120.15860881748888
-127.68111319572674
-131.49323543262472
-140.66680565605435
-108.22073752366013
-151.08603511166035
-145.26306147056854
-138.31152812359494
-121.61837797223879
-117.68932918991982
-131.65307102629333
-145.93008574507985
-133.35375119507927
-114.97537645739291
-106.66018369252208
-118.39391660217878
-121.70716383836708
-132.41834942982643
-101.64844837816663
-88.92169535427125
-135.70144896617117
-120.55082727010819
-131.18410828009496
-140.77053825687548
-127.5455195587792
-105.24039644301146
-113.30507755952655
-111.65494889094465
-105.73213467131866
-115.57456603055822
-148.11771887409287
-117.93161536504026
-127.22906228501489
-139.49463440954634
-116.95429199528932
-96.5490524462563
-128.2484444780792
-125.74673619305628
-110.621964738698
-123.50737277510405
-109.92686875145405
-122.09033897016823
-96.62336261702872
-109.62473908742821
-123.31526263050948
-101.48262706105928
-112.26159861181621
-117.84881014111713
-101.88566023827109
-112.63672784282126
-126.25082133497656
-126.99674813809605
-104.05635347192268
-136.04976408646309
-100.25980627727779
-113.29308332739897
-119.54571658499812
-120.43709060629266
-117.75483699038669
-114.9538305720946
-107.47121070153439
-120.30139553361526
-110.28363636777205
-109.25057302183133
-116.49578681913232
-123.7312870964762
-118.7209100688142
-116.85950118330787
-114.5106525222933
-104.19847185916035
-132.7506862313654
-93.19435159633433
-84.12163657524785
-107.99031015902271
-113.67029345805345
-107.53124167499747
-92.57858209360931
-114.68700477043973
-110.68662724284421
-114.78385983425817
-124.30463970231031
-95.33871878613316
-129.2558933966341
-118.43752372618047
-122.77666444675907
-134.68007968786992
-157.35458084576436
-125.28816649028224
-112.49188168815085
-100.6588051330598
-129.2717720708898
-122.62146183686558
-115.83052153625769
-130.29924822757994
-108.23332496428101
-119.51613159209276
-98.57522357072328
-105.27994243750837
-116.79474739202011
-108.01702465863212
-146.85561038107255
-115.81114522880462
-114.7351902473459
-118.32944314252134
-126.03489769629793
-93.00376718489453
-100.9585155098695
-125.09111267532549
-141.09189995389312
-140.88064903719197
-111.65246504942044
-95.64593385997505
-108.43373181552742
-134.03761206832775
-113.70536580833011
-121.04789368839332
-131.76460813878293
-135.46040235721998
-116.62736606876219
-118.94983029997354
-126.86639367490262
-118.04078123786158
-106.36125317076171
-119.73482617912795
-133.47217199511985
-125.29491048425507
-130.24690641770488
-104.53735585301055
-130.2138423580367
-119.18559983705242
-121.9651918713855
-123.27863820211759
-110.66669495982092
-117.28749293876064
-96.60269559361512
-115.02191178009124
-112.30847847312538
-131.21041220645
-118.98190258980009
-105.60436857997155
-134.33526973870718
-124.70208912112756
-174.69741621270856
-118.12822903155939
-111.20975817578977
-110.85543286852591
-119.53490998572093
-116.13966365529521
-97.67803513202495
-117.02899064246773
-127.44473581290497
-122.14417264143736
-103.80587340815332
-148.3022461954788
-125.49407456662696
-109.8760053247428
-134.70640194009292
-137.72877154568738
-106.13702992889037
-111.993378042996
-119.84893991609235
-142.7041869292176
-112.9613206113421
-122.66735663145718
-126.61108799088198
-110.20010979312511
-107.96724069901047
-97.84682980712701
-139.60205970903917
-132.50073517336148
-128.77992016619805
-107.5197265108445
-123.94419325542009
-121.0778870724304
-118.53598725764039
-136.10491020712817
-151.5241795159645
-144.1115220713686
-102.54263454615068
-107.75011136266662
-137.08829573057142
-130.60728436465027
-112.60040691112543
-130.22225812925768
-112.5142468585875
-114.19697575493237
-99.77473022285727
-91.05897757412858
-116.86217717156333
-121.43862379336204
-122.60691784421351
-108.61383666726618
-97.52174654035221
-104.29878299203183
-107.7910167496442
-137.1642272755247
-111.7651048208637
-136.30518925994508
-114.60529007793231
-152.4430628912291
-119.38722499816426
-134.639012514647
-143.28029505859735
-113.80085842813229
-123.41230617573605
-115.80419347035694
-107.21566917436265
-113.72580688617798
-135.58284220354994
-117.65010077804875
-136.01739603326268
-136.10134839711307
-120.96057219249717
-125.25301700019614
-130.2828769303738
-130.93619832259117
-117.21958877920963
-146.31733142527136
-126.47999898356534
-124.14481991772455
-105.79896958195562
-120.87933115122878
-121.24593909457194
-112.5857496136014
-125.15182013867435
-107.91008772980759
-119.26258106623101
-113.82541877256469
-103.96931899507823
-127.57021122509184
-113.96810664549987
-170.6446999865489
-124.85888403965687
-124.00282199119593
-100.2212343673953
-128.99101155109406
-102.61010107804076
-153.8735229756337
-117.27082053957353
-104.54944917336138
-133.05494621842604
-155.01510924155758
-117.88539058727693
-104.5567518055688
-114.0554828700609
-117.29376327598877
-127.2767669056897
-132.93357252989196
-110.71659669913896
-147.3096008578495
-131.5950877859845
-128.8526801670313
-107.24382752596364
-111.92027026131393
-130.8012663078268
-121.57984756371114
-113.82815643194692
-125.51219693444975
-85.92188922585372
-130.44732062035794
-122.77372652669533
-110.82895277296564
-99.52896308727085
-106.71074889160987
-84.35665329068264
-110.40539538624105
-108.15399152323228
-103.73806067026334
-127.61556425421476
-134.83534272881295
-73.1142916009735
-113.98015069651699
-108.95183736928716
-103.67184968950885
-79.52838367401583
-137.11910254784567
-99.18776366133648
-113.39298057609432
-107.9894700787518
-111.51811717025413
-120.65483929029762
-88.62458179849882
-152.5572354644708
-92.26256103179173
-120.2322796931008
-131.15156446831824
-108.9221595773276
-66.08461601683268
-101.62862790051538
-97.2746760761308
-122.79665297031887
-99.81813770025515
-71.6147645403291
-139.36689192493475
-48.134332454539305
-107.58415593681735
-91.08143675581933
-62.364527125530856
-72.50472895172305
-81.35003000474858
-102.35733116824935
-88.42543034216015
-68.91235554839129
-68.94162288321101
-120.07109291011965
-70.00170674006176
-110.27159493839953
-80.1835143260888
-112.24934881559365
-110.88064885783587
-83.28877503472705
-89.69422066391427
-103.58246217414181
-116.64718747465395
-128.1498485493193
-109.48336505559683
-99.95000938837414
-126.58033078121899
-101.54386902426715
-66.62738408201878
-79.20378996721067
-133.91269171729869
-66.53102209401692
-81.31197136209065
-88.5043646586318
-105.25282704599188
-66.63966791626264
-131.4312656148874
-79.53501108656097
-73.43834481687777
-55.839037095356645
-93.64615441753486
-120.74423267759029
-99.84982873875992
-69.30460745294405
-47.69184847428154
-90.30179857831266
-62.03837163408794
-86.42304221267388
-59.13551194415679
-125.66535419659732
-115.59712187915089
-82.16749610583625
-58.28283148596598
-72.95128452657937
-100.36961013664346
-23.581599844926643
-53.339277569594486
-66.70665843235847
-62.3266184398116
-47.18074596853299
-64.2784642032938
-72.60188786120023
-85.42939034164145
-111.53787206546045
-104.55813410711362
-47.016171678314336
-63.24057818572288
-101.82725769191407
-69.28898978494338
-67.89628917938
-68.37930304610678
-73.99568552850172
-45.32448553341825
-54.34550295671795
-24.98200436221741
-31.79604496559338
-37.64003190114416
-60.89277460401699
-94.33719586598286
-80.82047240487046
-92.5195517932253
-84.59496823638135
-69.71842307345987
-64.37623588153504
-53.85670132004532
-100.30145439994045
-102.95146347941157
-27.6763899308404
-72.62377435078403
-44.456047028037474
-28.193676843583475
-89.54260652978826
-87.70431338623841
-71.03035944490253
-88.57785247981205
-34.98115702144466
-83.48391729803234
-37.26259042962339
-56.98902130251396
-22.22169543306829
-68.33925420870844
-46.8582102539068
-30.521525727267274
-61.55862029319738
-0.9742744666101117
-20.239616619101014
-27.41441329447308
-6.9850456956437625
-50.37300589342415
-69.3921798087182
-27.66987909762257
-32.97703391927611
-76.50902092014702
-38.203909921873645
13.666559353713325
-47.058291898328314
14.371089876799061
-64.2563497965438
-18.595337992284897
-50.73288565787462
-8.213947953412571
-11.15652950187858
-45.45738506090109
-7.605277685520406
-83.26926416855927
-50.17318868425605
-60.51620005859002
-26.587291883061724
-52.4131482808756
3.9207395269303476
-29.140173573003025
-48.6377519382598
-22.858228236916418
-57.040294631930024
-90.21267751830366
-39.46871926918707
-6.075781243860703
-13.494467175511645
-29.395337966618243
-18.953021504898786
-24.31565469513204
6.241645061807276
-47.29985718423603
-62.20627434784884
-69.2660949314922
-78.25774277840392
-29.045991329094946
-38.01912378467903
-60.085346861435085
-21.31485356215397
-56.905842199190694
-51.59519341837739
-71.2215652523044
-42.09759339032753
-48.20703754763557
-56.214294088109284
-44.715942682302654
-65.2105391106162
-20.62126126769118
-25.642380982190232
-33.702003201329916
-39.73420165988789
-72.82746279860706
-53.91403351037558
4.216131900630643
-50.014735057143675
-84.285731392978
-65.0887788943302
-90.29634544405425
-59.65043134149143
-73.47020260678241
1.8919294526884158
-61.63970357099919
-96.1608526778179
-16.869146576320816
-48.62391079925688
-40.00843670760338
-36.88732928221394
-45.13806435763314
20.35061822147493
-50.54431068726182
-38.795394693973435
-50.71316876629915
-56.60377949502642
-82.00789687367369
7.034084971017251
-49.96155115893216
1.8617133104448982
-33.59904020171432
-28.62430732208108
-60.89969240081584
-34.31017533751711
-45.29044550829182
-51.085843841490494
-5.6074349322304755
-51.25562378607204
-18.62471066080225
-45.96833423971426
-49.499357177015824
3.6945040885270544
-15.485517727999962
-20.203486430083416
-51.11159324751836
-54.07559256315284
-62.56845359157049
-48.41984947930309
-33.71885602135143
-45.27402569543099
-69.18740613042533
-30.614293156223567
-38.28973928026684
13.283971422814844
-16.738737791273692
-31.563845158599037
-28.28703688709264
-54.21900041701108
-71.05669261965646
13.161199001831946
11.279771068750506
-55.78829016604127
-67.37391130495843
-22.334764712370088
-73.04859493585434
-66.62075665565591
-70.1376394033552
-59.57274315262348
12.473620283943305
-4.2640991480164985
-51.025868800109585
37.03458983119745
-67.81798517936122
-13.581039327203811
-23.120846402430615
-52.25951201357703
-35.8682168450314
-0.665804157226134
-61.79807665925371
14.182670743108176
-26.935437454566312
-16.373956328481256
-60.664701180469315
-63.16371705021008
-51.767351980145925
-36.63729380220285
-54.7645335064939
-51.512916708112
24.948544809828235
-49.94807269893655
-40.144578723625415
-16.20465020822307
-2.756742211850053
-1.170360840181047
-50.43059571101916
-10.37575849035106
-47.476647760920216
-5.462998503352864
-20.058276120089005
-30.355725075425724
-56.22339892051468
-26.89297433144074
-18.91452980201251
-65.28200919742571
-47.10468244652985
-53.525558863388554
3.2671496343082254
-44.53352622743523
-59.37686507838523
-17.70242660243099
-73.71484111396018
10.297978832924542
-40.89369185078699
10.028288843797739
17.683482177982825
14.770669065177572
-45.187875838212406
3.0125615988104784
-4.536778701123495
15.85209367274095
-8.588182775593893
-15.029394726447379
-58.724745313306485
-75.57209417193559
2.135813921310401
26.29535038196451
-6.742842025675145
-28.804042248446294
-24.859834554675047
-33.44813937045048
7.73879244894502
-36.8801449818867
-58.9793469977011
-38.94295508751355
-40.3386956873217
-24.597911991256083
-17.040939262338668
-1.162948230104675
8.26008139824313
-53.54329268412344
-13.636071751186947
-62.50096421704769
-15.908575866960206
-70.51495009447893
9.871183698862353
3.512463034080099
-39.7674169581287
2.917259760797023
-52.45418249130018
-0.43122549551729605
-52.60417482506427
25.372636677932817
-22.63199164623215
-8.351457916076185
43.95448502483305
-36.09169013354367
-26.302167661780047
-9.286729787007545
-0.5238806790311088
-48.21773372108992
10.593345485349843
-46.70023941202687
-53.30467339060603
3.141609908698314
-9.69682971342749
19.507437144577096
9.417931372372308
-9.746440938575603
34.467914523031624
-62.28398665827695
-0.6789196679924316
-48.776697205841465
-11.902128872078748
-11.31226968791205
-1.9343041116483022
44.49285864391439
-8.812709689758293
40.01775671905665
-40.093760699569145
22.449829983356352
-43.03674252117493
7.581401651335824
-55.58322057139848
-0.36765153542938833
-17.70244397896292
13.727407157113518
-17.467986847825998
36.49415498992482
-48.54189916732916
26.909047819341126
-40.63028861902663
42.81249818238254
12.357036505311854
-0.8273289063597105
-38.63762150157988
276.4311123491535
-38.48986730254107
-3.093569060044615
-25.149022831158106
-38.68023096316556
23.53761094898239
6.738327176678638
-8.464398234981346
8.344307256833332
16.57144679248637
-48.65951093651556
30.07675829964478
-65.26909583625684
-42.788476335916926
29.061460400521753
-80.23909490950798
-27.59781617170897
-13.930685778812887
-8.14834001190303
-46.6773742516594
-70.92117465950233
14.605784602294605
-22.12350433374783
-17.33008344978255
-54.40648309525433
-41.52601033508255
-2.0971229874584054
3.6691833873833986
29.977321104350068
9.923047952442872
45.14047629950571
3.897419593751266
-41.36212751041585
22.02202083290382
-49.19999845220003
37.245267158414805
117.79853742997499
35.69923622796259
-8.193336007506801
-24.444475680387825
-58.166388359897034
-4.301818274064146
-18.657966817859915
15.865702147385278
23.868181485858045
-35.298470596587606
-17.554551937289688
32.77249404462313
8.222448027223635
27.508585221508255
42.1124471070097
-4.923196419243794
-54.50365448109182
23.11971359628329
-30.731748602771816
-47.502917417256626
24.332553248102272
35.864014499893415
-38.32185338396682
46.0274623353622
19.35422960796403
35.4740285721426
243.39319134153212
44.6911920022408
25.22572422652361
2.2812100235389465
-36.29295857098464
17.739183850988297
-43.39298014113732
43.61068297768756
15.324115202872903
13.246615993202198
8.664480315724944
-9.813743235940692
2.96020409263177
43.5865782014144
11.729066159042105
267.5246995638254
-22.880696131052062
-46.08179543331879
-26.757958004568195
18.30540265683088
-2.0221087022783166
49.84178952241112
-36.40258408824493
-32.014221827273886
-23.74929549226013
-42.12149202263949
5.056157661690776
248.62001614956543
21.06821458119684
40.56008126600855
-74.66429484099496
-37.051288574959926
28.088535517491522
-29.924724041002847
20.93601593410368
30.647827073694998
16.578845912370568
254.9259528822593
42.90957277444997
22.534574286655342
-38.825034552827844
33.42083635581204
-22.56539282792282
22.96960059653395
-21.600699299779663
-48.184303008026944
13.385462004241944
51.25509820797592
-48.80593162309505
251.4939293324278
-46.99641415490239
-28.59181739360838
-31.69263646958923
2.9656894987566744
-43.28267957515209
8.652508175052262
-19.651734624125638
46.658866536559
16.67879197655988
-62.275769938579494
-57.75330392233704
-3.9946710827729817
4.17515287923591
-124.36060341891587
-52.810060693307946
-45.66387996944528
31.614417440201493
40.19856488267348
1.023709940159307
-16.377246648626794
-9.690562690540787
45.69955640631517
-31.236879029088712
-42.10809269125448
15.656516773372473
-18.950515769039413
36.68693557682968
-55.70982800222881
-1.87978329222652
-16.75256718738447
22.054701811015534
-127.4912414932199
10.641274653415465
-39.89649413049756
-1.600801279218146
12.65519100361361
252.98911893654065
257.93779897902635
-11.284862701190391
35.2698633707017
278.8079123423409
-14.867179266283713
-44.7046594221017
-42.55549677081772
258.7133705158308
24.91154778439511
29.750363286205186
-31.600435980701207
-4.546651428058809
22.658913346141276
-14.799812911266926
-41.12220983451945
-30.33230789499204
11.438754150991087
-24.179144333257156
26.419261874967134
55.846771971581774
-32.24042734171195
20.778484582039994
-27.80224419007199
-27.53823081160195
-1.9298167651819398
23.04384454757674
-19.263895021849436
-28.403709142681677
-11.206848936372964
-46.04402016936261
-14.769745514552085
-38.31764688455142
-20.906694686768375
257.9102082606301
-14.318285379866992
-12.944782182140557
41.79081677586129
-30.191171034457255
12.796199548159649
-12.253863096014683
-20.856183282316366
32.690191274320966
14.673177738334104
-20.279696868295147
7.851117710857679
63.69521078921005
40.741455810165064
13.320529045595052
21.64355398819181
2.430106354188567
19.94916216866558
-21.447044221580853
45.101356747064955
38.2650839814558
-33.27981932542011
29.535244544992565
-29.40051116810588
-39.48319063647732
19.73648692783074
-204.44236579294972
-25.732684419211864
3.032246218068731
10.323756802294412
-14.412497167023986
48.29295734234046
-9.39028081324902
-2.433035590401815
-12.336989472433828
9.638641681694807
-3.0541162545669778
14.484101413112569
-10.290302084560565
265.68716857667005
249.17534967167998
30.013782202354918
-38.58627765175093
9.858501555748589
27.56754424682167
-21.708193304504988
-23.22169329496525
4.3655340655684824
-14.610433932811532
25.360947193029062
12.687037704923725
4.660293354343111
-73.41591065620972
26.429241421724456
219.1220915203619
22.05857865623858
23.837262460513145
39.999488937621805
27.801749319524163
24.333543172865333
241.87451207800817
19.05219802200692
36.44923005463565
25.19786139200791
50.02264413386146
55.22110761515677
211.12309237630524
31.474596179047126
198.7910849229526
71.63259175114553
246.42773701535003
199.02337598733635
-5.972205026370389
248.37915557486323
36.9736846631875
45.05645931105934
255.5954839633516
34.964362514133114
50.8269005699739
169.372380869959
26.99550227883853
38.816491927272295
5.961964208360058
35.98060951387899
-1.8755489345879681
3.4051960130876466
28.128419683033428
13.78961052285463
30.86597604009441
15.127475171421736
27.698404417362283
26.575201608710955
252.9005487241789
56.34866965284738
49.23383817743456
41.68685637031297
240.7755333706174
18.225183625693816
243.27792798931333
37.39603898675577
-11.505838660350491
235.45985053464264
35.70904480329963
219.07879163891818
219.1341786828865
204.69471455493274
37.54390506690069
214.12238125278503
23.024468095654242
-75.97026385441218
9.074083159402846
16.777529331153517
176.55325294250758
226.83621190447388
186.6864730232847
201.8680772942656
250.98352566627202
190.5120859964117
126.36227759800425
222.94108312292053
173.24391193295781
231.0477116140453
-25.509184073543437
219.99518738746627
245.6655503037078
201.19132836397347
6.803557514527043
192.13514161694323
201.40424794756265
233.48316423581906
129.04527639681538
213.73749455983835
191.80326432240784
220.0074104539873
259.6336440772086
249.4559234680666
-49.671644290771525
22.635789586373832
198.7783870012869
173.5595227552405
234.47150514049662
145.4195616158463
-8.8376450256428
2.1267848896577135
197.9386444250734
216.04834801553324
192.78404481301052
27.85272945060386
-27.743076901422086
226.79191516710455
20.41937191648603
4.309230990776484
219.3292989380914
257.3379653846813
207.76848881966578
23.672207148683995
177.52462119177363
19.048059830225384
212.0729843246711
219.4337334933108
169.65073110635427
35.694429378318375
209.64350457494294
223.93510137920993
245.91594060516687
250.69819191832224
271.5603313208991
266.1272643180961
113.41169218941715
-23.566747561337436
212.41667566697197
188.63624736120477
245.70263813278197
269.9762479943105
32.441661032203456
265.50514625669814
257.4259341386031
193.03341032161245
218.47773903490724
222.1536365836323
261.9522731439122
278.66251707912977
16.371558021509117
276.78709701141145
199.17948328860226
198.1429172571522
246.39686497684653
231.63997867347965
263.1573369817736
252.72148800738105
247.90129908771195
47.28257551128141
248.22380492389732
39.70953336743452
-32.48343762320518
249.19737321981785
224.48178108402323
252.09387601888923
243.1355660752513
237.88274427807588
274.68902910408934
249.54259671028177
282.7468633569955
243.862950800413
215.7188455482824
19.543280074633245
-9.420066941106072
-10.44359554924894
185.80382200279104
215.6717904492454
222.26991186913364
235.24897361350105
-17.592677381069223
10.565472441502948
-22.758142316062717
231.4905656748325
215.14135571059074
199.3320969151096
189.63308802308606
211.19725791545648
242.47423275009845
68.86517514480627
248.27919679988895
-7.463465959502841
205.57500875167278
294.3418069535493
52.59335691940231
165.869252766785
240.2809066269862
-3.3759307334929787
214.26857280162017
45.9484551907866
57.3701026806676
223.30974743296474
251.67931200066528
238.30006174930853
74.17549828459377
277.1893962429299
266.255513895895
185.58862214763133
255.43579792782108
228.88384357897422
218.7175074894779
179.63423523062826
241.8172958808201
241.4779511243824
267.7904368253961
171.44766858478746
248.19669220518938
294.50563289116945
210.98569361590972
236.89655262936085
234.1306488823077
217.79826113079332
207.89732184906114
207.29173016048622
233.12055506407893
189.74504952537183
256.6949082189608
133.0275943788026
180.17254593115047
255.39375224409005
214.94705318640095
22.856144871787635
246.90541654845546
293.62727890116287
248.76988040161524
46.82077958406654
264.3222624635785
235.81953478484365
286.1430886954497
258.27076110185317
195.59180851418085
262.04004690368583
223.36734935871507
225.2586055315815
202.6640570694638
259.6235413049342
272.0397297184868
214.947615466578
221.15396899737544
219.7757677213666
225.40306831941564
177.72192154099903
255.21959716894114
189.70727401234703
211.46945418738557
134.06787966998482
215.362744997373
235.85743095039228
238.40216579854248
1.5838059136647331
295.48517470386173
250.18205697661477
306.04886948512694
211.59696246275638
256.25590945903923
39.91874140052002
209.59864819182732
49.978345501107896
19.698272081631046
16.70158472330388
246.64945664397382
293.0640661800122
220.13610765632853
6.995693087655226
239.4411322925032
222.65662510994633
236.77579453652135
129.08712905866764
213.13213427572512
19.440642086465047
231.67792438031856
275.78659173785275
229.34830189254845
247.73919202249036
298.5299211981537
155.97214133458078
268.3125600176082
241.62328668758207
227.16487574317875
231.01398975311616
224.99779837139678
257.2096467030517
239.71245115129932
274.85338523131077
264.8214831606746
253.35564352660785
247.2538428229126
231.6086243741697
253.6538374632273
290.938975531967
244.52303911649003
300.8814854020475
259.133338118
270.1666809608315
240.9250319278123
157.28048355215387
213.49744213909435
237.65648267184656
196.2240158425165
251.9773660360957
27.659041414685703
151.78208107692626
193.5364609370195
142.69092391037455
207.912548840819
232.75304289280547
253.87647777890194
240.94792327185405
263.1492033741471
55.79816585821743
267.3915067860356
272.586187003635
235.4017727104701
288.27315569564473
240.41530525061287
243.39782732715815
227.84879023126808
283.91852872699104
218.65150627108582
217.02485653792058
285.5404723109856
233.9858339987369
158.41072436160982
199.42469351318863
241.3679554117114
205.89818809659613
206.3709762851075
262.4941481213967
262.6441375887399
225.18458778731656
239.41113930012858
157.39057228486004
264.27682892588325
266.2341443104557
247.53763422851264
241.35558612036047
127.84097360630169
134.7221821233359
13.828250027761243
224.00221988996063
257.85361193883875
137.19466841182458
263.6244264636472
218.05376396379114
232.67544051551147
266.40407955562017
263.18797454076827
251.28834269891743
270.8591173191561
255.24708970566857
262.75596264759537
27.277577438289484
200.59943471963007
245.0330221316459
248.189851168091
251.2741403462927
246.77495624516672
309.31864553887334
241.41401644628272
275.53388967525507
239.4139159505899
286.90921481047224
252.0336270180546
228.71208150239167
255.93672112157543
261.4827681661616
198.42140030193798
247.65429279502737
261.7980906269827
255.37380378036215
261.91744817088795
34.80140593947576
257.5331957865746
209.4655538032163
246.10927010974504
223.2124726143307
300.23221371137043
219.37836983130552
272.9733155327659
201.03316038397048
274.6239508210664
189.69647134339513
267.6132021471196
271.23034520085866
223.48879863666536
260.34663565778294
240.31585302754627
262.5179936297993
279.5878977206727
298.98432518532167
250.45445154992586
288.9493342177085
252.02045520725747
277.2646568760548
249.90336144536698
262.44119522864924
238.07430667508459
201.46063838012037
257.8110638198817
242.29705917505956
261.4983109840455
272.7045770411785
228.24379597004258
93.0144777770474
232.54929675246763
240.0066205214272
228.43743929328764
218.59901806943628
198.06706625246576
228.69125230275722
269.0694980684048
156.07591642442821
181.77181890014893
148.0995403417894
247.62365756991983
179.69073961287006
252.3816421988465
210.50044968134716
160.78723684003492
181.15551713133232
170.1184969108561
247.07674425283977
201.9520627040197
185.65471866826687
201.7916079970626
206.7160973639533
216.58217174917104
218.1455103606858
219.4527289029142
205.88439426692543
183.79588898021504
241.5380892278772
265.01310171038875
239.6857485886005
288.9399559594332
205.59767779546655
260.0920727135384
211.10650579335567
213.3567400995144
272.4743243489738
206.6318597917388
282.28332079914446
291.52875940546005
268.9799009833325
209.1173186517447
204.77481816462574
119.1427685234655
264.3148692299388
194.62630651251447
208.8499277925339
205.72326502137082
219.25878781509533
212.04735232733674
246.13617664718598
211.11531060289758
212.46892225193238
251.04361057599408
81.52900340907729
254.62682445883954
170.46756969859194
210.80404824405005
258.53527567651804
184.41328992814243
181.18232669297214
197.2036062619273
197.7669896937733
195.0622472721167
222.42293709743223
157.0789189914082
-44.84597565544413
185.4713021457962
196.2835542923835
219.30745419677206
232.06243553878505
248.39155634717702
229.7591109727121
284.631692921299
292.07111444911925
273.8766255592391
278.9466398529313
229.44835007508254
266.5721976127802
300.6407677530783
267.67641591336576
220.80139530519017
256.320170908318
260.38053720734274
209.00717782048042
301.86206250988715
239.60122952438252
184.84844035143357
264.1919006727635
189.4556048503198
244.46506534443685
217.16329863580353
165.78982952249555
189.45124202455003
221.01752073775768
190.00614091218586
262.1721098900135
180.56646004056182
206.98694437452477
103.93105332722749
226.85720072495886
270.8854787304124
209.6401753768448
256.6733202013545
179.6752105812634
136.1261693480325
183.87351694270805
183.26265504570227
217.27848334663037
251.06713525243094
262.07967302641475
178.87225345159789
220.21198931688122
223.1750104008874
250.6748491535782
229.2795944028185
191.98460891943435
267.5185373597829
211.5405770878818
179.52640182134604
171.66536773670944
243.0284270077359
198.09299433697345
210.2662909781983
197.49926782841467
248.43025595909015
208.37606870200216
218.5601963688593
192.65392697383356
285.41746800861927
291.42934490421015
262.9687499211366
257.07620880974457
253.21107286408352
142.4177105743246
223.43950412283243
168.1523794058855
219.8982256623952
186.5321305870305
-6.188561237158908
211.25766237714743
192.84422176177495
-60.834180366561455
-25.93688329614291
224.677750432028
-33.75267400489743
-27.601011965166705
232.56848022393933
-6.773940912028806
230.8274257060142
203.85276774499843
246.29889835715343
260.1135998697513
223.28068197184436
255.30615462855891
43.411242670461434
34.323834901099275
44.73288663157143
248.60856638845237
74.38781302712647
84.0503387499715
34.48384259796376
203.6270992680505
58.788597610557844
241.94843530919036
19.80387580490256
222.61149196243016
194.01831362582692
70.3938500541839
39.638277292676435
239.7624110109039
14.216687338673623
37.93624665136545
52.73863620803459
35.77676172372057
212.23177455347945
209.4921165595415
224.20349744915924
192.82529323427576
204.0229885376802
282.81023062888175
263.4919395357735
208.11271590786592
208.54646582089367
205.94152022119624
42.10069303389096
233.460209856772
227.04113226463232
232.1561996457102
216.36832635081583
55.01129828758971
187.69268158679174
207.03844787667794
240.23619584403994
273.14530939521774
216.44298303816956
255.4538110224992
252.27153016414223
46.371881433170955
255.4008520499273
189.42648803702122
248.06895149344078
55.237315590167896
119.45915777858188
174.9599980950379
197.52756538146394
239.3451755713865
268.7375347907023
287.26079614195976
276.95415970475693
33.1644882192945
39.42649676520199
257.03877748951453
225.29231790112885
256.8720847143094
198.68821755440155
187.93677746789575
261.6455279607488
249.01689797127915
225.08436084954212
170.2659985687379
228.039943703133
250.38874462438497
188.15633421322525
180.1961019323183
26.760694039243575
58.59365688237364
-11.390674188556957
0.1011423283096633
34.96876042188006
42.91370762585984
16.361285452368065
-18.396839890042315
-16.448566897308595
29.610627235690202
57.529887735241005
158.49138832481432
51.98819919141303
59.78092856286082
41.96288664098762
60.87230153109482
41.845997529430235
0.7142280074253478
33.011377819525364
-21.11022457697007
263.9847261843483
59.60662644637762
-77.18168490041322
214.67327177434885
284.03480881391357
318.64557530223306
278.6165873699656
265.85498925329307
-29.385080195583125
179.52043722690783
130.4583623471339
299.04181337925286
237.85738451955598
257.61204605996977
-46.785443054400815
-101.76262584794073
-26.07312957983315
17.963495197509687
-90.90181812926197
-162.12492209482872
-72.24110316829393
-36.369526600485116
2.4326151237180227
2.814588050431553
-95.4739954226972
-14.645387069285789
-58.13923056496957
-29.029803583736395
-27.937656223970947
-62.852508728030735
-12.101686178942089
-19.590145837502547
-81.88507310764938
-30.92048941714684
-59.62977992364688
-42.750640388333224
-20.343620669358444
-20.06823092898368
-54.02901591968172
-130.39367396101477
-17.90924304313792
-65.29815859028935
-128.27483372732226
-122.54118299413537
-40.907726291642
1.4029844768119943
-52.913877623089526
-19.46379672931971
-37.39781210183344
-26.663440424598136
-16.16167604723269
16.91396050657933
-55.868993395317986
-32.418460007481
-15.751240577125841
-113.23443006647888
-21.57897321682603
13.046359800107624
2.41633788898244
18.321670912309543
-47.08746215829453
-6.764709412424253
12.768770545794368
-35.68884113607295
-10.965230467001192
-20.567983249872242
-18.740781262843825
-124.21945421443681
24.137996027646125
-50.987021397455926
5.568560193144833
-32.13078198015927
2.3625075706934666
18.232013813585866
-220.3179275379873
40.59663141961286
2.5874193988489935
14.352956788100968
-22.471267881389423
3.605421819034092
-12.985290040087023
16.357856031165326
-24.79461466182771
287.3947195736597
3.9050843895373646
58.61275891232134
291.34154494120037
-9.321601371285169
48.48123530656426
-17.251561300757956
54.864399526261195
-64.44179279012715
231.00838851066905
6.708014560600503
26.65178872461368
45.78861519796848
216.3227738768941
250.25909751352648
3.945596237519922
-29.388926737697673
5.055891397282323
9.278701365952102
-19.468843722053705
29.238807500912145
249.8837174224767
216.03671417080818
40.86849475800287
24.587011241554748
31.721899384225082
51.907952782952236
30.806033135245997
33.977470003638444
244.72383976299542
127.7291296158615
265.87362160080147
253.89327973383098
28.636586588074834
146.3645736440429
267.4759524352344
9.841091493139075
266.0145070311814
232.71128866559107
10.468299128551422
272.61970630251676
110.34205386951282
7.911617399975498
25.95223122210365
36.49170287144824
29.65960973385134
246.95842125297074
149.00229649099555
43.42593133212293
149.53637725266034
243.2218178405519
34.96477134359847
153.66773052743494
35.92673449359094
41.18216230006715
216.68787831304843
214.09688171984706
203.55617377326362
263.87047633929956
26.911960383463708
191.06386140134964
199.61157516030644
33.46922809282211
266.5361341105968
33.09627703959828
217.75964441315733
211.9787453040957
83.15530912727792
201.11847801933334
213.87531413282903
102.15995721355353
216.3244616729776
69.43597783248043
83.09620432876176
202.03401843907585
60.97724715148084
290.3564089249285
61.03954791382975
258.0925740595544
188.61576137390205
44.67144686266053
203.79736237678668
25.61887566733327
230.10010198960518
198.72728818594194
216.21615428825697
143.86404044570935
194.17061397887105
229.20009397211587
136.2294400670853
266.08260025352257
196.09199442734433
162.59312466271115
210.92016202028577
198.46179660993303
271.46075620857255
237.73118284595574
197.11332166684593
176.07522246293547
255.23308324937412
248.0091265305017
179.8934967142689
145.27064116468486
100.66110705859582
102.19736018760021
215.41051494860676
240.7956796936921
222.1250910979883
252.61427425187114
256.882127321691
234.46807517440692
49.893216866793665
257.29517941060374
213.8961730782953
115.18844315272078
253.80395261368975
225.9649892131208
226.69279230481516
240.33101270407698
287.46404224096125
147.35455171118016
231.46416715640947
87.30683150650216
198.89061696083127
251.44015252633875
107.793305788624
232.21156796463742
140.76968420283285
200.7248587124704
109.93880813176095
198.99907582945713
248.2386867688153
210.89274818224027
216.83019474018678
126.75776871779719
234.156108221876
127.79993690337675
202.42900651715183
236.10347357883407
250.95450419970655
112.8395697405288
139.8335623626511
257.86205895496505
262.75285459419126
50.532130606058956
221.24425415802182
208.15048076384548
270.8217766568757
106.62001492973427
223.8894725398494
233.1495121780485
213.69757916960117
261.31818796658104
237.17843725216017
268.7901901336547
253.87995210144823
191.78881862859578
265.19110949721363
259.00419031878107
193.41410046600373
268.0317323203146
94.02795228011642
255.41231612234944
262.7834959086749
272.2514675975689
240.39847119957926
109.97290324109328
220.51719122043534
144.01790240924035
67.87066418096579
60.71436641827748
286.8791687441643
217.3550743242751
278.66691795174063
232.07847884518188
274.42314286904946
108.95235433089995
253.9095562198854
135.08310005444352
254.56144828139603
137.22999050718855
130.35194396871933
258.1799561932357
116.39426884659252
111.45279744976938
174.72358698521015
206.66212921858084
123.4583069420144
253.1497099187129
131.71679896868412
164.75135953288685
111.26625352538328
185.83223079155457
80.63045300555952
120.6688332935619
235.1779723167572
240.11710828070866
114.18409064194842
268.861286827982
274.95694724000157
227.79746129284786
230.11810999963578
205.29300268820725
109.42280449866426
136.672802117415
119.85125934975969
143.47408390797054
157.03163795364983
234.76575507084905
