-119.97307022298043
-186.08268686422667
-124.20431089699804
-150.32585140208914
-141.25764899325864
-90.6023923702833
-128.86357525083437
-137.54964198957782
-162.90348918754395
-163.0824444854012
-80.94069810848788
-373.8836928796192
-414.8281707536333
-104.27778983978106
-230.3028636354804
-315.48202181611464
-209.2488586088901
-212.11464021470073
-408.1542619969207
-384.64826041732454
-660.5859625854333
-594.9469405248678
-204.5460763876281
-276.4847785387219
-299.3886782238868
-371.0050863364536
-290.62223219470263
-307.63611952334804
-115.80463170603167
-131.6089186805409
-138.11946514839738
-156.52202267107032
-129.0625559450032
-140.0625566480871
-119.11072039210937
-120.39205345023566
-153.9168164533775
-114.48005796427424
-155.77682265648014
-127.52895073528222
-138.35262438200704
-135.5163094003154
-132.9033568510922
-131.78887650217627
-160.8636481989193
-112.03195496865108
-32.27652137801378
-161.04377829759002
-106.88143554954252
-126.67755482477868
-147.40250118921338
-133.42986167138628
-117.31900464145238
-125.63804992749554
-137.5771634340892
-128.5609048406956
-141.63906512662962
-125.0081672683939
-122.5664370597888
-113.82761558492021
-130.9767959031475
-147.19880534179694
-145.10051205902607
-138.71882114008721
-115.81227320121506
-103.43178121738187
-136.38015994279715
-121.32220629317459
-144.561282809817
-136.5671189673522
-115.81177903875157
-134.18579347868098
-131.5450055894093
-109.54523875707898
-115.45080117635689
-136.68968673870853
-104.22598072599536
-121.18657665866611
-132.41290279679424
-124.8200042756654
-96.63136023683901
-123.1967465687314
-135.80040164382953
-122.18711123849499
-124.36819858249734
-119.43275755835434
-139.49182534727964
-117.2251879791192
-130.6417043387079
-116.6282304834082
-143.37886561498135
-93.6543706877844
-162.87214623462614
-118.64192165932636
-128.92252444311447
-135.86367385891356
-136.37669658464648
-124.91338747796067
-123.84165978210133
-121.20882301946602
-134.43162471144058
-125.82606479127364
-124.65341999127621
-117.5834155553776
-132.6834139584157
-116.37646586891809
-134.37171353271435
-121.71085115195407
-116.39937384423253
-117.59569123493745
-121.36656440558659
-120.60385628342603
-140.48785226981659
-117.81655542385997
-124.94009771926669
-102.60179025902329
-133.76823775969547
-124.05714700275234
-120.69921655299237
-120.17248178279446
-103.37309723643357
-122.14234628063967
-120.90791530602192
-126.25919187423678
-130.32381663177836
-113.66311253607397
-127.26948098410068
-114.2123880445199
-105.3410572552117
-135.6757712700491
-118.20362966140422
-107.8229603925668
-108.44454244507739
-105.16675837962612
-116.17027242788745
-133.9269728735923
-106.4309205122281
-137.38654567367524
-114.82946638255098
-140.59618557961747
-120.64761415036274
-121.08297468540647
-108.7560864584583
-133.3513090662473
-124.47191373117892
-119.12323207054862
-105.5997083919757
-113.21763776760783
-124.5164095804483
-134.7132535996036
-110.93631113002614
-116.51130411892046
-101.36746898907782
-112.41966896678133
-109.57312156093334
-103.44991953732207
-126.51407682086938
-118.08821705465662
-118.28287676809288
-100.6383389301858
-107.01050409892085
-109.78609152850787
-106.7848679850277
-121.20982694745726
-132.71989046025269
-85.41602090014715
-116.24527762570591
-89.92187041824958
-98.8081241365633
-116.6488664131934
-129.75717631898837
-121.27707403297893
-111.96520636621374
-133.00954105105143
-104.48194671756428
-128.74654075126713
-101.04343637581806
-116.27040752443571
-123.4456838234236
-128.30501817850902
-128.30673519596667
-96.76462900975716
-104.57432286900797
-127.97714080143155
-119.08366460192447
-134.69203857442363
-104.77510548406674
-116.80473876266892
-91.80505310331236
-115.54449298399072
-112.47972786775463
-118.80158134296053
-112.65584996977171
-105.90245803470751
-124.32216802746801
-134.71826718563662
-124.48289011058236
-126.508042378331
-130.57282206372494
-141.06242511311413
-134.63618506996707
-134.06799846544948
-131.50354798223003
-106.2505063789925
-112.85600390540866
-95.42636586908223
-102.53196015851388
-115.38667154859625
-116.04347657752322
-134.68267445914037
-102.2677715133938
-138.33970347799865
-125.67942906785873
-98.48727984783125
-140.90024059512993
-102.34266580367495
-105.13529481704694
-116.13248480906151
-123.62437515638173
-130.00211703221046
-127.36819395047333
-115.14652079693619
-101.91426864712165
-132.27335167695782
-127.47956421880826
-125.43262775208304
-133.15710816116373
-122.32641526380738
-104.1214532029918
-123.5484949759595
-92.98818962989333
-118.55574472700678
-107.58399111167597
-141.00676427667443
-114.3883302942719
-146.346185201156
-117.38192173791195
-110.63512309808473
-132.3271799528834
-135.69283449680907
-126.34088725577013
-102.17428073471564
-103.49297343455297
-125.2837854445713
-94.15232691311375
-124.49568606288805
-122.42129968320782
-138.41227069518786
-105.32104233985464
-116.6746926615844
-106.78698727343311
-106.24481422266147
-143.53871955140468
-124.02985925570579
-121.52533932223616
-111.98560410896955
-106.90194294900755
-118.75717858061175
-104.29621410428389
-112.38501377195234
-117.9316434131968
-133.5068954134719
-108.04074405155633
-116.7068705333345
-93.46337412660299
-129.82697799861901
-132.03411556396924
-129.27801457472853
-125.5537579634158
-117.92771850183681
-118.27170968587271
-111.11282097274093
-125.13670842400222
-88.68210006682824
-133.76881509075807
-142.22811196740113
-128.47482259092777
-117.31236323606382
-138.49943634941417
-126.69314156189395
-124.01652169984727
-111.46348186972939
-103.14207747324362
-124.35023663237885
-96.98752029885664
-99.38695502205496
-88.67403664014688
-95.73795290644789
-124.71813948689206
-115.583586395182
-111.73036323229269
-101.12495102410719
-131.4956377696108
-136.38845630953074
-115.0608929844112
-134.73996988189697
-113.13159559381327
-115.86109996430696
-107.21095607838033
-133.97899927814024
-117.55980620895308
-122.03392631145225
-122.63735245698905
-104.80679825376278
-108.48771136194276
-138.6188083999208
-123.01565093604694
-126.36052233859864
-130.51725005987967
-120.01306408416887
-101.5800147599344
-140.0803088876406
-116.19592526927829
-97.67629257814151
-100.0482664691659
-136.40561305801492
-114.08081647194138
-101.4722539834151
-116.153959852905
-132.71376699602868
-103.75478176916644
-115.13368075049084
-126.57889196788341
-141.24737509092682
-94.69791995361624
-96.47257661013701
-112.4523796095062
-126.52938444148825
-104.45825926495002
-126.19968277307086
-134.66636897783894
-111.75764583592292
-129.44326724593714
-99.52180307178708
-101.58371360420759
-136.301673087241
-115.93426932478718
-127.94084019434095
-108.3739403339477
-120.80493107622763
-104.73096673692775
-97.71396406705966
-118.63222805960913
-135.4578598935894
-112.35892305988827
-110.8177575693314
-110.84812629640032
-117.9526705434566
-114.22100401829658
-114.11206769154289
-129.87784623436596
-103.20512181834837
-146.08671036949409
-109.31092948893655
-95.0312804369627
-116.20087918188233
-110.68721022303481
-105.84382148055434
-100.75542957936236
-93.32668661471604
-134.4726542356172
-110.27708808480739
-132.90404477051095
-114.95705300965832
-127.94742600721744
-112.67726940370403
-88.19091907373087
-128.04307535649866
-116.24893275199229
-109.0448741091565
-96.62071251005258
-106.31677216653097
-89.87980824218366
-125.3977546352211
-122.05018133469355
-98.69105227915536
-118.59869200203008
-112.91788123207844
-120.45927950108307
-124.62078271946837
-138.58181656459016
-134.1127497244236
-87.02758045268203
-128.0791783707757
-108.24382260188061
-126.07035856937186
-119.28099075672753
-144.5335581853164
-127.86432194861172
-112.2532419970535
-95.9998499052933
-88.91577045288817
-89.49100243445902
-125.60295529572659
-131.80190671840086
-145.2206405954934
-121.11559985288241
-95.30811748583875
-125.79206759505891
-121.09406085296318
-102.92893812348868
-112.44016010055658
-127.41056575586462
-123.55547101970994
-157.27848091608257
-100.72953498564821
-144.53875271845226
-126.00378836799624
-119.24017467553708
-140.29347286113574
-89.89493287543868
-104.9894479296048
-119.91514091367495
-98.03657402051918
-123.31499356499927
-119.74179744975041
-94.3269383487082
-128.36745773236152
-110.37501113193754
-104.06730487278932
-117.44809696072988
-126.234198022729
-128.86727969938508
-122.93174587441904
-112.75566113207097
-110.40157950591072
-123.02514906115336
-141.39642631252397
-113.81306201753549
-98.4517776222956
-138.61824403430484
-116.25457955737346
-104.58192682919692
-121.67526906104709
-113.9355253933563
-114.9920460546231
-118.81004996079938
-120.19989005951426
-118.58741249622125
-116.15220579919063
-119.6868331506019
-106.69392356081487
-117.01042800613963
-111.86253607178648
-117.33754828640542
-120.22960098892156
-95.46141784719345
-123.33643980596159
-115.24150084091777
-119.13668889063737
-102.09275485826643
-136.02678298064876
-137.22738015760433
-113.58609133366193
-111.7605228323126
-110.10601584477993
-112.51752170966157
-109.96199927661873
-114.84340434119993
-133.33775417342372
-112.14887500480145
-116.99259456770616
-128.41867576897425
-125.88971959433457
-111.10206199858601
-117.52804659862707
-115.69280829899981
-139.37124137068628
-115.93158106811482
-112.21485624303173
-113.95137651486961
-96.58216893218024
-132.89284364194717
-112.50380981368164
-137.97026505146863
-114.57309651029797
-115.72777457386556
-102.52736808234471
-86.1166023857981
-121.3036629444581
-109.39131694646997
-119.89649061973698
-124.40851884162743
-120.26517207086775
-115.9857325763805
-128.60253151527553
-108.91707819213437
-112.55115011829648
-135.82966344300021
-104.99397585265575
-121.55792873621381
-100.32815061144738
-125.2242179540028
-113.59296839285517
-126.59059647645424
-129.17742914899372
-117.04978057998675
-86.7681880183929
-124.15777356365297
-111.02020876467122
-127.68241536835802
-114.12085286632018
-129.3243263894477
-127.53716725356546
-124.51235507141533
-108.6321305138455
-111.48784909405938
-110.5997422695923
-111.53555795407812
-130.68965109400455
-121.33769642317162
-120.83305070732773
-99.08956802334706
-117.06149274311753
-111.14390808358762
-117.59569948156235
-111.27558893951723
-122.96728741569518
-120.83852476649555
-104.5913974633543
-118.3332898060064
-111.12512171217342
-106.74175535616408
-108.84390901265527
-122.2216381697753
-123.99969114510654
-134.16960910646293
-113.13144643769384
-106.13939630201018
-115.81458461309437
-120.86135902201772
-121.60383245891921
-110.7686736783437
-109.3590917045178
-126.57214917531286
-110.75316421516328
-96.61229490668583
-120.33148778293088
-109.89430199280969
-119.8249481148545
-127.18855009418829
-130.03611970940094
-126.64326154828618
-119.60596646013516
-124.87331299869834
-105.40679425209353
-114.90463218849644
-123.075584883826
-119.59190771383342
-128.69248078219852
-105.29313528894791
-129.63117274375324
-111.66015578550204
-100.94892157735678
-98.30072869913492
-99.31279928503778
-103.85765034478479
-98.60682769866295
-103.57384664848807
-122.26856011957685
-131.35092672261226
-126.81365266412278
-113.89600914673701
-106.28496191907767
-119.83779018237902
-122.4225619325008
-119.41780902495464
-131.9452294746077
-105.96853505880468
-117.0522438081413
-124.59139015989436
-129.1110021959174
-125.6336465448193
-141.3131833286576
-124.68564167684822
-138.368288418328
-85.96537248569844
-119.13449438593756
-119.62660809297402
-105.43095908216799
-119.68443016555742
-114.48588817307777
-104.18399695501401
-109.7640649976898
-119.82729360401211
-145.54261133544384
-100.44435910207481
-101.95362465892165
-111.03199998247948
-118.0460420539194
-101.94666799004713
-127.96255082647752
-114.58621987716629
-94.87520990465548
-122.9252748861121
-105.24239846295981
-110.91393688207667
-109.51449356764493
-127.23449180726506
-131.20696178265837
-93.43907216265062
-119.1770575080629
-123.56335521482683
-136.03119814170347
-116.90135443024596
-110.75644311275964
-130.1376529498621
-122.394078787206
-99.07938909932723
-120.32027676201314
-117.10990359460766
-111.3791566882098
-94.5417653027007
-110.66440819085895
-112.63383973309156
-130.96565314396275
-110.33110638679577
-94.1868623770637
-118.48097087120334
-119.21077822510426
-122.18834632534742
-123.39460398424495
-107.71674797983695
-99.34318869351279
-112.2178254432776
-108.39522958441042
-95.65628254687431
-128.92434292559753
-105.54528123127957
-103.41635861575826
-129.85521317667138
-122.55755521398765
-102.76522378895147
-84.46495684451013
-115.88109843683917
-92.10717463179411
-101.91739167127373
-101.59041704374127
-99.07611068454958
-92.11392155854878
-99.83839504034111
-125.81432569546999
-118.34496155898904
-107.23646185453642
-141.4228289425078
-134.9452908639165
-82.72389305971618
-109.47901226798534
-94.24049735998238
-123.87027046541965
-121.09141325341602
-132.70837040902637
-89.92095941347883
-121.44946792953473
-118.21557040333765
-140.49075621694928
-90.87791523849201
-131.3799593190634
-129.91314347975853
-112.14056834001909
-120.46580821132596
-130.78897398409072
-128.04079124648982
-132.67213957279156
-92.73198968722103
-119.7013537782608
-110.745195528649
-142.86656305374893
-83.46747882321301
-129.09043158391583
-118.22030505096492
-115.87977523561335
-83.97973332864082
-96.22651203436982
-91.32630919566336
-116.37604729831082
-126.29226677898627
-111.07998574491414
-105.89439603332013
-113.46032258037918
-105.72728736863354
-112.7319465993096
-125.57087150379436
-125.56403582617081
-103.8567297773218
-128.6035638391293
-98.82267859670088
-122.70390636071942
-114.29379064616663
-118.05347426441408
-97.72032660012593
-98.5089953342384
-99.22980926012113
-88.80703073765903
-112.79123481114904
-118.08357067938283
-120.92936880031732
-123.43021262142679
-108.9062203047267
-107.34903721260648
-121.28169552749287
-113.69133349816447
-108.05526591686804
-124.72234979663237
-128.2471634630317
-120.70088975943312
-115.29319171400665
-108.8258138488423
-108.12132606851648
-115.62235814406361
-123.61553132940395
-125.91048726246414
-125.59119151789957
-117.41153072357902
-101.85614443711559
-118.83279244990827
-132.54948560799158
-123.35350914441571
-119.42796386077289
-117.1388665637774
-98.21668953562533
-114.19089946372677
-107.96415134858968
-101.72539238648434
-114.54892055876178
-97.53710034107739
-92.47907144311823
-127.32314718834124
-122.98631865149594
-127.11634897495459
-96.7136776987246
-123.9426091574979
-133.51660229801777
-125.91202928452273
-127.3652648090169
-117.93431874974789
-116.80949704255637
-123.65881023070034
-109.3983687696079
-106.35725511702758
-134.0558194800604
-110.13632707718516
-94.33148765030138
-119.11980524644567
-125.06079611151742
-115.84875424442276
-126.3767040184331
-84.66988522432834
-119.53571118642787
-129.3297428742647
-102.4379788021827
-133.8412278804911
-128.00850487645312
-113.554476864278
-114.25585600554163
-110.88279055063055
-114.1143955817808
-118.04972559958807
-124.96728611714138
-124.43392414848327
-111.80097632249968
-98.15687448315117
-127.24126848751698
-121.83180021525702
-122.0125219737424
-98.83666477089847
-113.6207249908828
-96.40356869969405
-124.66441838790946
-98.24569024929971
-114.95835452411524
-129.94295254975566
-85.15885653010326
-110.88773886199951
-109.71564898194151
-94.38208490307818
-111.0323872203049
-94.9315503252159
-88.47303265340315
-119.98609266631296
-149.32273823895775
-134.5321432746977
-132.69427782628026
-120.43253825254484
-129.2501527172718
-135.3815709086726
-115.20322517659032
-115.49256748792305
-134.66058599465967
-103.83425094516538
-131.68738692422022
-118.82194003685824
-121.53306695455187
-125.84447487896688
-102.43627457952493
-120.97113672134817
-127.86945791627528
-123.53368932464875
-123.52719614373375
-139.70867403494628
-142.40026103073552
-110.14327474192604
-125.04437941900024
-120.78674778652942
-123.75730547360553
-107.67248965333766
-120.99475705990099
-120.75104118658317
-105.2394937425902
-96.93891251739883
-82.73788419245221
-135.599592299884
-91.24441045165527
-135.5266687654203
-93.4199912403812
-107.70934105540532
-103.97560053765808
-130.51237051534133
-100.84604818382564
-119.76035122343688
-138.54890892788214
-88.22818293987423
-95.31561281452055
-44.803234392110596
-125.15944900969129
-121.59130205186483
-117.25050828948545
-133.46434228771489
-138.196103577329
-122.55420487035457
-87.4412095360281
-135.97843990383313
-133.2096908841804
-131.06469748160492
-135.69999642005143
-112.75012153185196
-133.01078344171196
-136.78849017066642
-123.4656050593652
-111.69818068529274
-106.15550750178612
-128.56922972378234
-131.5659347084163
-119.6601403550239
-108.28631933883302
-134.60686431937415
-108.30401633295212
-102.4193859685573
-144.17157999600295
-121.47476523782422
-126.60057174007571
-127.02909728678719
-106.84253080452808
-96.79350278824207
-125.8237470440373
-120.0294549921219
-116.4191643836298
-106.29028457574691
-103.08305076791316
-125.87952899694525
-119.24768207527565
-134.07269333118782
-103.26909570545611
-136.27828778091168
-119.40548231947963
-100.8875493233173
-130.81904984693932
-124.05619944967958
-113.40910920046215
-124.55890705393993
-128.79931730041895
-104.09606899584061
-103.54810829183285
-108.23981353113234
-88.38464196864811
-132.1060875113569
-135.03880589813468
-102.64522611035713
-124.39562720767165
-134.66700714128496
-98.66833004503604
-88.12539119267643
-135.94502669823362
-97.12044234637318
-130.09896775489375
-124.3579942611226
-125.92091671941053
-94.0403512024709
-103.42500133647259
-103.07359856630566
-132.98899244162726
-125.31896241989531
-132.12259809702255
-117.33896005438274
-100.30148301879002
-109.7334200628652
-124.3598817859608
-117.82396407882405
-121.14362964562679
-110.28476959727368
-121.63810568405205
-109.15905402779106
-116.50340764327233
-95.7679530271624
-108.80849563192888
-131.0979615809151
-107.36901814966701
-124.06636329999155
-132.3419425344135
-127.0517361067138
-89.05352911667751
-114.76719820762378
-120.6704511169489
-101.4272395018825
-116.20722265699794
-91.93058127012877
-117.2896696205152
-118.44575639039022
-118.15024558139072
-103.0470123873255
-108.92947131669114
-111.70573722249708
-86.34647902531364
-134.90501776020042
-112.70195548257868
-100.77002398149318
-85.62915224117478
-112.52708920623638
-114.17209233342118
-108.10673546918736
-120.48546126553917
-96.36378353757547
-131.7900528554544
-124.48879297946795
-106.69289127304828
-90.78139097454631
-131.7532105133909
-126.08029450337044
-104.63106524483533
-132.98439594071314
-132.13193942789405
-118.04465434716022
-124.80387502034023
-120.06170607140568
-110.2260589555869
-118.08849938128544
-123.25502285529696
-97.46146164457492
-138.03371667081367
-93.1125039689167
-100.55392304229778
-131.8184653997359
-135.4685270824633
-127.77868687908787
-135.13433540619354
-114.01517809993027
-115.77402207040849
-88.63204219193601
-111.48055464287795
-112.77954232441633
-117.40521356133968
-122.77000127933235
-134.11704527611647
-139.0613911818167
-127.08768403692216
-109.13872385476733
-126.32432042418122
-137.91497948502794
-122.74397889773417
-105.29069216689393
-119.81561137506128
-122.54827156026043
-132.73352795597768
-102.68683725321046
-141.0743923246998
-137.7074192215974
-134.00337637133975
-128.14725522704757
-117.89893720469905
-128.58702670460838
-133.22343862563693
-93.9325964249108
-126.26416163199815
-109.68987734487521
-118.52129483641346
-122.67330126869012
-145.2808743484415
-112.80768816950673
-146.60928816421054
-130.38480958745322
-86.2826918069166
-147.53339108455555
-101.665842094804
-130.21755789891859
-141.19592958453097
-119.40526261093805
-111.16147887859816
-140.09213669689
-85.6492710879075
-126.4841067191367
-87.35401776706327
-90.47519610131842
-119.83104127628357
-135.0238080026093
-122.67602724195424
-138.54024634595768
-120.2203763343642
-114.01922372723828
-127.38693430350867
-141.32983743083477
-112.96985751625263
-122.0843451764646
-83.37179590907232
-128.47756952809436
-113.19956147453718
-137.6548636458341
-132.40280187861592
-125.90122411301599
-118.91852905301644
-111.62271449469931
-110.20195632414948
-122.51136885472559
-113.69873848555683
-120.2404024549557
-131.00660924454226
-116.10061190895067
-92.84635478936826
-135.69540485173175
-111.56906515128473
-117.31369671842882
-144.1012034022823
-133.6921588140502
-120.50820448951828
-130.42507374218417
-129.28457427876828
-135.06391800812332
-131.88090354932316
-129.49984706840513
-119.4497804737808
-111.24191379689884
-130.59793761742102
-140.02321523301842
-104.99922172938268
-117.322508157301
-130.90239930129573
-119.12012486583265
-129.58353758773586
-119.11548756008158
-86.6841033128794
-112.01955251702083
-124.74322635246779
-124.56143102893218
-132.45221325387487
-95.95984283576053
-121.23295510750009
-114.23236214143412
-129.63566167913342
-132.56834939489895
-126.644309234833
-115.21984684753869
-134.77350317185721
-132.37244001078187
-135.37705003914553
-117.96132896485238
-95.23017576833404
-105.99968535188003
-137.59901043778535
-140.0719585683628
-95.0841953917374
-147.14207761812958
-99.82695164475763
-122.56372781880086
-131.59522016999784
-116.93853185043852
-133.1327833821992
-114.66153090178358
-126.75603090837805
-121.24400588567246
-93.08276776508556
-96.65583088985105
-120.92805164738456
-105.27325418829314
-130.45660188596432
-98.49294948333899
-91.00263691921123
-91.82874506390434
-121.57613506059127
-97.01753992685069
-100.74767611633413
-106.09271348498774
-115.76471217545725
-120.30946680318456
-130.4065682090502
-127.95455045103867
-131.26076147464929
-122.20574014055383
-133.27147833433068
-127.21025024712513
-125.1053531467696
-128.36959716253085
-120.10669910264076
-95.75990906364729
-109.6532712298048
-93.32692531845828
-121.10974319946183
-125.42236799925996
-111.2759216490894
-108.62886108601965
-124.26307002561572
-100.62992178948568
-131.60960910217653
-91.98972762744667
-92.97341732368453
-96.62186847441541
-128.22646093760665
-117.96275165697172
-129.98109119871734
-131.1960162192334
-119.52491478757551
-81.25624108667202
-104.63511811369703
-119.34215665942484
-122.6510721811523
-134.03877891812786
-122.531923217718
-93.72632338922581
-103.83352717444038
-105.20081785262573
-112.00054086890698
-125.24105721558047
-125.46278265703218
-119.15482572980629
-138.51898026277203
-129.4104355645485
-114.00398053139348
-121.98358143970398
-112.36363020378555
-122.03721052915631
-110.60420149723936
-120.52864393750708
-131.88414438822429
-104.02349656980549
-117.81729124986829
-117.62133555181049
-107.99502560036188
-104.96668034121588
-103.87903236529885
-136.41505978307072
-108.8612453372567
-102.53843869571203
-90.08908739387275
-109.85309107534253
-112.13146501992527
-117.17934377165673
-116.98092272860757
-128.6473724791334
-106.27115543328856
-121.29230165971339
-117.7662256287515
-123.82689022205292
-116.08120382964265
-120.68375475179258
-110.95606122593432
-128.77517518552375
-104.70543908475686
-113.49036071647652
-118.57431947079434
-116.09936024125976
-103.12699980420683
-116.79949648822733
-115.91388839445881
-112.39136917249542
-103.50457363835744
-123.960436168265
-103.90867993657227
-94.94319471815226
-112.579672054246
-121.63267196518595
-107.53125458953087
-87.70158726853214
-125.63850242004966
-106.88438588623634
-103.32412802352957
-108.51358133866341
-126.59616147680062
-125.46348466937833
-123.4415515019828
-99.05841047849673
-94.82469585205905
-93.02011133533134
-95.29366179905307
-114.44059005207495
-110.36149120230151
-132.6263544706866
-122.019344706999
-113.55750328770301
-126.91550367708348
-129.5357257612347
-119.43259754884915
-85.14609825358431
-101.7658818497957
-114.06308060384836
-98.96676909235374
-129.38437588071952
-121.4523093519692
-116.82964875260892
-105.24343216570642
-127.05499330776334
-90.11143446903266
-83.71516108488076
-113.3465254758542
-114.41460432898589
-135.90760652651863
-127.809145347748
-114.34586648681713
-108.97816699415725
-110.37201877259142
-119.77545147308093
-135.56920460752934
-126.59195464652396
-97.0355098752323
-108.02823047670086
-123.47251672851708
-96.51170913706932
-111.56138785704795
-144.2441729810744
-110.52627448098085
-137.51186740087925
-104.15351054422834
-122.01575315608481
-105.21688340491468
-100.01854549253149
-118.34600214724769
-125.4946346605418
-93.27693834303639
-122.35539161014695
-126.30803964474967
-106.02083245374033
-136.19301174016448
-116.65860296191636
-95.11507229340816
-100.46641477818315
-121.80405550333242
-92.18547075009151
-114.56366132689166
-104.26282509593806
-121.2947783787459
-116.79470701114705
-101.38716370670082
-112.52577335179957
-105.1116368703809
-110.08488989786883
-119.03215351932113
-133.29115733333916
-117.08898598296568
-122.3174257996553
-135.37642949294
-124.83872048779494
-120.09093114649873
-100.87616513182199
-92.2222741704288
-98.79272828556786
-116.97942682751483
-98.91204776331864
-103.85575490707272
-125.36334465204213
-123.91844063176202
-142.75136596318646
-98.2301658533427
-113.5635162445447
-118.44934399419907
-114.95277011820058
-105.76771486342922
-125.34726848696852
-110.45138663573454
-118.76946016559441
-129.24317934820544
-124.36263017605086
-102.79404979110026
-119.98862919306062
-113.2866440719943
-113.7070070076918
-120.03180254838614
-108.47611684132053
-110.14426305640224
-117.3995619880636
-130.08361877058564
-135.3449294723387
-120.67481066011587
-87.0469220839716
-113.09207967985786
-102.81366279616756
-125.61060768445716
-111.15552832566432
-117.29123030164206
-108.58196005843492
-105.79775451194462
-114.0360999439215
-123.53823976006385
-111.18064125484179
-95.2978715736566
-95.15643677487607
-112.78670621976477
-123.00780246682345
-122.48915256818091
-91.1645776804217
-105.15731263670526
-121.48876483670423
-88.02292766488873
-90.9714211435838
-135.85257238069556
-121.94911807226318
-142.79335662687038
-119.36797089022377
-137.55564017768842
-124.3871236115705
-134.91040847974293
-102.95405304309159
-117.20807385188857
-120.32877201831619
-119.88520207661776
-94.4631631659098
-119.71318849558288
-117.56174271979705
-127.79670772401394
-121.5166604028968
-120.20036882500659
-123.1656245202186
-99.57237394279262
-85.470285573568
-134.53140427772604
-122.47602494787603
-121.79316673606863
-118.40719632914127
-84.51224655510333
-128.7730045297471
-123.93977457414826
-123.43426397487478
-116.62935195617341
-122.1843960033836
-141.43131473818352
-120.77446721647604
-120.66950782989845
-132.8093003976243
-83.76821077362196
-97.99745314180107
-95.39240994906804
-123.36821848308631
-115.93385086762402
-78.82702755069641
-125.41312816165456
-116.58335065225751
-93.57118094278606
-136.9710297890342
-106.75159768399818
-88.91303683160679
-112.50061598795608
-103.02486467341083
-117.80332134197096
-97.41484942251807
-123.4566582094917
-98.10828814395428
-115.8362255021519
-115.1088602892828
-120.2210658078968
-96.891359176789
-110.64503636185913
-122.39094813754613
-121.23987583591997
-124.99080567033613
-112.88885242041633
-117.33703851152357
-105.60309585922663
-119.07079371083526
-103.1860674240582
-97.93097837329378
-119.00811948561403
-121.81306674020541
-108.25985498363313
-100.06878180873522
-104.12057271193905
-137.80104558247223
-134.77605293606604
-118.31920719013385
-123.01497468677113
-104.63710029877252
-113.57411578700086
-106.5570239302418
-126.1836408311683
-112.80666484263531
-123.4335716014529
-108.91708667689765
-113.97639561678213
-115.75823357659723
-115.63093798648015
-116.45831415251354
-125.23232775159953
-118.14071726501652
-110.47855702786968
-111.50172334355905
-126.12620975690848
-136.09824202917864
-111.71932932271007
-102.15439435615062
-121.3006562615999
-117.34626936883848
-141.69573751318515
-128.84998545146723
-126.37915542495264
-115.30895743028987
-78.54005578461468
-111.17076654138836
-127.6710214428099
-114.17740815190503
-118.99774152188124
-118.32651689529354
-111.74490086412138
-129.58591595329622
-126.99399630062817
-135.8047011073213
-114.31992267574994
-136.41979418952454
-139.8390774857454
-137.33186847151302
-134.59650034416092
-97.39767480541332
-124.31669629859054
-131.31074273387537
-124.03478754026199
-133.49598115401082
-122.58277347845225
-134.15857945996402
-137.05004871079203
-144.00386746252656
-122.37528826032583
-143.1551568676685
-136.8476623938193
-146.80247152987792
-121.91212114113478
-130.92268776536724
-140.6741657471935
-112.3854030512274
-150.36865314188276
-131.85864388559105
-137.54726180987728
-150.28953957162943
-137.26093655495634
-130.32248040447007
-126.7046992621795
-136.9572974130004
-130.42849231858702
-108.68946156226517
-18.617138949563085
-137.06113018767064
-109.79288016466333
-125.07081131345439
-139.7332344377971
-130.31887005598978
-136.07396912394722
-120.02708154377997
-137.1613303165313
-147.0737843415979
-137.30842235249946
-138.58585580124938
-129.59931069319885
-97.15230579572301
-144.26715351360303
-125.3404775290054
-133.6179459721234
-135.18096053973522
-130.33030405549113
-139.23050407489367
-127.95161713632503
-135.87052643614996
-130.06563833057953
-142.1256545460292
-140.9166790849373
-110.57179226442072
-115.08870698532671
-140.54671887247153
-102.6898349801266
-110.75184614429584
-142.53652896986415
-131.8363829401129
-96.29501931099325
-102.77683739777434
-137.89800089426046
-134.93398810183203
-102.60526828079466
-131.75439751197482
-120.82548142261213
-128.53908858319622
-97.49968397688373
-124.8201591812475
-119.2320146866357
-146.00814054199788
-123.85815978847846
-117.8673134913914
-142.22181295323315
-92.18411302841231
-144.4846313912786
-109.05416382455059
-139.44118488135615
-127.74683303975124
-31.885986885443813
-138.45191635818995
-126.57114983848086
-137.1879279886156
-136.8260745439629
-130.7824541104789
-110.3997616290592
-22.76588392593112
-137.3340074350428
-129.9373812293026
-124.57773259193652
-129.14196904550562
-112.71608455614331
-114.21258932976427
-132.63923759008316
-151.37373295625315
-107.32788851051707
-94.0237079750296
-95.94418499970247
-136.10912515420466
-122.4719695210078
-100.7566267651805
-103.47166519597347
-96.53820364500665
-136.73584699676096
-114.96123210588513
-116.66169039322213
-127.1458314063228
-105.40618274352133
-126.30179587292253
-129.037215500649
-107.33510123691303
-119.17648454878565
-104.1463194089244
-109.1498551312213
-92.19774657632429
-94.83955219200926
-122.50660621917493
-86.09750534222258
-129.60956495801028
-122.47390501334677
-138.31636726038627
-109.65675459925566
-97.19873241952622
-124.8222647157599
-107.94633236683686
-126.16938954965092
-133.18639590170744
-99.17904322528436
-128.1115884326881
-117.99942634140442
-97.9447943168276
-138.60860575130783
-138.50747586316868
-118.56410080602848
-129.78815431835275
-147.56293004582574
-101.64062524927098
-111.64957831797103
-149.40326572689114
-149.1731320211731
-139.82636636865226
-118.72549462002911
-121.72291465225686
-113.40610058293981
-128.4868339319802
-148.38137779840557
-127.45051515931758
-139.0910364080246
-135.89681558203353
-122.9431710590226
-135.82458841797822
-131.09140554012896
-129.88269912718445
-144.96570237390372
-96.0344918480141
-137.18987734136755
-144.95003036995138
-94.36631311073583
-121.21993204957232
-120.54429827180866
-128.16977972757581
-122.36499354609464
-113.14616146606629
-129.33423529448228
-128.64869711671207
-120.12578894233829
-121.94540081774812
-135.95914905655638
-132.32052561971793
-130.10508142496533
-130.7310352909184
-115.33156005912926
-118.27208608203941
-128.4620055947875
-87.22994699817703
-117.59800959522448
-104.327321055399
-131.3689717495949
-118.06094161196175
-106.55865058492775
-119.31532021965995
-105.22192994120888
-101.64358462855509
-136.48579582923168
-124.31895386216445
-86.46275816955948
-115.88289150043009
-131.83688747810157
-119.05321851813106
-130.22653294811886
-126.87927337714204
-119.68864493073019
-119.66499826383102
-130.64570414623515
-117.5273820520013
-125.50464464508337
-112.80359215203428
-119.8275938435456
-139.86247135053662
-86.60943897578127
-132.0584191008122
-109.52055717848957
-131.89281661914657
-115.30770918447972
-102.06980824945948
-117.63517631139712
-112.11907452931939
-146.73043215960695
-116.57771654113598
-92.46481430806766
-124.56195288883642
-136.90515425513493
-101.99249798207312
-114.54353232139452
-131.38496529683124
-128.62508662171513
-99.39484866955743
-124.30145151808978
-82.63098864773357
-127.04010639156473
-120.9684620055228
-102.36668241077534
-94.59787661644827
-116.42631451233075
-99.3441626546924
-128.82967327253425
-98.13637243474474
-137.84844230108834
-116.52900263650461
-105.03230432170068
-84.60442052107904
-92.27077195113824
-129.54444846695588
-125.76624950377408
-107.64349565123499
-113.77825932994534
-105.8671285785717
-132.41823610286554
-97.27069092836598
-102.97088594721706
-103.24612463901134
-124.53754356691141
-112.48970707961317
-99.0545662624312
-116.17310930378466
-93.26006063895507
-98.56346450611126
-103.4805422296082
-119.63409313210565
-126.37956223662144
-123.16034146695628
-84.56087863602681
-93.52264073071508
-127.9018745356195
-102.9525813080628
-125.26555588076958
-132.72710394608174
-106.34812433012652
-109.81712923667793
-89.90707415476878
-102.76852955014962
-144.7403699728652
-121.85622793306752
-101.98134669214859
-113.88281773453579
-94.18312008308737
-110.97020978284101
-92.46430417890771
-120.28332753688765
-92.8469374211802
-104.29244338627132
-85.24285207965974
-121.5174335097152
-112.79716357711375
-125.51201873954155
-125.42772074257852
-145.94866093342327
-111.04256983450018
-101.6502879608551
-121.71983733960451
-107.8568613524253
-105.4715249408272
-92.77801982523087
-113.39806164515748
-124.35975429721245
-117.1662812582586
-113.77945293775902
-110.1893363417306
-101.85966176325262
-120.90022057986134
-121.18192705051767
-124.89788185707428
-117.42218021724732
-118.04448323701024
-107.40863649091904
-94.31447075175844
-125.43436264051371
-118.17431382044433
-121.39867021391748
-115.75333615145077
-112.17613954918596
-110.5713153752997
-119.50035406397264
-121.39970437048115
-108.28534637769143
-125.25849334013057
-115.13839893616222
-93.68558256314869
-139.85005066306044
-114.26092346347171
-109.50219494963659
-117.73599389749286
-110.28853148475622
-111.93933450001656
-99.5798430299334
-103.48774755579755
-112.85706473093057
-109.90830909640702
-130.9051729011315
-120.75113347499122
-101.71589796382833
-116.20776450331876
-114.01943567388614
-99.86179306862164
-114.76818181953729
-126.40472105673905
-119.80365106802597
-121.13632359540276
-98.77213877044133
-132.4525955314889
-126.21352553880507
-108.96374210525752
-113.40555803756625
-117.22308617060187
-125.69247985352494
-85.09927466171679
-120.886391009602
-114.4561276705482
-109.51414926075813
-122.76067822107902
-116.15366705267543
-113.443128193058
-117.27350502214071
-123.09897088203465
-103.93338098440374
-117.53103567663027
-113.68926432423822
-109.62574444327952
-119.20215001704162
-119.41861555522814
-107.20518492164214
-128.65872713172897
-120.97949065282981
-117.08728998231757
-119.99637061791547
-107.47666244263593
-106.88618999419529
-91.94198341235666
-126.55433468892832
-121.88824615470887
-127.95849595229947
-96.46571062364725
-118.6145005660234
-120.53239390874622
-111.01303630271191
-114.12578707616369
-123.8734172986271
-94.82410754442321
-101.12869709708428
-115.58946845684241
-121.3000044272707
-108.04834892058766
-119.98335276395137
-98.82152881709405
-108.56046687583617
-120.92925766332816
-114.61406058102608
-96.90263215549362
-100.56691543348862
-116.1741601681754
-111.66878410655411
-134.86761596212432
-113.4761609067141
-93.38778693671587
-121.39411656578386
-93.34236288458959
-132.2134515032459
-122.47764961250368
-98.58641712526165
-136.8240591382438
-90.01707040040048
-119.53788219535852
-111.24382225736825
-89.62483910824373
-90.10580634856412
-119.67731486243069
-111.36200705579729
-90.93165752969193
-97.7687586060105
-116.03677863895967
-98.1599380111714
-105.43794164095992
-100.12358111510214
-106.62921117711532
-116.98403763637353
-129.98707781083323
-121.01030242824896
-104.13208989558314
-112.5856039233785
-106.16159088616733
-92.27798119955862
-95.49165489100568
-111.18317847396922
-113.8741040115072
-118.47981570190937
-100.25925458609859
-103.99171278746273
-97.73655599097532
-112.80863985332078
-109.79194142100535
-117.28193538630774
-119.60514130886986
-106.16720088698895
-102.285769084306
-128.6279269159555
-114.24284486003292
-95.38605779491631
-99.27275901774561
-117.32004652045828
-91.31691182829789
-98.7254470131533
-133.3347164789322
-92.56076531170024
-121.13172291614039
-112.93518511948588
-119.029411756335
-114.51288041216893
-106.22953904027956
-131.08032243875317
-113.94937416007313
-112.58630090010315
-111.72953110681995
-112.23043639668809
-121.33014355154484
-121.0527878938642
-112.48439238519106
-144.65064198956526
-102.04297133145005
-120.41979862120675
-116.2550065621837
-116.07788470601479
-93.67725867110461
-112.86519785925292
-129.26450195804236
-89.42818610304872
-107.59313435969152
-102.27005875415414
-128.41287999169532
-118.30191484615247
-121.03993467737885
-105.10041062000822
-89.41842375883193
-102.05170720137076
-113.84373452318347
-81.85452620360593
-94.70401588056588
-115.15068925833502
-114.15195484268543
-92.91762100539827
-120.22631744736968
-108.9384738892451
-127.81710003139366
-101.98525897928958
-133.2896873865415
-112.8098992081968
-108.77924752365718
-115.43523060840329
-91.14698123545227
-107.7828358494506
-107.16437077051573
-97.023840712894
-116.99996602342473
-114.7447489392891
-129.63390582807105
-118.11743456179927
-126.99969353976971
-113.93578579188608
-126.57900481345887
-95.43972630150486
-129.12094070746645
-94.41781619644638
-114.3802815343627
-115.89396672253797
-100.40329981381007
-112.3578561332693
-112.36963242858397
-114.67851333279165
-109.01124754628191
-129.69077091841677
-114.71449352139821
-114.02865801605799
-111.46913678040029
-112.13991176467906
-129.95553046086644
-108.8377754402716
-121.61243443939479
-116.8076150764474
-112.73428488713067
-102.97530980469537
-112.3890690454576
-126.1795606458971
-115.31162714133697
-132.63428922633642
-118.30748341631976
-119.0837785734166
-119.2273327161913
-111.20887912196582
-114.04861451279804
-144.79972858843865
-124.3400360090678
-111.43961601785
-115.64083757622527
-102.0762490050912
-122.80376529202829
-128.87554814357242
-116.34527854354343
-118.2213162830173
-111.64418036511543
-95.64081997706036
-127.7035851296352
-122.82638913738101
-112.59388401908998
-93.11043463876342
-131.14583644478378
-117.38652520773711
-114.15042464762655
-110.14162816541335
-99.66049952083519
-111.67681973363298
-106.36319116427129
-93.30573958826709
-119.78771648405537
-113.06434305713177
-123.30450606782617
-127.24426339827997
-122.85873146549646
-88.98103071142486
-99.7228290171567
-121.96591578821962
-98.97042935214873
-120.35254106389549
-112.66515693863983
-113.89916710321188
-100.37714442382406
-91.92352079591357
-100.31176462886737
-128.65644784594733
-105.49774407009004
-120.28065210045845
-102.83987018423362
-127.80755081036773
-111.28825744028794
-103.64046989800804
-131.50536499585326
-116.1308604387098
-100.21108098438782
-103.45508400054652
-111.3214798477744
-96.2379055662629
-136.4029706621882
-87.86991540952829
-129.68982149396774
-91.07075150667842
-107.09416974622332
-118.04971275552033
