-777.0734471797616
-682.4260096398338
-790.8540031093227
-796.3107679537435
-1056.2769107846925
-484.5955404678675
-498.99243689200205
-44.35401667487166
-451.37021268684
-366.61145670617316
-219.6631987805395
-379.82070203278573
-497.0790932794886
-361.17408022027894
-846.8111951615792
-226.04930043015855
-414.20865611680745
-662.9186162567188
-357.5774867205482
-368.3043789758433
-411.38636499028314
-553.9400559581057
-858.9290157170601
-520.2727688268671
-147.55924644846536
-622.0673653743625
-636.1941644447811
-629.7730216053133
-628.0143121071939
-313.43890532521624
-114.32738988517508
-322.63523716288296
-504.87300161126575
-421.758298447567
-745.7993834393935
-636.2409986163791
-558.5285694931313
-434.64187378384423
-200.95645765089813
-156.3431879506585
-391.5078177941641
-104.81473197555154
-623.6019510764756
-261.9456336299691
-139.6620693045484
-172.08211626387836
-106.75214589411206
-7.2070046603539595
-184.4578105795742
-214.0078161556228
273.34131034561324
-237.59667946789943
-83.17883749152676
-135.36654145512188
-199.28635215523656
-149.83442204679199
-225.98743079203473
73.32665713899696
-150.43094482102197
-258.402243100283
-304.19982317514837
-165.77668422812658
-163.78588252505617
-215.89488659386532
-186.46621907943785
-231.81573750912273
-233.02657559484032
-249.2099613289415
-200.191644217364
-170.22772118262725
-201.92722092560894
-213.20197980534113
-185.01418456078895
-148.470053316609
-178.36491784862196
-216.788754448192
-285.4934662409962
-318.9673033778725
-327.65546101403396
-201.689014077475
-233.82125554243245
-202.85211439268886
-169.69187791969762
-317.89986504058055
-122.13082893887167
-286.92493057384064
-270.49668594459934
-217.19205551943207
-120.78552450146756
-161.51577515222425
-157.07197621802842
-302.9274151585654
-297.34175414913096
-228.4351119451995
-173.1451994210173
-131.44728856938684
-415.8558877059245
-112.08396056941461
-260.3730145716162
-174.56876199177168
-130.70829111147702
-140.74243705737976
-280.70694788669016
-210.84735114970766
-136.26957702135763
-402.48113217760954
-127.1400380971797
-205.26022981002677
-216.7671307087739
-175.32150924234116
-182.99723328169426
-121.08540292868247
-220.0809737297383
-192.66363400574815
-299.6590619033261
-167.3908908564611
-168.84984918954626
-224.71027998934574
-188.70756124097474
-228.17934438585675
-131.28703747671037
-124.62621546094859
-141.85841776196816
-158.46082135756154
-223.45237404760766
-136.01067111687544
-148.7403594453183
-118.58827014942997
-206.23063517823954
-97.05123678516541
-70.16617244619033
-219.91506606109874
-136.22058659730027
-139.11354571473595
9.685026894264652
-147.16630690266373
-103.08526932727582
-139.48779943870852
-160.1193302609123
-275.0684871557454
-153.50688515648213
-144.78588202267062
-150.2402758201392
-179.044702668662
-189.56589955502415
-119.09755461598053
-164.9834225993648
-144.55354235305512
-163.74037466109775
-198.71643835425863
-114.77658620470092
-135.7692236282264
-152.88903145091103
-176.4299831606245
-127.99487364134148
-150.7490330123713
-175.49306495565557
-197.936938961967
-123.05545916298422
-150.96984225098714
44.42851319246705
-178.1426246568453
-122.13511233274137
-136.68045793229015
97.03738825202532
-136.10582778696318
-194.7565487793946
-136.70690207922624
-111.14107943393472
-120.23466817466304
-165.06485047129763
-119.79777658438603
-118.55407101515902
-173.28169996887334
-137.3654309129953
-146.98321587843282
-121.86967303846346
-177.71271142807285
-142.81644434583157
-114.97717826487349
-141.25522091747288
-93.45466564724246
-133.72100978697392
-193.34375427276404
-147.11309777352412
-134.4998425150066
-128.2052343710064
-162.54962970072563
-132.5603848284521
-125.87706694211204
-101.8987497218904
-143.06404974617033
-133.27941592257022
-104.38892328740539
-96.38068239142709
-139.5804627452012
-169.41931031512047
-114.98047936014855
-149.70193276340305
-138.28101079275106
-140.00492504174815
-103.1941927554636
-139.2637608437613
-109.66436502691266
-158.85397279520225
-111.69658475592406
-138.07138776220853
-111.84152181259213
-184.13909772543906
-146.7130682382061
-145.08410099352096
-140.11361193416028
-113.36346901332149
-142.33377307256552
-117.55377346057351
-119.57379438947837
-160.103969967822
-101.69795829996835
-113.96259767044077
-110.36537811815211
-147.523140919233
-128.7861960334381
-128.2461390474493
-107.76187846205185
-131.6613130526269
-117.13026657400916
-105.59999960874126
-128.333486835269
-92.18197395149414
-105.73700689736691
-150.86731504704375
-153.8010989744297
-125.18657741806436
-123.85247161136077
-90.84963573711175
-126.00640481784623
-122.89363641994916
-134.23068527344861
-134.82779754406963
-110.39327554238633
-138.50695447156073
-144.77858565042402
-116.60396696360753
-97.20568062526394
-122.41381296868384
-127.23095078371838
-126.90344306328477
-148.91411468271372
-135.8969123959148
-131.47087153928913
-114.15386178409064
-137.8581973037291
-106.8214084840681
-121.67955020896653
-91.9724131959552
-137.18592927965523
-135.0815089984839
-124.84462426810475
-140.01951216476544
-112.17899874029354
-146.79018404992365
-136.93192016930684
-141.53977686231855
-106.86250120189268
-133.318377917678
-160.13919225227625
-107.69718437136606
-125.52951719115325
-112.03055653356076
-95.3967236602679
-146.33371990055312
-172.5745288183012
-104.04514685401264
-121.59677387891224
-135.49971490479786
-122.87378849213903
-107.49468035590336
-162.147987504063
-124.68231935747488
-124.02480395346151
-121.69805750379894
-99.59122446595931
-117.67314472427282
-110.0886937879724
-133.7472937689634
-115.8741548587848
-132.78040101426706
-112.64978599832735
-140.8372609823652
-133.35229164568852
-117.22188150901573
-131.01798305439527
-117.11333071501133
-138.66300167433758
-104.94542988834417
-116.46667911671466
-128.77030097717798
-114.25820067944872
-114.1406637774862
-113.46158027652785
-129.60149422921256
-133.82524403390082
-139.47675382664247
-102.583356757526
-99.99901917951391
-117.09905244856837
-124.70563443104601
-108.02346991990532
-133.4627191513555
-117.32899772111114
-99.67310606658961
-140.62641365429374
-105.37148523242429
-111.83992221544983
-166.02037529085018
-104.69669658700573
-149.40682377587177
-138.79828416039658
-124.00897086460122
-107.28950176946337
-125.85367790090544
-134.9148059461918
-110.8551389962779
-139.37551759201205
-142.86762313722858
-111.9758696344026
-89.29778911724964
-116.46244248732907
-106.34785663635282
-130.3178084416849
-141.8302619465641
-118.04559976276717
-102.33821278703378
-138.0176975552272
-114.59641637716457
-131.66642555011686
-118.48734174187015
-111.87684016559962
-103.54747784274967
-131.84900106732186
-123.5703566813394
-119.39855014705104
-124.77600320297319
-123.71120710033284
-108.9735095880813
-119.02697920261339
-123.02683165863124
-137.68270460563832
-115.49673236704444
-112.7484854358072
-127.873839821063
-94.25673351056551
-126.1693357252862
-133.7152531133795
-126.36606822790151
-109.8378031741507
-138.44020759438735
-111.47480999122587
-120.48971908333337
-139.77371639990932
-105.11361400393349
-152.95252079635014
-114.56494988995192
-111.08993671858634
-143.91263771149195
-141.41829271064807
-128.75899997378278
-131.91200797850283
-140.73778466994307
-127.42529593439974
-118.67147517020237
-124.67265072720215
-123.86200518882848
-114.99599206255803
-119.86714980803208
-92.91101680983118
-130.51878435316488
-106.31440779091504
-115.25849691954129
-137.6058650876997
-114.6255903373043
-97.47150855593836
-139.31899669009434
-125.04617804012501
-122.86482894264688
-102.39642020219055
-115.50258927150581
-101.698336879982
-121.05504941957626
-122.35889515538275
-121.20345696989799
-115.08680216567586
-131.8794227134179
-132.40115224021054
-98.47436420559092
-93.84289404099465
-102.08144114696788
-124.62291843242423
-128.70720019463107
-118.1485490896409
-116.5345565996507
-102.76004357766465
-138.69849208838207
-106.47966426503353
-105.89500049328608
-123.63942896849181
-99.6841284891902
-111.20337138000066
-135.34004101025062
-104.04359885203259
-125.33748849101516
-117.71337391250495
-120.89425901460439
-112.25380888348197
-87.60669573429766
-114.44487537623615
-115.72660087099013
-111.90143207064264
-134.3923152126586
-119.57655455918649
-97.13430261297262
-112.84784758152983
-117.60500438483007
-90.76198048143755
-111.01733553912447
-117.69055578229467
-113.85866523712193
-120.26927649158077
-105.96914235037846
-119.24171381484817
-99.25232618524738
-144.34244353785192
-128.16698655089618
-108.3310478822163
-133.98157348112238
-119.15729857132786
-135.3035244311078
-106.98365546854536
-113.45835892946766
-122.07451080899351
-94.29040683198183
-110.25038763262157
-141.47465232474858
-104.59590320563706
-111.3176114527048
-112.6766956121399
-131.21424027247346
-133.5729414443082
-114.4836244132222
-119.09234438465779
-119.03102217557952
-109.73454153310982
-127.90929821064542
-106.0898557664133
-141.65800328054232
-122.63921488413207
-118.01716952951766
-112.17954703706982
-109.96640869955283
-121.70735223469516
-119.66435007607177
-114.50907196932933
-114.67618712380913
-105.5739570497597
-122.61595357042941
-120.16098350362768
-111.31123224762146
-111.1273830739034
-136.03997606740296
-116.41000046674304
-138.5180988287634
-135.27416456298695
-119.58754436924514
-129.69164682273384
-98.52989670793157
-127.75515874168829
-134.37564607764637
-141.14475931964182
-120.26939680351558
-117.1553547383962
-133.1863186523264
-118.68160898020689
-92.88037724769455
-104.86306561874262
-122.11801449540081
-138.1426548048318
-128.40515461569487
-113.6942228304477
-123.67067926388297
-127.67752289314794
-112.8830440544841
-95.1782450274812
-110.35143831585
-100.76025545375039
-95.81197945300275
-120.54048897919003
-123.2259994563324
-110.97850834749877
-90.97689783307942
-139.08938127986534
-144.20480924616936
-86.07701510520134
-90.46200773028725
-119.08961301391219
-97.94274471595617
-127.09512251349383
-112.72109507223749
-125.93994806366038
-126.9911612906632
-127.2788155973773
-112.82222530072872
-136.73805777888282
-95.97757207060585
-127.78926047691286
-114.01152934078638
-113.62740780588935
-95.06547686376022
-117.37877226533837
-123.29919032369793
-147.48559968196776
-113.83455465666256
-105.88923353319488
-116.83089892875344
-118.19087887778848
-119.24749815895441
-115.11088423488106
-115.99883281019397
-128.95709880114902
-111.90946650305818
-134.62008245505146
-119.61735130328928
-121.35101927110175
-127.195874485498
-111.57264304213588
-99.94315765462305
-132.14171579112735
-94.28781154720878
-111.45465030057593
-126.12586841593534
-129.75368893013945
-91.677124475374
-120.87269889210403
-94.96394778118459
-117.57739896661703
-130.1726622843129
-115.83165147471627
-115.73555181800481
-102.64512563863045
-92.66150158441732
-124.71037424733075
-103.13267359014476
-137.7373779387688
-134.24610889456523
-132.59313306230226
-114.05343436337725
-114.707612066815
-146.32401045440878
-116.54536026499446
-114.20496962145542
-108.63527354572264
-104.22173794109334
-106.64792004034284
-131.08389549991642
-113.41328549372996
-116.09153782543456
-128.055622328032
-97.55072445238083
-110.32862044850243
-116.03432623724416
-119.67899581937576
-89.74688099576193
-107.35392509799664
-110.45451102353975
-121.11444909798657
-111.93739155745088
-113.79784019744251
-111.16875327119625
-122.77472350659428
-92.3858076711453
-112.961966260243
-100.05019250806872
-117.67835141775691
-106.77017575409944
-99.72264145519925
-104.79163331988399
-108.71118477613541
-100.81634649604099
-126.02514995806638
-112.22136699735542
-116.13275733880089
-106.03554783266921
-119.86944340217224
-100.23147379787143
-106.84733103431131
-130.99352422312927
-112.40909760091363
-132.20429726901384
-94.37641503577454
-87.77918799503387
-97.23933345233672
-100.70910592897246
-114.94229108453352
-96.45846465129988
-95.611777097318
-126.0120210698419
-118.13910584317716
-103.78327943355325
-110.91495456966763
-105.39038426231257
-120.32775775559779
-113.57948841368544
-115.0227321376612
-111.32901336129449
-118.167335616967
-98.91647284840236
-91.63128061053803
-114.98059009540746
-118.75360895399395
-137.07110815453962
-125.03153020675052
-103.30904091692705
-110.0115090759401
-108.90933563606717
-117.29487125299684
-116.53009944124294
-110.69131032372346
-111.023287389626
-93.3823544622459
-95.44477206494643
-113.36174711039419
-112.39499123849055
-129.54274044377289
-126.45741795356612
-112.1819840610166
-165.41028932460674
-84.9120025412536
-104.14490117773968
-100.56057218857995
-119.0362914918978
-116.83046358169833
-116.75784566086409
-104.07316513495994
-118.34104681470546
-120.39627846318638
-128.39637351022034
-112.7436075918744
-118.16049632512255
-125.04790512561756
-116.05353377917092
-117.41848597594513
-118.7832709266751
-119.63534262304844
-126.81995961410442
-130.29381884123188
-101.14680214673469
-111.2697174083179
-127.07502730360224
-101.14059459014257
-121.53337881742777
-134.79844247098563
-117.35804225184751
-119.25016536342238
-115.96003908261316
-124.8570265794129
-131.04300224859753
-126.52643324532679
-125.34908037618641
-140.66129457843502
-111.9881235185909
-133.67195790203274
-87.41180710157748
-117.79373047450329
-134.96288796692198
-114.50564403321364
-117.40832861149758
-139.10243039032767
-85.25926370423356
-114.69390700282861
-126.79812188242042
-111.7045784888972
-120.91221617274532
-124.72504732586651
-92.42008622264841
-91.88912644800581
-93.15435035713008
-117.08206535659575
-100.46301632323708
-125.96785179050806
-105.35455771875229
-130.58986998902708
-133.50342807382214
-130.82060448318666
-143.3177832125822
-84.45187072587105
-128.33063939701015
-115.12579146076467
-113.66595056858704
-132.04419256828635
-115.98627852093249
-112.15930510693356
-96.90428065675398
-125.50242055903706
-101.89763501972621
-112.92691643201303
-126.68708164615609
-124.8917680181284
-114.30159658029693
-91.90127856684413
-125.73006353153966
-125.67524539027406
-130.4949291125389
-106.69915818198194
-96.5105385619005
-109.69331156433809
-115.55430887664488
-119.66851666181668
-108.27776657402242
-124.61392428170282
-106.28425177732183
-84.53457182287046
-142.23972856550498
-89.00899919730007
-123.09584148431655
-124.01809308391104
-91.29782602643313
-104.85033189098148
-100.6946990846184
-100.64823425664476
-113.40842259587862
-127.70151675906666
-120.25156906564521
-122.99519856885036
-116.57348066005055
-105.5730659873433
-124.06968356878926
-88.89505787994645
-89.74164002221421
-103.47542068301304
-116.5723173136202
-118.8753346776265
-112.58591621342674
-141.743373117342
-131.3638486610737
-118.2988183016817
-110.50684149878884
-110.05758810631568
-113.02364800625266
-89.95540631520065
-97.32275885105773
-112.74766158200444
-99.00086752623147
-124.83446850008065
-137.79028484546762
-124.65409085135421
-132.45538816094245
-109.98429167007144
-128.90527772416476
-133.32608834315147
-119.66018164970791
-105.8176955827407
-123.19371544456665
-142.5710839939152
-117.63261881995908
-142.07126344125902
-135.81895921595554
-108.29963649903759
-115.16740222757184
-106.75061103797493
-92.40125529178772
-102.54186927886796
-115.50443044456927
-116.65257758381418
-130.4287026156487
-127.30290263709196
-124.55581026557985
-89.37988035805002
-123.66175033341385
-110.45533259735372
-128.4489728624412
-116.9518536366599
-127.06880109168372
-116.6160003832689
-116.25219408928783
-129.52199863058016
-95.51827140614269
-129.57102556705314
-116.62596836079445
-118.73129544076987
-128.317761218724
-135.23475121622891
-113.95727362711418
-133.79530637680404
-102.71497425019874
-137.8612699994691
-107.1945742244853
-141.79992043940226
-121.71654239188561
-98.15401732508309
-114.85824083894906
-123.39486802716729
-95.14221184759563
-105.77525305188736
-113.56795548809416
-132.26860099686166
-88.69375855552286
-102.81864989653457
-105.6555355821643
-138.83701270541889
-127.96452240744482
-106.0978430914694
-104.36387716671598
-105.72017362569281
-99.611300079648
-104.77259562921222
-117.38271270265645
-103.91113712170127
-98.3898306556308
-102.90973567475902
-119.50678341491205
-111.74815726317787
-133.08481208511745
-91.23943452790769
-118.92744904746297
-107.96309783427819
-119.78947973380116
-115.26436730602657
-105.10826161435895
-122.07975185459422
-110.2348349854744
-119.76050516185178
-125.6841024231494
-107.39595279551446
-120.18160158632537
-132.38328524430693
-150.60083164918166
-119.67972534005467
-111.00625588836255
-113.95574587147168
-116.15436126503863
-114.03492740210507
-122.77423519482322
-90.86358163555536
-113.77129199679328
-101.24619914205643
-122.61473500341302
-102.7940931066962
-126.25330104199685
-130.3716621227611
-104.4303614086137
-113.05302691815726
-102.2504761651993
-151.51652308335886
-117.73908371126558
-105.63562640294847
-126.12601444334837
-96.3725200675003
-113.18888716785739
-119.6983489699372
-102.82919864687875
-98.95543439694183
-86.83409544602225
-127.92259197932863
-111.20546737562307
-140.58616971109765
-127.9938517834425
-108.76205998463467
-98.09543316682989
-106.58865049151616
-126.59225369689571
-100.30845721655429
-113.43080422429807
-119.78088072339396
-113.74172306287461
-102.60434465913109
-107.69716384984378
-93.82078356195166
-110.26290217870225
-136.13276262094735
-120.46273146142337
-93.43838769827686
-100.48272403746816
-104.62046596219817
-114.3135755922564
-108.8714564596311
-100.87424058229405
-102.60965050740238
-109.73547753045426
-131.83589981828118
-108.94346742630718
-112.08739873568457
-123.16687056694073
-89.33409066990814
-125.79716062197204
-96.16080123574712
-131.86318463518353
-98.25930729649653
-130.25772693044445
-108.7091077213212
-113.50570459797845
-121.5204268212351
-104.22542773771353
-121.59089295846121
-106.241602264634
-120.38289964700425
-147.0233839235273
-105.67058446137631
-100.2064850235526
-122.76393555795052
-105.87579245584547
-107.41788671978958
-97.02794451113883
-124.89463405737456
-87.21056470771923
-111.48330108751489
-124.15160799782021
-94.80614587814455
-95.51259572636361
-94.44758394051325
-125.32197137920822
-100.8161978570952
-88.70471991364896
-115.26546239990802
-129.46020876638096
-83.39958807204172
-122.85159876001713
-89.25731542261656
-116.27066837383677
-89.88998968708646
-115.91467272469308
-112.58996391565411
-110.20718905823766
-133.34063144289888
-115.66607474761128
-90.13683526132297
-94.17957188789282
-111.80484512176214
-119.51940572909253
-119.87012928529185
-122.21557588317643
-104.45938991954509
-102.18673206348689
-123.35661051111254
-139.9410783430232
-114.58066368162487
-101.9591941358891
-162.6204922592263
-88.26893510798637
-122.27106664394208
-114.80102115420185
-133.86986079411895
-89.17064410053563
-133.72627320907566
-106.30592822494334
-94.0553058027062
-129.56471099525828
-120.28554420175757
-133.50801486493128
-109.63993779590582
-127.01375700895824
-121.40963183697913
-93.27487459260831
-111.07151909227684
-132.17331777550604
-122.78478387271943
-113.29169194088789
-131.1271873514863
-115.91180964809288
-109.17529392630732
-130.5382229173124
-91.62714940759541
-125.19558059942189
-140.173631880895
-130.96653569330869
-94.22900329586233
-99.59587576290072
-111.39137790624255
-123.40090227545164
-124.53467891034482
-116.65751660798996
-157.71265229215385
-115.34747577939977
-116.47730425117129
-125.1067018951281
-119.02978136042645
-120.19575308526234
-128.7330708343597
-95.80534562109737
-107.01850885382123
-120.33065296984702
-98.62721977633545
-134.86269627734666
-96.66481648576662
-133.76787650994612
-127.49743597195024
-113.75546990668256
-114.44267709010344
-139.22764480959586
-101.90377955900753
-134.20487984848444
-120.84866631315302
-132.23903017181945
-108.06861248485951
-129.62848505644263
-104.45210370882764
-121.70043467809063
-116.67689307195796
-109.10016936332427
-115.93910573732293
-110.90161948288923
-137.29042860800755
-115.49836530581048
-97.35279439044847
-83.22071779107449
-103.51571830828077
-94.89035983888417
-98.28177002519195
-95.58676619210314
-111.57644391764788
-113.10134340359411
-86.12400454926329
-98.5062564091984
-129.07738696905665
-102.68089625334358
-115.88147334245622
-122.30923472669275
-112.22596647724326
-139.07381166781605
-122.8641363442148
-110.13266621711755
-122.3963249110826
-116.1764861973277
-119.93634848862133
-129.7718195900467
-116.52702955922817
-104.09410659005168
-94.18347524845309
-101.44531575366133
-108.43461549632798
-126.35804239779404
-121.31511517837541
-119.8946731362745
-101.2200421446155
-121.42328901271262
-115.55877592277037
-118.98544026556213
-107.93811490143602
-117.58511960332746
-88.51806808324955
-113.30080772975168
-123.36622795396563
-83.34864206737642
-90.61923749896272
-112.61243698648245
-108.07427533474548
-107.00434660660775
-109.68808987393034
-134.93854123296228
-93.55507089674397
-131.4964745688364
-102.73407946376656
-98.81157459629769
-132.6787168603984
-118.6016505642015
-114.01266104333214
-101.27732792842477
-85.30955324341622
-132.59162551749515
-106.06851579412948
-125.23880894736723
-114.6551393722842
-82.90459930130845
-114.16288210283207
-122.29146757390654
-134.60525161019288
-130.22573093038304
-115.67504189508304
-126.47435895429123
-125.06883942342512
-114.64672416723585
-118.80065719309137
-111.37376846027746
-124.50280695455166
-99.032421380356
-104.07974139059172
-109.73043289461725
-112.4613410564141
-112.37909196863947
-95.56350146811977
-111.40843136212807
-116.3967976909759
-115.63508706009924
-119.11426424563838
-112.29269420673916
-120.9824320729067
-108.73143685426928
-141.4980019456617
-115.24867760930802
-124.35130500993776
-92.97447939304072
-113.00803680382253
-121.76654926475362
-98.48494792612945
-89.5087245282147
-110.84895514463187
-95.00905974013486
-114.26967420792698
-95.87839761300954
-106.9706148263156
-106.13527691109115
-123.82326650893644
-94.17628219519881
-108.58404164029932
-117.04422843215468
-95.2952791535248
-149.20956240608632
-84.27926757632301
-128.834794449401
-114.27307827074952
-112.84204901215917
-104.96398921287062
-119.87317262898662
-116.07485983838754
-126.22277889200615
-131.63687212671547
-112.0050740572125
-107.44869409613982
-104.89178692980464
-115.1064372337478
-114.74406774296001
-99.89063768904488
-102.54842855998413
-127.18191693958497
-135.44452573068935
-102.7941626986462
-126.12996698893784
-121.62587313027383
-113.2505358529659
-133.87404269349912
-109.84100333387609
-95.05949949867536
-120.22648876726979
-119.27971331712902
-145.89631652129543
-120.95134091977212
-101.40345727556924
-120.16715401352177
-121.3044503657521
-122.58645311630652
-118.54913629434589
-112.37013838360787
-124.5085814134591
-108.15455332586863
-121.3644343641181
-121.55659169117834
-117.08502055089559
-96.9012240922461
-81.83696978285963
-114.89147932621009
-108.24271514995351
-104.89424127703319
-93.73203860513532
-121.85040794480666
-114.6023794558792
-116.79855686708623
-102.18951445803417
-99.68239598658496
-120.42302075082144
-115.74847966649568
-95.31512655059862
-116.86053791051766
-110.90641766393676
-111.12113848228911
-111.88406535171713
-104.03879090071251
-114.90002467399033
-107.70123227359792
-121.11319705161574
-106.15122605275654
-119.54937258909882
-93.69260581239365
-119.38445381268794
-119.73476921504303
-97.19911560984596
-108.68219545063914
-109.30824011220187
-110.15192972205318
-116.76579832725355
-102.41271192676408
-90.3059529605135
-107.29873754506644
-129.27375954352283
-132.30469584640906
-140.91330659754044
-98.3141718635411
-117.53237251215538
-125.07474971310748
-130.04750994583867
-91.85646146436795
-117.94174378880118
-95.15570870617819
-122.23905475305249
-125.06923163761137
-99.6663024397522
-114.34122473831512
-118.97764663812268
-123.95171811006183
-85.94887146323855
-91.45885273017558
-85.43204090635315
-96.77160686112418
-102.44995208430353
-123.5645997962724
-106.30159667137013
-83.68323574489766
-119.86116312150841
-125.58060913390091
-83.40592262368192
-118.61056992206005
-120.93397283419418
-80.79768948091758
-116.91541068156147
-87.0263804616875
-100.89587579848327
-123.62998752676216
-117.22978923511576
-91.18413637328226
-126.20730158981618
-100.0080471059429
-106.4706087292686
-96.25367879859147
-114.05733986522526
-136.57854162202946
-112.58749113469136
-120.21000256371113
-99.23844250912315
-101.62420726606321
-139.2913860357101
-116.48590555048088
-100.09567226570523
-104.55942569779563
-105.81567898707489
-116.53509904917458
-100.25568701928714
-94.00489478483627
-114.5860076061049
-90.97987693950967
-161.3871797612892
-115.31345287611794
-114.06765200750456
-118.09931620478442
-113.66790408025446
-109.90351993653631
-112.55784581654177
-121.56644208110818
-87.71706849063986
-119.20003050068209
-116.13743982149282
-123.15079774016357
-129.0217753805929
-113.42622464795538
-128.96541905746346
-116.6479546579599
-100.05763273507458
-114.65876246065996
-93.19551509636436
-112.72130130481915
-125.71891486336827
-127.50090500597855
-119.8397811373826
-109.32696222949933
-117.37502361574931
-145.49369356133124
-123.80575966144667
-123.88842052460146
-113.97509128955166
-117.82390166423008
-131.6564556150831
-113.83015355413038
-101.19088594100141
-104.73129100500041
-111.9697766782619
-138.66365000432347
-118.56779224957359
-104.6240292328967
-107.17181628312542
-115.11308183788378
-133.71598014648112
-127.99647377299749
-110.42372683857354
-113.66459682837497
-128.424409648346
-117.96134032855619
-123.71597979656566
-92.57975185908298
-119.22036365066363
-115.74685344064036
-112.90663537219604
-118.76279180806145
-96.02416282941152
-124.36078312016723
-113.72997157666605
-95.39191772201734
-113.2235260567759
-108.0192451661515
-105.2270243783182
-124.92718384832337
-117.70372769130853
-93.59575591756939
-116.87595424013962
-117.5331519465781
-123.10859782772928
-112.2040006630035
-115.06430136485547
-114.95319023103914
-113.09183429994131
-129.88324159070692
-106.3205201140687
-111.63033729847871
-115.48790447941998
-102.05153798691097
-90.06256371707204
-133.2815865278525
-134.50486230430903
-115.2768562915839
-92.33201934817635
-111.9061519057542
-119.10396099637708
-124.92003546574634
-100.4141553235643
-113.41605917680099
-99.34169551440084
-79.11522443161954
-99.63188671421243
-104.35173156594054
-129.80759943751156
-117.22846848848009
-110.49899612890792
-119.37860281346114
-126.92156230999302
-86.35458989971482
-87.52992293693715
-123.51317498414731
-118.23552376853786
-139.33880289358876
-122.5126278413645
-121.54160816094657
-119.47304166676746
-111.21425905652792
-105.57745259131147
-106.14947045830299
-123.03451052077281
-83.52700421310381
-118.43606332151714
-136.8351748792499
-96.29590550344204
-128.77373561212062
-110.0571336417668
-126.18694879779201
-118.09494369367692
-125.04269682880262
-132.72705969474237
-81.82354330950801
-127.77306585476782
-113.99056321390151
-114.6087990386967
-133.95784955771032
-105.67646383827866
-124.67612655139473
-107.38751674614419
-100.06591677638666
-87.48077992268931
-121.01119866607056
-116.25926546138149
-88.43205131579435
-121.98283649707795
-113.04145269022546
-125.01164154824167
-104.22661249996864
-111.85289870892444
-154.80560729402978
-118.07860656388564
-121.14872964344032
-93.29142985342479
-115.90388374274553
-99.47096618718203
-121.26326018377787
-80.33313261195886
-121.9158174330876
-115.30658057736373
-108.4733638154528
-105.58046845574172
-111.09486081794748
-130.37516722610658
-99.33203533842223
-118.08636620392907
-111.09142293474682
-104.44106991390248
-119.96146924595159
-111.52469693739909
-115.18048736867709
-100.28575908795918
-129.59723597912478
-82.2225589392908
-122.92863707671073
-122.5151833691027
-118.63635020725313
-117.23402520715396
-105.47283390881996
-111.25290901214507
-114.36700006439064
-107.5794807199812
-95.26189427678686
-90.91664483915018
-109.34424485195488
-99.60651347737301
-120.01673061322796
-76.53792236095086
-137.09001579095514
-117.82647457016294
-115.70221126453514
-98.63970650080526
-130.73912949246153
-118.38724099234771
-113.21832002762977
-102.68248186301891
-70.32136887208804
-128.52568389002468
-112.73139879132142
-75.4792170648945
-124.80148419907569
-90.90412579863045
-117.818086656383
-123.97431311685061
-127.31270908998786
-88.61453723332264
-107.23716069699792
-121.69661824363266
-127.01308965724111
-125.12594347286151
-117.44386715359667
-134.4263415356633
-94.83609231333463
-130.18118369154976
-117.85302875794049
-111.36059493985634
-113.63615323167734
-97.22932085008514
-117.62688770650084
-110.62315666380204
-104.9318422242601
-114.39889452422317
-127.23008507364153
-129.17440314537362
-116.75459291666233
-129.78499867756508
-101.81527736119718
-107.2830131171595
-114.76167508436217
-150.5728931739208
-93.04403839919412
-115.42712186584016
-115.2874543713578
-91.56111576987486
-96.97996169287495
-106.30014054205517
-134.68217573907975
-111.15082423558043
-111.06297255576818
-112.06385404901438
-118.40043782640116
-104.62352745819058
-124.24149856938018
-123.38062037756413
-76.21835062547017
-70.2684815523956
-114.30618786642242
-114.02256080566924
-97.10005247923594
-73.39526237450241
-123.38457736303155
-117.09934458352592
-105.35739411238997
-118.95765616676246
-116.81559685153766
-99.67382073103403
-100.09922532684034
-103.99540184657303
-131.6060537874931
-91.3706456753491
-137.61394206434588
-92.32302553226421
-125.51311691706265
-133.19812949324023
-119.02086029079679
-90.65623287018798
-128.83504965738666
-104.54022551221041
-126.73141829582829
-90.95873531066184
-109.01328737528658
-132.1440531197051
-150.69400697299926
-44.39925339443508
-106.2558085830647
-48.649149080756615
-84.99817741029608
-123.69316289550243
-106.88705139477014
-111.18673747254796
-132.88881490685816
-131.62246971696345
-127.83011718323135
-108.45812069487391
-126.30733318849461
-109.19601280008315
-94.8300814818534
-112.86964313371459
-127.60015233447952
-93.20000415732564
-129.29111504047015
-108.86006456282557
-44.60717287890138
-104.20810265531819
-98.68817975193394
-124.95754900819983
-108.48523489774817
-121.67608930839361
-103.32132799993758
-133.80006233294898
-85.30979444006155
-89.17555650546382
-87.60492478082041
-136.5595074483963
-127.19154673500996
-37.17752896612273
-103.1243950028696
-78.67605339669028
-33.07246694008437
-135.8257586186395
-105.17880819108449
-116.47255667934859
-105.94074705063596
-104.24096687513786
-92.44097333312301
-71.29228282791401
-113.41135116150528
-115.44115497743375
-114.16200301344013
-102.83717557313
-31.329133475531236
-120.04199837837636
-121.64628808573329
-113.24219096575543
-117.60490532594672
-41.19144597515424
-124.25432753977438
-87.58098456025103
-113.13979500539293
-90.32190571962144
-95.99793034206269
-135.7474427986831
-113.43039672562246
-100.31443567974974
-117.06049567299786
-121.20548106174755
-114.32540052155723
-122.26571207630158
-80.37598627690514
-121.00303389215885
-85.69308478667985
-79.89516024268173
-86.66277588756898
-128.59952129487988
-104.27709073625027
-120.82060726199016
-116.42059295006557
-100.66562104041395
-84.8083919978188
-130.45492521900627
-30.93106118723074
-115.32910388561436
-100.96950841297823
-100.05885156145476
-40.69575858339428
-101.87195821167633
-83.97226654022798
-120.77538490394012
-32.88920899109989
-119.88289620454192
-132.45972828291727
-133.66194587815056
-73.72671457096962
-92.75910239278477
-94.30293554633928
-112.97312761049174
-125.248957624484
-55.4399622388601
-135.1345464595847
-55.397740579766385
-127.40440761490203
-101.80159729818526
-103.56554388381505
-101.30174891663944
-135.73387553276257
-95.292187166028
-84.92830327444099
-120.57668378859324
-33.7903328080227
-134.5991408108893
-79.22293721539025
-87.87730734030981
-9.019921986324022
-116.05478521004494
-117.6284320788017
-80.68251832357092
-103.09884108162848
-125.95131058021093
-94.99664752674128
-110.47617387502936
-56.391711518422795
-107.42334487955664
-96.14080454060263
-75.94138592227353
-71.07920989102735
-129.24403970998046
-43.70905658963479
-106.49597230368673
-103.60636402704118
-91.61164199488682
-50.8328395208204
-106.58966005953766
-41.00186299336287
-113.75681652888488
-113.27028962175325
-67.48614268398633
-127.44004552196978
-63.84874196646041
-103.9625892528588
-123.35242644845334
-49.74613601630997
-148.10907670783672
-45.80019486418162
-129.04536504108873
-54.14684841127404
-116.73905142860912
-7.322523567461204
-36.13356911122514
-50.063519970810106
-120.0758143270428
-124.79010377405041
-113.90479830932068
-64.36932584096647
-11.129336722334642
-76.13896184203853
-47.45009678203088
-121.3498447905976
-45.79534470657474
-109.22231551154859
-45.89122342988692
-71.70232018060864
-64.97777778847589
-106.80446667752231
-123.94212298563774
-63.47459832868839
-120.78244514487848
-37.445329213976855
-40.47440308088165
-64.62787613191108
-112.66966982066162
-103.93198959351345
-30.620511684908564
-119.89611404220878
-58.60477692002297
1.6919572525540332
-117.47245853545307
33.88265097702089
-119.75737870268952
-45.530150908595914
-84.26761863992131
-123.57466272832829
-49.311888038811944
-117.14156798499148
-41.41910042777545
-132.18738766938972
-56.67604821726226
-121.39377371581658
-100.53667351857571
-36.00403757985014
-130.70959292346146
-69.8049071803375
-103.24390643437386
-120.9041233461398
-146.14910761161528
-72.56310307775223
-127.75168983175874
-120.72467700820258
-128.587097637443
-124.72719244021818
-125.54020219564066
-121.42816131729863
-104.65535378653638
-25.40376021190984
-85.71324524345269
-98.09737497318608
-119.67507976075213
-82.94422676466505
-3.6482715246494024
-63.9779193729786
-129.10141291648037
-118.55194888914178
-133.50733799692142
-24.314890224352638
-132.17644423351373
-14.534449870181447
-118.62290745741058
-114.8187366572681
-95.05120591851937
-41.300623140905785
-54.67383686691102
15.870920981979424
-20.46910104807712
-100.4547462250541
-130.39097584063185
-124.41813579400099
-102.21842517345586
-41.25355891047949
-123.6943412289771
-123.75989483678374
-44.62891148065467
-32.337225438076075
-131.77616855408974
-42.63768943623346
-18.21392694487227
-5.529274714352226
-106.09043811488709
-111.10697311995771
-48.690620292046745
-129.37146611645875
-80.35668776683272
3.452994463478106
-116.50980119636712
-73.12891423609729
-135.81834143643064
-94.75202922794541
-124.56706930832884
-87.56134110039983
-109.26340247736559
-108.78283239010872
-135.91561705911244
-128.90385128426928
-29.14280350360451
-123.35243057376329
-41.244058832381185
-46.685130693570684
-120.81919551216832
-12.315690546414842
-131.9773711193264
-133.31692155404716
-126.12899138717609
29.117600789000193
-109.14011429328944
35.57700429849757
-98.7479080044793
-7.7132589480494005
-42.11060794966709
-101.99032519759098
-50.827501395142065
-5.471609923036482
-6.232066770003655
-99.8895821432102
-117.20831560734682
-106.90436526305321
-40.90849214574638
-134.20092803947318
-91.61584318345787
-115.04184728060265
-31.720593223610464
14.782999598988951
-103.22356482148273
-112.97850061829813
-123.86381135784502
-94.34273475663147
-10.626252869297787
-34.5515447435111
-123.10727026325264
-106.21152043480964
4.874975375536437
-111.00155999072881
-69.64331717939217
-26.247787943141134
-17.77482188201543
-130.3288621139971
-33.05405444856177
-101.96179828229194
6.599172792620479
-27.93237101619181
-67.07587889520497
-43.80856091359098
-132.7015034403339
-48.198810112363375
-97.49326657434278
-81.72800416971171
-118.51279272129226
-36.89422359369193
-72.72123559644919
-19.316283379992583
-56.60903447579432
-126.63109497268155
-80.90121436684461
-47.56568510217143
-52.315396003382475
-42.40882273916033
-102.28902988583121
-87.4192329226747
-66.84717719473952
-129.1155551172264
-32.362163445760075
-117.55217066487157
-20.688818732530635
-115.50814220574657
-48.56314278527169
-119.1375598130952
-121.10765083404006
-46.600249473711145
-44.58499642929573
-85.98986818883706
-43.16623330634216
-26.186905938981283
-95.76675886530305
-57.093175270627555
-40.19545099420063
-10.394268784578827
-35.498692796187484
-35.96147086955004
-94.30072795669109
-116.16014481268107
-93.11359098479652
-35.55803760728574
-118.64973494252729
-110.82331385580588
-96.47873302898472
-93.28057566730683
-128.11568079799963
-52.80164370505717
-97.38372012642931
35.133138115916466
-22.58220494596975
-114.62162330990209
-114.95060730590954
-1.179721010723668
-44.352712765742226
-45.29266765232049
-68.19534696512869
-115.6933001940919
-27.329892523523142
-40.31109326759328
-29.941008258139718
-80.73103186841897
-32.834901475556464
-66.36479039020809
-128.49975977238492
-89.96015423068295
-134.7834853731928
-94.2777749315399
-18.195993972390355
-42.6489690251275
-72.58969673328001
-57.78383286118918
-117.7879698377603
-82.84848414364652
10.919406987224122
-35.793630581221265
-75.65476655028056
-48.49446547841892
-34.30227799331227
3.491660404597411
-110.89084432641782
-110.37011129955577
-105.8603523818739
-62.75301293790213
-118.28597466342929
-75.93285069606165
-16.062970661807014
-107.70612209255245
-26.10891888450722
17.133398347185732
-67.24022376959957
-24.922303522992323
-106.7694546023152
-62.29311396044451
-42.49221810048208
-31.039045622135234
-117.79197394344453
-118.05524733806666
-98.87158245300562
-130.41472268050416
-11.36448682066083
-98.04697643167583
-38.41247486056136
0.4182171425349992
-57.75007129807753
-112.77144707913922
-91.30724736903171
-113.31791645236378
-110.32396121671512
-80.76880975005949
4.697583077782099
-43.170786838526
-127.61477968743037
-125.81610764675689
-123.13937803146666
-45.39325018794298
-102.09139369965145
-111.41752817436466
-9.056507697594668
-74.89838187417453
-119.17630112996514
-86.50528749265756
-74.98106924474095
-99.2368370999559
-26.01691269004661
-120.51857983965783
-24.897979592631458
6.119769046426953
-61.438446299136174
-104.18286434951077
-26.253877554889044
-95.32214003822524
-131.76820629847202
-88.5837869398694
-81.4321357504555
-97.74090338101617
-57.0713782993647
48.29283368052842
-103.64552257488087
-10.24936076691452
-108.71760113099243
-25.282858264535577
-41.62175589039884
-31.646486926456504
10.651212069723798
-43.34040688490926
-88.33535459953367
-76.69893464382025
-91.69825465842018
-35.42586766502417
-69.4607208726332
-116.9763320257125
-121.86004816510724
-31.412238786332168
-8.314975411135038
-83.74695131117356
-22.28564966055957
-30.84046751805961
-60.00053410524194
-88.24131940686677
-103.41697076441895
-109.02702492788998
0.16659877536551448
-147.62504007723936
-37.856002191644
-38.869012263140135
-101.26323698457605
-49.905678910344605
-109.13135138509686
-56.41906367432233
-36.09487871485057
-42.9598855981295
-92.33295075674917
-39.89852414679365
-113.07343465644004
-70.95136101331889
-26.005208050733202
-117.48250190641836
-3.802622609241979
14.596981272061726
-108.92006950030739
-127.2858802722888
-99.30188228753941
-106.43709901429104
-124.759184194016
-79.89778892672402
-95.62191813285203
-126.69417362053412
-48.15304506121318
-32.801976089505075
-105.44851692777438
-14.111555408988849
-25.630248738622214
-56.15640439488742
-8.096440152462364
-128.80088734175393
13.340752301320833
-115.1493095172152
-30.67246196546604
-94.74073501048098
-38.303264260326884
-123.03527579514342
-16.957328464708255
-10.896750379483692
