-775.9367834382152
-763.7766632709388
-413.7327889382372
-311.3445202358093
-499.1986006826227
-384.6640237788517
-1309.9344511128033
-391.3410838968272
-1080.2478239559537
-1289.668424062817
-134.57587057960268
-687.5908626802853
-441.7539247595159
-148.03130514374553
-658.334749788185
-332.3739863593296
-387.7616597246391
-397.71527742253045
-433.3185079531295
-1387.968048614079
-1898.8012215802028
-1167.2053453924946
-1287.3216466059823
-2141.6624335632305
-451.65559876744874
-651.1462682068299
-788.5257010466403
-725.5367861647907
-926.3062985490847
-1251.0897847172548
-673.0630574998579
-1124.5891646548466
-732.777501084132
-734.0828146463692
-622.6036538396721
-693.2299709168601
-558.3312346760881
-457.16743967738006
-547.2541538718358
-437.7270664981843
-329.76553844493526
-468.8404723333329
-636.9284436609275
-742.9414687821408
-486.67785241191046
-459.6068894078202
-534.5136110661572
-356.3024254639742
-733.6322046879962
-691.0638863423709
-705.856089409267
-686.6386135330866
-562.5125771083294
-622.4759856011194
-172.92459342133165
-149.67813017509854
-212.95832392849144
-49.93124390844763
-106.80635590572554
-103.66207582727847
-238.46965953169263
-139.14235013288916
-136.71811866040247
-126.54122671152179
-146.07066439770807
-143.73251492908864
-119.75147928087844
-137.45209636245698
-108.77722478306188
-130.347270539538
-114.96177113442253
-116.57557988490794
-109.7474499081669
-137.4701061024155
-109.35344814747738
-107.48336381049776
-132.56511789848406
-107.10998146238086
-112.42635369752006
-116.07560064348412
-67.51557753617931
-84.45823149602789
-42.63761374123736
-51.771845830105256
-123.73910240514076
-123.77141430328743
-124.9241622441254
-118.44816862472567
-124.36957214621458
-146.19879250496837
-6.463559044878153
-38.304635627362046
-59.64846596959919
-12.655007194239928
-120.72438109260305
-85.0961800989176
-31.819118864278877
-33.541139697961654
-40.90586947809304
-67.0856745400929
-34.1163765210911
-67.94997565362023
-79.52889588389542
-80.21278068158816
10.43770342331419
-56.305344909848735
-3.4703028291723825
-41.466719404089716
-51.438834030830414
-25.07853533942874
-56.17464566821201
-6.548580294808971
-53.14654192966215
18.94740770758152
-72.29067242241001
-67.5971633507809
-15.440699304289481
3.0703673918550294
-18.31638421400457
5.532223783607648
12.08747805156166
-43.78403176880079
-11.412559594687693
-60.489658237800285
-7.670593246284454
-51.714448969444746
-13.648919564260382
-14.44021254986012
4.755755551584414
-11.765847632115594
-81.67316792475421
-46.79027385339499
-65.72187387731944
25.656919437889215
-67.64204022761184
10.91846572148522
33.079247259635906
3.276508085150965
-159.01493441078722
-22.187663987415434
24.546722834049874
-63.73778138668472
12.006975420214275
-35.54669834787329
-125.27169995276128
-33.24720876812195
6.89204830120093
22.0494781784149
-32.90277120014535
29.170733702672862
-27.603670327947626
-8.039524323094795
-3.1227569900548815
20.563908315190076
-17.778827841684702
6.3559171994102
-33.412157489154225
-2.476038536599816
33.97406590157317
-1.9828964759075802
-95.6306630619091
23.62259980038833
-45.43001040831022
-49.88308493831822
-12.0356837352807
-32.2332314982781
-66.97017974782088
-79.2249510146462
-28.721096446993613
-13.660843234730791
-30.597922770323493
-62.8263080891338
-107.49112097561931
-88.67844800847953
-63.54996436146568
-83.71374867868444
-92.84389961267915
-22.109497003043103
-2.8132219653285375
-19.055934671441236
-49.66977961266999
-85.38056289317106
11.239614501611314
-55.21612767170676
-88.37505700885703
-4.7567521642912425
-35.373489555377745
-28.650126419925044
-18.865881292362758
3.4200311623767874
-80.2913665835696
-13.749535195258318
-21.76202225706622
-20.031988365313154
-28.45676798023773
-87.31312031746806
-20.455936423068408
-20.52431916190217
-45.864150787459025
-55.14695092595032
-59.58858234975875
-14.954805601416751
-61.68809371387103
-17.230685419611774
-21.784115908819686
-110.37308496224374
-18.015482558001253
-77.97746915450328
-79.42050962312668
10.260257222170239
-14.016196659580842
-4.156988371464024
-2.3003124433062254
-7.2187619656438216
14.755470943344491
22.355184260792115
-52.18943772716153
14.943090245390323
-36.61842040001167
-39.58609527595516
-31.805983613272673
-16.17822349108188
-15.718013621851384
2.6706840680212593
-244.9692279343954
-0.4237808991214109
-90.83363733257765
-63.799357191203185
29.806939810029007
31.842722513313475
-25.014515986474265
58.14764066160021
-27.699461987402714
-17.514040815112367
-87.40514817085258
-22.139388456906403
-1.8189576136107917
-25.851858212333
-26.281771921886445
-51.30666483995526
-13.373043483793424
-16.478744777081957
-18.57965741718428
12.137313188275556
31.49648303267864
-14.964388767173332
-22.771020892413446
3.0834875301046907
-27.51927158932925
-3.2291601204722014
-101.01793517676445
-39.9469054441234
30.512053790092523
6.462477009601471
-24.259423518545958
31.269626819756667
2.7782854822714285
-28.76923611105019
-73.06523807982165
9.268334313931732
29.92118934152853
-94.65544035117787
-30.60571696356429
-73.00689301454058
15.269521044518115
-15.732997152975683
-58.92220851178051
-84.16924847179612
8.253094813192831
10.220714721057092
-177.4308330560504
-77.81791832559188
-6.731796978558293
-0.45192042942066735
1.1011226916365615
-6.752809828920476
-35.498834879891376
-43.59719004719481
-42.41215657369797
-40.42811496619015
7.977461191915211
5.436136606796026
-90.02074341127674
20.252442256988004
37.310481666648315
-38.259751157294936
-29.943877882718034
-0.2692502732379296
31.17119903135253
-29.534079766331786
-1.4461190109525006
-28.888433586906586
49.56286814615913
32.51926308274864
-12.998976686992734
47.41778834786558
-34.65369604140571
12.847882388032616
-165.13367311629713
5.046029685374279
-8.183954456197853
11.947581461086926
-55.80675164468347
23.37259349751315
-33.868399142959774
17.149996179070598
4.793416992725
13.67624427551634
-34.379342237926295
-36.603504213235894
-5.859594185849687
-23.793188817554707
12.468124989267125
-17.62115124051668
-40.781139540735666
-10.622136259759628
0.6759655134974736
64.34247964748522
-71.33725281590685
10.128186769320749
-35.26562324064478
-28.083467478034578
-112.78141989293623
-6.540154535204323
-28.048857844062653
12.253902079891404
-30.288577094532286
-21.904551698571666
22.545274912385608
-93.50957122698672
-86.35349160638299
-81.3722131337714
-25.02766971639319
-20.939106577628237
-34.62241984755455
9.56276022318201
23.727319018710915
-55.91286765068077
-23.038232131969835
1.4926372990475727
-42.91969873843529
16.207571926749907
34.43231103986935
1.7412305230585048
-16.819111477969926
46.96045331956887
32.75374149264732
-51.33116380365139
50.5803351095864
-38.20593097863126
-0.9799810572083345
-9.686826604063299
-2.8813794309583614
-53.60817529936978
32.759975600851305
49.6815682736526
-20.70761913681268
-43.18423694365184
-66.77345043429587
37.636250292093024
-34.4980378603738
29.554396719465274
45.530263602468466
-26.929215244505983
8.825976386964626
12.217883072499774
26.52303741462063
31.231244909855832
-24.0704136745984
8.19582791466894
-25.67642027244726
-123.96381961883408
-38.454536465708316
0.20147030663177645
-36.99362649376096
59.243394057345654
-9.02747961837807
-58.751550666091305
-32.41285972653438
-34.128833523581484
-47.64978610933375
-13.911932707079046
-8.178417102013228
-91.63568216191213
-96.7346393741052
1.5156165494226883
6.971142211583597
-45.9056211342016
-24.847913431763715
18.601727869043728
-177.1767186856265
-197.47478534059445
-64.01732302331567
-5.071887083453319
8.138361308739391
20.212407002449638
-65.19883712943289
18.167729921790766
-18.281547901903565
-38.31277616801983
14.7652213096855
-5.4983911235805465
-13.473340219057633
24.17108577532943
-29.616873959026698
26.54910134057708
-62.030366480197614
-84.05806071326103
-8.025741759596766
-53.5391190736012
20.420873972991714
33.514242272740375
-3.6405638608030273
2.4315284107978528
14.419681535637531
-0.4931967305349758
30.13120746643341
-33.28984683224347
-2.786046118305876
-4.993039964185215
54.58139103399279
-52.94486386948669
26.77308738421337
-4.103177942713629
-55.78412699320333
-72.04775261678213
39.62594751694766
-134.74161858416653
-67.19117154930395
-24.496247877133058
35.3505163707521
-29.023176480684917
-40.883632225328604
-21.101910748847544
-204.71419303519934
-0.9665107033031575
43.26660390394005
56.35861474292
-0.8649957664102317
-23.077612766144938
-44.00611989245144
-54.59720863752669
-131.57190847144093
-177.97717620066112
52.978053477682124
-5.648400180959229
-8.997335045542059
64.61403007044069
14.981926638602232
7.98011818112829
-4.154970433569105
-46.90954195979339
-60.07059013415349
-25.710444680052035
-197.0139318835637
-24.78981274934506
46.21696277778145
-79.3854053988926
-37.68472171080065
6.326586269850651
48.09386297105186
-19.893535345500837
-46.03347709822972
22.804082905279344
13.137143109432046
4.702397343338788
-32.8004841175555
10.191477297065326
24.439806065294718
-62.51975418752346
-84.6990030602188
-38.983357604913394
-84.10066811205314
-165.06088177685945
-56.23209130246605
29.50026501274428
26.71156742030601
-9.77776270636987
-9.45683350864094
-5.893434996430699
22.57717393267039
-2.7004579203115657
-10.763364442598231
-57.16058291298648
-13.387248390937899
-44.70238075038553
-20.18350523905835
-33.3111447275306
12.621003428914932
46.14735163389062
13.788753458733112
52.39981919477543
-49.058130588417086
-48.34169718050576
-25.22107376055928
21.36128254488419
15.115791250184913
-222.75168800252712
-59.94858407846975
29.257660212950157
-84.49665464030771
9.572933834170641
-13.871970140625507
-3.103412772823958
-24.855207052851114
41.83474179885363
-36.94725156008194
43.53777082246003
33.826421675430055
-26.492614142709897
-84.82748225451205
-6.270595661177225
27.37868090762545
32.59949560593924
-80.80723603629166
13.473060780921202
40.97368808810867
8.730424367882847
-12.930321879141673
-53.758821199089745
-36.06864438698716
-28.281699555137763
-47.8036892690228
8.46443758847198
29.2760408250233
13.835433448466858
-27.748069138818735
-7.133226413791164
5.114283521107112
-4.251899417074455
7.166213366341907
-101.42278300820696
14.23940823891563
19.01878381854644
97.15487300981091
-47.82468848684863
-217.35389433903498
25.8683268620031
-192.12702666203907
39.81342625495648
44.877358014133335
-23.308384235921096
-19.537642386696447
25.58549608601504
9.434272203398606
64.46763973317135
-87.31628346022086
34.08800452837269
-65.98225624396
-69.91564036451481
-29.758018960537726
24.1665345062666
-213.02232240664787
-5.116735166443718
9.094743647351365
-28.218320974601056
-5.2393972239882345
-32.47844651988267
-51.29071887284742
-4.815600281247319
-30.69507203453915
25.59588388550658
-37.96112833405169
35.353349913966355
-2.0638890334673334
-67.557145493333
40.36459777270136
-267.69349841921235
23.158339667846576
-61.784962001451476
7.312287077659747
-10.612933780950332
38.87832251422677
47.4628128735618
32.734793471393345
-25.378604834647675
-73.49170939533101
33.911928800251786
41.93056510474046
2.246449771948818
6.002406188516727
29.922317240891147
-64.38894018209636
-14.072240000892336
-97.42628093969294
-171.57856810169164
63.17428575514296
-51.17003243891151
-55.1397732267874
30.590869815323416
46.37418841628579
-39.20493888778094
55.55979562562257
14.53759295327896
-51.011020912244206
26.628114921551983
-37.44486620306754
13.909824792418917
19.073497501701766
-182.70262513790834
49.183250137293356
-36.87551480289864
-16.876759414220125
-263.04500845050757
-115.07474180515342
-40.849836395936045
2.0928717102881844
-108.71252095574158
26.60211763912845
-34.61771693194916
-82.60823842104716
-15.88466986830498
-48.80584063196303
-78.57125490335913
14.581157047780325
54.1501695846018
0.9770304972243196
11.548860404817049
-12.321765347546346
33.46124470507405
13.906149812955633
-49.661667662454846
46.649935369808986
-19.81799697104688
-139.93892527022373
-29.38232003664467
50.616250310410464
-40.20688101057624
63.02537209001051
-15.692135114763545
-15.812478594006162
-171.36707580864288
-173.94593905844226
-162.56838179197672
24.47712049784053
23.06530903018985
-48.13463426749335
20.183329134618916
-26.991572150589803
12.579650687264333
-28.92387420591804
-282.67248622148713
-39.34244950157563
-322.07223492598587
-71.03938921971424
-81.67518227421228
-0.8316771950050281
-104.92314640070751
19.569706036348265
-89.93504531375797
2.3163448927114274
-28.633135010740155
-42.53702531470928
-148.20162001454736
-119.37464888118669
-22.771024958847974
10.018084028828014
33.16044168890363
-27.645126075547523
-84.26459686964486
-4.822392182728565
-69.6311704430022
7.745646923591352
-81.8359485061446
-14.891402436119435
-116.83090825994783
-76.1660604171991
-3.0022191677441015
-40.064995694637474
26.09919741852255
-44.10965846611842
-83.15708635393152
-44.9686877671372
-64.06205852290083
-37.02325679314481
-49.398558861984796
-47.579274461639805
3.0081758839546637
31.218419269367672
8.19874392440137
-38.612237113645506
-30.7271391638711
-62.456391634126874
-59.59102218563346
5.194858967472527
-15.882709990427017
-19.485027988594744
33.2717527133116
55.13942430469581
-15.709121212395798
-51.56396518694062
190.92090185339174
-32.95914701870967
4.702237396970034
-41.71836712625304
25.988158048411805
-19.024664406268222
-38.27519549741273
-47.892424965145416
42.704510647138335
94.7881100234235
41.25523631711553
-60.56994078099634
-36.329186397652514
44.99078769843351
-23.313587907206923
-51.958764996344456
-58.977181105982396
40.83064814559626
48.39915904785212
29.59818941809354
4.231150785200937
-21.324260936556
-28.388915653955763
32.3179696801144
6.096194729361741
-60.48518015528155
-30.671477654738148
-32.91309252672973
-111.38254909185245
-39.47295810445558
-11.582306077404473
-20.24833405787652
-12.64868313750469
32.85553773065732
-291.429685836923
251.84272621372108
-50.248884824653445
47.547944407976956
-154.24775892920027
18.728641855035065
33.70011538969098
202.83321841417632
-40.113227527200195
-36.841549759176914
-178.682601257074
-8.16696420996504
-46.050859547440616
-20.954753276040513
0.9794897561311586
54.39244450830083
4.0766579283546065
160.79733025582954
-44.10925972453337
30.135384752617824
42.35250076313349
57.25291537366624
-59.73305793331955
69.54027833822173
168.52775691923
21.09536149460575
25.25086806328099
30.940766481190707
-22.091665997941043
7.387151778301131
133.83697917786236
111.54176241713331
212.3351314851961
-53.230062528383684
64.59080955276767
63.638758269368935
-10.29021486060108
102.68326103598635
249.28848953223275
55.45946129557481
22.634874047620322
-26.219938405911506
28.189345264071306
104.79783474968194
40.83900226710375
3.773663429511206
-26.7929835783208
-48.89200281074759
176.89592161869578
-25.050654844219125
0.9222036955589914
18.989359517873154
17.73819282671711
-44.801771643363594
-151.4255591431742
243.03489302089633
-20.053033965902742
1.0112915020384747
35.41249162973759
54.82875854296759
-9.983050009991402
-62.368591825535695
22.921125397945584
22.805134537218066
-13.856855981508398
40.833126712725246
160.0336188938693
-33.32725983446936
-41.0313623971999
-42.81281272225466
-25.11452401062097
34.298603051786046
15.725015841522591
15.667723745704379
20.30823014535349
-25.37732320309361
-69.1298544174556
-1.166217285039977
-1.719662522575348
-19.03399684963462
24.55713545749056
-49.535173744313525
20.0873963695133
-51.00813409505309
-38.338715097507254
-32.342939501541764
-64.99428827704307
-7.224736131654254
267.912626672764
30.56378972912762
216.9667877693009
12.291961116731798
242.35265597018025
-13.031654887151362
47.65980957604583
6.066753964330722
11.167010650185262
123.55034575612461
41.66517663195904
11.57185997216287
13.246907284461628
-21.05120281547599
-10.166369627508228
160.63163792692484
-40.79763100452727
-1.0828099883206002
25.598675748350416
-34.59536283063318
44.83869945262501
63.91835574910169
6.320843815029775
33.01498538440575
47.072854628648145
-41.790147118844466
247.76168941056295
15.905470611381773
50.30195705706723
-48.222873883506544
35.50226702372336
-12.890336865781066
49.26168019992485
2.722463431398907
16.29668743889161
6.482376036252134
37.39077806686197
-23.9295115603976
-8.671606293570008
40.09773483342064
-7.058869622816843
33.49143592746064
19.617077364209024
13.196053137137767
9.143025542477886
17.8948122665837
22.432674349244497
8.818539438172873
54.718630904549855
64.41750596426905
7.219528182729292
50.082403149543005
-3.519703061867446
10.01365847618662
49.48717325639646
0.47488749059169777
13.453484522950264
-73.90780489708357
-43.65185925250425
62.578005749924586
-10.008723402640967
46.76747798915238
34.42455119820878
27.548913763222142
-4.056389991581845
-11.781918847214301
4.805286952964848
1.1135185775669925
70.02404306858406
28.585430257746566
-37.34817701611743
11.700221678734124
-5.747645477080297
13.2621742929881
12.21945582492475
-86.80399387571566
-52.42290145074594
10.278698418518943
-7.246598822635491
12.668151901449127
9.97056466358984
3.4381115234513118
-45.69111963161404
18.63251717487069
-5.719874533196574
51.1341224683813
-20.32505671620399
27.96407654530107
-7.7250673776366625
-7.153545459487507
42.11642077505792
34.42297990843833
20.6253401535821
12.84165395387376
29.355119118422465
55.78518991016345
-34.78144534370071
18.79439980441899
51.78903452391693
19.52579953333352
31.01593032402235
191.7081007521859
39.164073570856765
18.52785981407618
4.314440206900116
-5.00165742303362
9.072781579230137
9.988675885931928
-10.661306141164658
48.3497468312608
11.136782205783433
9.06394522009549
-26.37569392939419
-69.79386263054785
15.11692533459448
63.74593048975922
-20.492184529666062
32.00078682782192
20.40272302627284
20.980808763735055
-36.64734505449853
16.488184474468696
-26.961952515058012
267.6085333913435
59.84113505178068
29.44566947376324
32.62061842054183
65.26678051944072
60.980039396418206
63.2211164642591
-6.761057510929348
-4.379775062716567
-35.29188213206392
31.71297050104272
-27.36389079099294
6.1547146501035
56.72583434609135
54.934109482444256
2.8381190033248913
8.553307248811155
-6.372347340567224
42.33199312798459
16.463278591800588
224.7142087583718
3.0820385879792838
14.619719081564481
33.2103586945709
27.589583362675473
174.92188854473494
17.807027907830275
8.094500620577117
32.68807188405734
17.052140795023558
-1.7384497741350344
45.711154386541224
61.41254700612095
36.79760349668658
4.188194064209237
63.715587193929125
29.36752172367018
62.49121569886934
23.955636747983796
17.754142214682247
-14.413188913592023
-19.10763084333438
55.59651678000395
24.112086896240477
41.504917485168306
18.17808565019727
25.836144029337213
6.050722247220729
16.41138778510321
216.56382151777694
47.260845751694106
45.051132872793914
61.601223407725065
-1.8127977690644173
44.73169981644264
-168.76439179661352
16.344239602687566
26.391863417258108
37.85266723409898
-10.483659492887126
178.75798490575653
44.51942794713378
29.692749022900045
37.69023827379736
259.7709992802887
18.24274626842042
69.6229654585175
-125.96439318758283
11.278066122226102
33.64580531681579
17.489665317200433
3.5004362395050603
-10.302028264310332
85.64714413456296
10.503421429458541
217.16944406635776
13.046798639594588
-10.428508896079308
53.95585244134319
-17.01793769774872
30.97671826486291
4.010901904064966
22.55824716100194
-5.561956357338758
26.18173203531048
207.55831309718556
190.7985145408299
7.56613816855382
19.99992496719325
157.9400305748666
43.818474353412974
223.5104347580168
-36.843423145543206
228.46957053778914
192.02926010662748
10.883465139417893
15.648464040342455
4.3981951729515645
-5.399744151109433
11.979983396930354
-65.00362597804067
195.79307323269927
-42.66393775974317
-12.305593863666346
37.745495813731225
-19.84374896923775
-13.031162057246766
194.93909767900732
6.0983971920154545
-31.335782276051546
3.3118086024865647
239.7157711123918
15.770915743149203
0.13367020247623884
-138.64489099219307
25.916567024484536
-4.613585657302809
-1.0852965244130193
138.64740603122738
-31.08299354295295
-103.10007355193231
13.634354433709333
5.537892804192921
71.2110820825215
34.62165783003723
223.83451049931796
-5.790926537893977
190.2036420588422
25.102780193422756
14.863945786526484
113.62078144101662
30.54752855470008
266.9633711868859
-23.044143694499486
66.4906905239946
13.575332375967024
164.05087407955205
-36.76944561125762
-17.965399456094275
13.475847550513166
14.342366940958508
43.77259281915909
193.68391411545633
15.65365455620342
17.007967909773775
15.035182558983934
18.194368174191162
-9.861379717611507
10.96979568523005
184.84233211106692
5.969075506326666
47.96837983943785
27.403925242576122
82.69128727031853
-20.780619332023363
1.7839274645571095
13.586540585088883
22.978754194362914
-26.560933040425383
-25.51020243896084
58.807652159144965
6.752186727061441
29.978452023941593
17.677847811457895
9.616639463517709
38.68600514529706
35.41146478510879
34.026815288903826
-27.225294221706918
-46.8023451199325
29.83910613040871
-9.054553663934625
28.055601533890684
19.313185467603432
113.69824096365531
36.70113562216167
272.36327207906504
41.7640284118136
155.79777200624318
-57.011185470784056
254.57356905402295
2.9527115749443578
44.42388146077289
44.09341112776039
-56.10580718986661
191.50175232610198
15.693661432598608
-11.071297666460644
111.28188651041181
172.35554055499313
21.437475712566663
70.65799581511888
233.50275555194858
184.576488274793
62.51597852826976
6.329624839681742
23.283213571630256
-37.598973703392346
-12.030451045974235
170.37119067975254
230.39049927006727
184.6940352535766
237.09599530646472
218.09595231732413
80.02025195851307
170.43778777098072
267.5446147700543
235.99670362057572
218.0314046803141
216.55333548212667
31.05817470909875
95.85137648269964
185.51286998371512
242.93190309483424
266.8075899037779
272.03247784510916
287.1839525029551
40.51136417026319
284.567557320567
120.89985099317298
-9.855627902770152
233.47216464062896
143.52638353078666
35.221846573963916
234.84098966306652
138.80766353845598
8.99864799821512
127.66195695681684
134.78359916549198
28.5600664688333
31.146960279251147
54.623996778803686
253.295296616564
285.66940843423174
97.19282468024173
87.63109135193605
267.7023890639422
243.72780417496762
268.328826575181
237.09183069346116
47.67804871090149
95.34454359261758
243.70199633878713
-15.666989906517415
31.850558612240206
-7.513083378046417
244.49347104393667
-7.711153106244154
285.81061848529714
249.37044242925134
240.0852825168381
238.3172440894317
236.29071140896912
247.531422060887
247.6535377274742
259.8231646585674
5.882112850361423
275.171160477215
199.47983687887017
196.5107044546553
178.39162947786946
270.65003450374866
212.4538972449522
192.17357244482133
235.00258203271696
245.13295627743327
215.5066655880521
78.07587645046536
214.68184240707973
230.34354345637288
224.94657947284614
223.8162560275972
222.33749368199574
29.920189788255072
229.40321435097687
80.79184974755884
11.577142020163507
230.87336359825363
59.47152040159284
89.72633782693038
218.6323203042731
279.52673350119346
216.86915437534333
241.485108234376
259.50429813551773
202.1528680186894
170.3085672127727
204.5760640611827
210.6515794954592
276.3578080260275
290.16467739462576
240.91529001827593
224.74013423650774
285.4565067499657
200.12776151082318
131.61768214767807
240.6707241761728
230.09677395360922
253.0285373449167
196.83570409499703
248.70584848122883
224.65942630593986
284.0509742847295
248.79445672503678
218.4691790952561
252.98620553940268
219.30284201784477
209.50253242468875
229.820419517897
225.77088788784124
173.30576214855668
293.0399282190365
248.33050168495973
27.912723729704496
138.0948022418457
225.03562616553987
179.5811212696764
245.1668720841245
225.0741264103338
223.45568699942652
265.115686505858
249.5063298565305
42.63006997209567
187.27216408964233
223.2455110607312
266.7518756658607
251.55048826687027
238.32179429616517
213.1530086340037
176.89715628090266
126.86227704197093
245.1563925175801
229.50130962075278
231.10074204008293
263.46771597956024
271.6190930943718
274.58238822279213
249.39704930463765
189.27643499106853
283.0968240440848
211.56463667489743
125.47366392804014
225.8879847689078
118.70677066903467
100.36100299850725
209.59432718749133
252.64058446604992
290.24995165351413
224.73462418881667
195.61495903452953
252.09518186891123
235.08075401471572
290.7167645737371
119.58928869670638
243.3316416333586
227.22313031148536
264.948063321161
207.87715240571498
241.62414566719747
108.06472562119961
263.7858964297295
114.10212278342492
247.22797378033817
209.52065833824287
202.86286140413512
86.60692894980266
233.34798523423743
208.74907444701608
55.540208039612054
22.854136268991397
270.08311553132637
69.74016254020903
283.5497762198945
287.20486520710824
260.2339028395581
43.39812663667678
270.2211006500812
102.52113351555201
277.99666784270335
266.9752299371247
66.22631790729699
249.8852411347591
49.42637938354369
249.33057029148173
208.986169837909
246.1071778796888
35.54529635294611
71.05189500145835
232.4869176001681
35.878354090688134
24.812680631795146
263.4033571746312
251.35039685672427
212.56353962553573
248.512944857061
151.19469182129035
184.56809370532903
24.369242582571147
231.53638793100598
69.27548357734796
260.61556476927683
218.3505734889923
32.870513940743706
200.95310936029387
65.93488412243218
41.225087336554566
213.57430223406254
286.9004660389099
214.46310285846263
93.01880957123942
223.39045762058024
232.48883005597222
279.48326080819794
137.89719508309432
194.56526626989375
239.80442480542877
171.0241349662087
196.64236996284973
212.47058394250143
233.9819591441001
273.68891188140765
232.47372331646858
210.16172417206351
221.7160693883381
246.79315305577953
243.7294005340161
223.28619793758304
229.3473611911701
223.1362989954739
212.18995578201006
171.849072735483
97.24083246056638
221.99858678454146
240.73836710411607
189.9786777805198
212.99005898191038
235.51874951960946
251.3977765483899
51.54316167386964
53.913472531795705
226.03391377643078
210.14831229201758
92.6883233645485
244.44837184221737
27.16862151596777
122.65803740874959
83.62490456162124
223.04176847538818
165.75862775200488
249.729943858041
275.5898188659906
233.23172101481077
210.6174054092591
241.48157074806832
220.09724125628787
226.16296367584334
78.6505066014585
276.35546044061357
201.49123654403897
227.87185200401
234.3593640873292
233.30867372513447
229.16405050016724
221.5158215505694
274.4121789797872
257.3954315430152
190.25189574429254
182.76839574174454
197.17083348990195
275.05349079702125
93.10513539710313
239.53043973810892
276.13180937933
187.0666450644822
202.7586585571424
218.95626251602818
122.53614105515709
13.010556228693133
268.3401408382722
141.97943654737304
190.1414021271662
27.611167712032127
270.7322529947281
250.6879378741198
121.9390464201345
222.57383787542528
203.81674554122554
173.4952474214143
46.680055056596835
239.08765855597218
248.5379190900814
198.63256509634698
179.95687440623067
225.0630355858073
275.937504260777
234.33225867253316
245.5041695390662
261.99792483621445
230.06294832554872
179.0070452269888
23.443105220509096
231.09624143884773
206.8706222450748
277.4252804824839
209.4549620219248
251.43812266344386
103.34573592879971
249.25364893425
33.55834482587281
210.19607044691134
188.86263445850747
233.41300516439762
188.52352092707787
227.45849300356525
92.93167593440829
205.60344212386036
199.95561409657384
219.4602022269101
235.04170014085332
258.7870191269455
252.4894190552809
127.96392648349413
236.93102680972453
134.92787150852865
118.05866043586943
180.8485764807134
262.5160724778681
219.66393298929682
180.2559270971225
85.62721746045048
269.40879709643934
234.56992622340664
231.74121440676362
170.69972128125315
133.16004516981775
229.51995372039792
241.0325006408886
196.28282920885783
273.5958191163445
63.70636024256091
253.90485315786154
235.33637023576406
266.7594655254949
221.64866897859645
283.6932595468961
202.0361901950459
157.8733986169824
252.90554788873834
203.91307049640199
253.76923006169596
217.67309586109826
270.98482358833724
251.97555779216964
235.52004537052446
222.40530368925425
186.1515137316755
210.90997495893436
240.64385991478454
230.51131334595271
275.70432061502925
214.50808086699186
119.46603541526736
253.6913544630059
244.6390086185263
263.0264919881745
143.8496453659959
152.8585813576566
216.87463882561133
232.65451039116857
263.00595180536936
175.51464285318386
224.8807060043781
275.26700614000595
254.2981990500016
218.99624978372952
209.799266517246
243.2768891085853
137.6969543102107
231.62974339807565
248.74280514681746
135.7990286183881
208.22307020838574
280.8945041072924
242.58430939622764
252.47096036957865
238.76808238496838
210.508395450412
265.7215422840535
276.50286945679545
209.19378913192855
232.65223091799763
112.33552816329514
239.94198835058626
243.94054047239075
280.2616887693283
250.68203193640298
219.4332438302933
213.29683208587662
261.1716286361965
230.40366412763052
129.61964728035707
126.13737602516703
267.66128520874236
276.3378667443576
155.71778382961006
266.42383517594294
119.84844070704708
259.29887156365453
151.45903925281127
130.4462730190024
292.16852826048455
162.48200725429555
285.82470309739097
162.48820679952252
227.68106073004657
280.8396905421501
260.9263464242176
260.7893895268839
293.65646965750545
121.8549969376316
149.91860035970674
114.77927500945843
165.98191679923872
97.64470381539957
141.89494420686964
171.89403830095236
258.39176064927153
256.60164060336433
237.16758984238837
254.00291216960687
247.7437094458725
220.70588552437118
225.3461650282141
67.83471825570527
260.213595483151
272.33170362565784
208.84499827453374
12.717990429196135
267.0003232447085
209.95142134573427
258.8875779009202
248.0832781322886
232.80768724253772
168.2738608245793
225.74550908205077
238.3184946947098
219.51039195955423
258.58183810617015
169.76355989195216
245.8960369938586
260.2809285659537
242.93060646153862
219.64297777514898
254.51274796665854
243.01531297873296
238.84945152974464
218.44586959380322
217.8471822149299
288.5550950645563
198.01010852545207
263.55048941218604
276.17282348191475
215.36335159319088
160.18442805534895
263.8206183287017
216.54471120601247
183.34954872014794
239.10069599866338
279.2083215948743
47.89669309499513
234.09161601951115
103.08102206501408
222.8153787790976
114.70309046913033
255.23970183487666
249.73209889873291
217.9570191180581
127.22214468650974
253.35665258488459
115.2045522308667
206.93838818827098
98.20426818898427
212.88557670767884
259.7754196302534
181.92659769207324
200.47200946743672
243.81620010970516
261.22672477511315
276.7449379760384
261.35409164720386
218.69569745005236
227.59984254422207
289.7515918254239
248.66230737206024
204.32308579680864
214.17962301091472
213.4359317225081
221.81948211986423
239.83141862716062
225.875396530755
193.38483023898243
250.8202764300844
262.54603169438997
248.45556895537507
210.3533709044672
242.4906533027361
237.1075598530828
248.77764199092115
202.1229277767967
236.61222251083416
122.60741316393276
267.9662745677456
242.34179854908436
127.61851968793407
206.1603149497559
212.42444579858105
234.84416966168118
225.17476631085032
112.81892709874928
210.50709811019487
210.80490004687942
106.28016708604325
130.1085661271025
236.79517395797936
268.4780677302555
242.881021421635
220.07781910411668
208.50574255768535
240.91156500968015
211.60602720070202
212.25025701728626
245.66817848544326
222.11032988662265
252.64191293329043
143.09187260751077
244.7435096587727
226.37407907255204
194.8821147943538
197.66044461058374
266.95889675655985
78.95478221337365
232.56763993433165
227.7326363057233
131.948077510702
237.10470655727516
204.1966499928647
225.8750106042707
100.2284242292923
250.8399489274056
248.4245441846003
233.80235534370016
117.36673492290414
151.73785435073316
95.83948014685679
246.4044737601657
247.5611267859159
212.41410479144486
248.28580506373171
202.476474492963
241.69730000427612
209.82426487589314
200.87742799237907
244.09494473750507
261.84291202099337
283.08639289876317
212.21328024034813
242.86165135329534
104.50402994080002
222.89386919233178
232.16470660752907
235.401996330344
258.5646788947758
261.56685182524564
243.76105443721755
257.5874137671196
266.76024098747985
243.46024785072046
220.33170822482577
271.97469219288314
288.20548905300285
241.3132373943865
49.00621334807593
178.6673699290014
271.39050964192745
256.69258613350496
237.5571042265086
225.728076580129
260.3434363549826
284.9151096482317
229.1907739599336
250.57537376026366
283.944155608022
259.7668614370842
262.2221508772782
260.54100783174465
230.59764909174433
34.504048445001786
254.01774641904564
244.23234177875673
279.90995658784686
278.1497297121913
237.3682503205884
91.34213828057368
251.63758175431252
221.5849893606015
140.32243657625554
221.60557757981584
150.21347860994976
242.19966948306586
232.08418323400053
150.77623127501082
232.18249829838516
251.28051969057216
103.07558256942487
243.56053170193942
230.5111944211659
109.24728512349753
245.91626276444393
134.3340122378393
197.87852396341688
213.57790709672565
261.69329080255625
240.06123857975123
269.553720444992
235.6024820880604
250.67148362144806
233.21779851348205
222.0058267888711
157.43837397499487
162.29740703186147
237.40649140047628
112.54973786875038
240.40319709504234
266.6400470369325
80.58604534488504
74.6859489285138
261.1840387765694
230.47424104747944
289.1658920618703
257.4832109343977
108.94393369571755
235.61735742124156
147.97889055645678
255.3656966650415
261.0840013012456
124.36973898939428
271.5531004071378
127.04331978464197
251.24396704694476
279.833313238807
227.65935500217324
131.41794445019093
218.69197514285347
200.7875638387624
231.85547445607398
253.88979272160802
272.0276458054066
233.12752131010873
250.96837504309232
256.0692329305082
250.7704853832061
273.4753665037073
233.9967238189376
259.80395146985063
223.6411649020754
244.72319750824994
254.036113477115
225.20374807445654
242.6962271038698
245.52075951583026
240.56036192057556
222.75980141558074
224.43717889120342
131.8344597187652
292.89206268986607
272.83601460706956
199.2910121592549
237.44625140748778
228.05271883200035
70.97818211768647
105.90387314653601
155.07082470459912
230.02677790883993
223.85919103922416
205.84969757743983
276.30999467870726
255.97755411563142
227.45934731747366
238.03738112462082
236.64069351575932
95.57937773208924
272.5722603618391
204.29248740389733
253.2521296565879
106.31383127991512
243.75637740348563
253.33888262575613
97.64862172607677
42.93421395439813
227.2621967864506
219.957600140208
261.3906060787279
254.12519030006447
224.36336080588762
264.60901853783446
265.6831481188789
217.3735680252325
243.42198970761774
245.33747290364596
224.5702684740885
212.58060794142517
137.73230015977512
203.71618983093998
277.18798634239204
114.32175910706577
242.72247303644772
140.41930204343413
268.95651120630464
219.31282391445012
287.5308355968775
254.34949528796122
267.37312248204216
258.70644411145804
198.80226762245184
91.34447898164012
118.49963188088223
122.56841389385282
274.64452577442887
259.7043137507359
262.89891003130674
281.1775973402507
238.19859265733382
235.38977208879018
131.9631351751746
276.44667160824963
278.2777532951586
262.4761892083655
270.38236687831215
131.20370137917794
271.66074783018036
256.7452396017383
261.6114503409897
245.1771061002531
261.23724587268975
203.42946401051756
140.65682000021502
258.4582211288036
238.83832614950074
110.39308857515472
234.67208892600172
212.00395247055337
267.00287528588365
121.866288404171
132.77897069314838
233.80948622828538
239.46795446180892
224.73758567082507
225.3699751625286
199.828170898277
124.59582154325973
216.44711414205295
207.55347412261153
178.68918441798053
265.9998682699788
207.35038924946167
257.19546034687335
250.24974709641523
246.19559833987248
265.42981850906153
197.86815102578777
133.2240899323865
197.51444287994713
238.0946851091256
242.84461294161346
229.69083921998578
243.0361063214917
219.77757603035855
211.21569004725694
33.407558496370086
89.81828721227161
234.05408615184126
252.81807884006489
132.71213951469946
252.29028352228602
134.7073083666278
252.12333276800794
148.06050518011608
244.03315364318422
123.9794928242302
244.81601457707796
199.8446185293854
256.38881691511597
237.66694197697407
234.98200040963926
213.93201878506702
179.61316551151634
232.13265725720822
202.14919926140982
167.06996898835183
256.54795570352985
240.4499105771613
157.29093994127342
281.3075614626038
208.2885850963871
220.68482377977304
217.68853690763316
241.51524074136228
226.82794131039452
243.5314328630547
77.002937214225
265.8169278923351
273.3790067765224
274.3037141082236
261.5959488837256
127.99593754325015
286.8841846704878
143.21849980502807
161.43709231150217
258.68661453839945
243.79530616939937
289.3756550891293
272.1157388034734
235.991119077003
214.17244568066928
215.0577700298843
251.05934710069323
279.68590733301346
246.0001569780017
177.74790901461603
260.05509204690344
262.0064871492003
233.3775846927254
243.0190794289057
290.67255124240125
259.8667070875341
59.9098226773867
253.62756889635085
240.88904780839516
272.29427824570377
276.9721153626026
244.09608681943035
226.3356722927987
189.89355899983298
275.56886296471026
209.81038712317678
237.79318402780837
223.8492746418914
127.42385684081611
208.12662636179982
259.6443174666016
300.4143544656821
245.16368985070653
201.2887648177841
58.212785526073844
291.2839634291386
268.26716976724913
195.9171106709494
203.70957592499997
221.08795683671144
207.01613858800604
268.43793146998394
257.4647717669866
208.27229836777798
212.40142416732095
