-1155.374855728923
-649.7083680495655
-592.9103184855674
-652.3045174157645
-451.22060064542234
-461.63601331275026
-355.07763710438604
-504.82694205535495
-927.6033185475635
-536.5763339214391
-397.7833750574386
-426.5445399111257
-497.89628517815754
-491.8532555854237
-910.3913891846432
-1034.4987766134846
-429.8815195738999
-525.9339466038334
-335.3393404933845
-452.0869370207904
-461.392881625734
-508.8031472826644
-473.234920775054
-509.7860268422222
-465.3145408711071
-474.9575988619929
-477.98730104379933
-445.7709032032261
-343.8666481143649
-306.1910228037449
-409.5375666868878
-215.0342165447833
-573.8754796093644
-623.5308905734961
-541.6910818555011
-508.76783891920513
-602.3129337397585
-651.174505050409
-786.4833009401501
-386.90575323719673
-576.8441207046196
-472.72893442445667
-506.20418304973015
-405.1184549165102
-548.4468870947228
-324.30935998805774
-675.8374483521013
-753.9357736065552
-351.208664836744
-640.8345513781608
-402.29939364840345
-351.16625980209847
-524.9148650307941
-768.2378641056231
-501.6585593681662
-370.43958349618725
-700.5352508502764
-762.8574777235906
-397.0494763582048
-417.02879716640626
-574.5844054465038
-456.6622345348202
-584.097277154417
-424.26927980429105
-783.2990425909305
-546.4255659549648
-553.7404920965585
-712.2025695159147
-537.9832098520383
-729.0708986729567
-682.79011283966
-733.7498347862435
-354.6551591304887
-680.0397356242695
-518.1907370500394
-498.950766632694
-415.072777945263
-365.06712241640633
-494.5184148346855
-396.6963020909209
-461.66037589790085
-417.34135631633916
-425.4751351776348
-446.16745076450667
-298.59641451577323
-402.05936258706794
-381.2620578656268
-362.32081187069184
-282.36171631586774
-281.63088302189095
-2.230505072164931
-123.00699577410904
-287.5971008684347
-118.64717133832386
-439.1687413515693
-196.25072807832137
-229.34536289471228
-144.6631200172226
-169.54436192099956
-168.42540049915885
-933.6179981500385
-826.5250858070235
-724.0882040778736
-786.9262888600103
-806.0834055598501
-672.615220422269
-770.9577735780034
-699.6193896813514
-863.4564701103337
-779.352010692789
-1248.8378433089988
-1153.1130201720018
-950.639760423302
-1056.0047329726951
-1085.8699159979965
-552.473462723739
-686.7791119893628
-598.4718676685382
-694.1879760362291
-123.77679501181072
-678.7590111268554
-768.2940631795894
-183.59684873828257
-265.4561994841795
-100.74295451282188
-113.33481975760053
-191.41291619549588
-91.96513698459363
17.61817389289223
-243.80250658253732
-93.87584026840472
-129.98191827309748
-101.07730709813727
-262.1146481219081
-135.5630463683063
-206.47382005172102
-231.44355216738094
-270.10281712228993
-269.66771088930915
-219.11354129199447
-236.22362039104743
-370.9871331047329
-234.33829954348468
-216.67601646274917
-107.1689777874997
-194.63242499530884
-115.27905834836683
10.523005745878876
-270.9332004821739
-303.9756664337029
-381.07912042433185
-539.6938097230968
-319.61098385164667
-512.886781445859
-311.30418757699266
-446.95272231831404
-407.5709550368968
-411.99159358624706
-492.6844752540118
-401.564478466536
-291.1498201295395
-429.0133091547326
-455.1756467508175
-381.1568434436147
-411.88374337644865
-505.20649994597306
-355.8426616959841
-262.3615336153135
-332.8404144548467
-236.98160398536655
-341.61914365075415
-399.0195802060625
-238.9587110716094
-205.6574051580787
-335.42940139758036
-313.9290339784901
-318.37526935372205
-316.7333825624353
-217.56767403691487
-349.5189532993187
-254.0721432502561
-282.7666778279426
-211.0275110092382
-181.81252873028677
-159.87174993661534
-159.35811666083634
-380.24304183158085
4.928869381947393
-174.7489597142747
-138.535065478538
-170.74525613081238
-174.93000168950908
-44.24040909737276
-45.154198093647985
-105.58817254486485
23.543511077851505
-113.88556619028878
-89.11598029503689
-115.65938488620883
-59.75736302018743
-137.37568995517574
-134.0155258153341
-105.49378026704152
-121.26945192632363
-130.8706790299608
-100.42130898407859
-126.91089026905182
-134.69601114804198
-152.06405001734623
-96.35021537236635
-150.74647435327424
-125.76103839284644
-145.70545193348988
-115.39654129666262
-106.58604833380527
-167.32396471032388
-146.89817828102872
-139.07614728720438
-152.32837176434296
-145.94699372926937
-158.77677675043097
-108.89480794424767
-131.87637769581337
-199.2210376287581
-167.39570418633355
-209.51149277442212
-136.91496452259724
-141.53253599443724
-44.65795233024527
-167.9380403231101
-106.3021258353732
-154.66037398216764
-160.85427644053033
3.5409624391517838
-155.61266432658908
-169.06177985656055
-126.04879386643267
-114.21637607249392
-164.97901392629012
-231.4322607896017
-187.44231108526762
-158.57422613028928
-212.79099362955077
-157.1268167624481
-343.52091895834235
-128.03006658784045
-122.2135611280039
-152.5239186758477
-117.00758450281792
-125.64113695986896
-205.37884728385944
-140.77349750412438
-153.51661137928562
-157.01419085839103
-176.9357377783668
-216.9930815582607
-121.360721675608
-144.33868411345725
-99.12329754728465
-212.5933830963732
-149.84915934995075
-183.7106992840299
-109.90214559803997
-132.17360096652516
-137.9942927297135
-118.12557874742055
-180.6806469824035
-112.96497430017297
-175.6445762691536
-111.30077132226043
-117.18079202142047
-153.0677734628598
-129.48396199901475
-122.71666498963887
-155.12378652486998
-8.480077942449995
-144.71600461594738
-118.1981641180681
-50.64967761879007
-156.12467289245
-186.22694012759035
-136.00010920422395
-211.91307424981272
-130.88261299797298
-40.82916413428396
-148.18814565531335
-163.16558188766695
-160.50105254208444
-133.71677046937685
-140.68642188853553
0.6314444998478734
-150.49935639167174
-110.08847696873028
-158.26038332080458
-118.85433735224345
-166.20103442555322
-161.34847318442286
-135.59325928732082
-186.1856270197645
-166.4878624955017
-172.9307430001851
-194.05687522495066
-195.97227441394196
-122.85759838892791
-144.65437199069555
-263.730523907423
-143.62101621862965
-121.91639721991928
-127.24800549302523
-126.62186128878093
-177.87064668858721
-94.3314033455545
-148.64463811911082
-111.47937508584387
-119.82746324141095
-159.1056377305145
-85.87284639016127
-152.5604771132369
-148.07715588158968
-185.31772178682385
-165.4608641367969
-99.32854682537815
-147.1406014214174
-127.36176224496937
-179.30221425459104
-133.73771549697761
-124.47477626080915
-142.42019762811785
-113.73861834590569
-110.96713872184607
-151.6006176377876
-138.74437086405365
-174.5235345869139
-136.3865665392978
-110.94801609779248
-118.97119769049492
-93.68068348528291
-130.45872121998218
-141.32530001832635
-121.57206397476767
-160.17648379539804
-124.65516926632671
-121.24884042084848
-111.58776042874649
-120.74725908873471
-140.25952626171227
-114.79121687006108
-109.39555883961151
-148.89089170747195
-125.99825294588993
-113.72931757338651
-156.6240087985688
-109.88506137074413
-137.58351640811117
-136.44633162981955
-134.47127024129077
-142.08985400400167
-151.0187561740974
-143.91556765540892
-124.01496570403363
-99.11012039060074
-105.10713385616248
-102.20891554499958
-113.68453216966256
-108.64531920894377
-135.60491049165663
-115.88832594064264
-126.66560872163404
-126.77382419782344
-113.98409921887044
-143.099445387963
-148.22039056415747
-104.37962582327371
-113.1214193663081
-68.8983491652079
-82.43606861511618
-163.51715862779366
-98.26359257328879
-116.49927149174569
-86.38031985633418
-158.134243244044
-135.00775111413887
-110.31767508702629
-152.36652363684547
-96.83686283334774
-104.82161649680673
-124.39347662213342
-149.76351538605456
-167.6688233712079
-146.42107026612723
-95.91495292442882
-99.42632981260405
-92.27740857694893
-145.65016201926443
-85.3545811380661
-137.6353563720662
-151.9890145816268
-83.03860241514928
-136.25635644540216
-121.41923939586374
-117.13482319580841
-131.04352839796704
-119.67010463425925
-126.45151797664275
-105.4122411375568
-142.01863865879537
-129.52020799539093
-131.99765453209045
-100.50096258899038
-134.6958599819401
-111.92413871287006
-131.9679931675321
-121.94984746015874
-134.27489350963725
-96.35833464583321
-174.39719502569497
-151.77471207085887
-117.44895759923111
-169.6180242489907
-140.74669492068506
-126.15920231596164
-134.88253676648836
-129.53757250184162
-153.29259755729495
-143.62862380355375
-99.97114128618892
-91.66399292387791
-98.53527626998323
-93.18267541274354
-89.48005741095906
-116.91967873336263
-133.1305932443667
-135.08893217984854
-118.79535924250402
-115.98249419260206
-77.77670449288743
-115.75890034731844
-117.12301885600523
-125.64318346344484
-93.34719509235182
-117.18827025751963
-82.88141757908957
-631.090839246343
-1219.0009121691257
-1180.6044850411654
-556.9594629379599
-1192.0024045607329
-895.9679139371676
-675.8130018903285
-363.9391133861732
-248.36287421971082
-261.66604064863276
-317.84240260930653
-380.44906271413623
-263.3634645083506
-374.61853570778396
-379.02664835803347
-126.5260044545168
-199.2213941426715
-86.99077646838926
-342.010761224383
-398.31368087104977
-339.9270139740131
-349.50218174885026
-226.36081397051686
-182.6758271773359
-250.51618180913823
-212.07060636978656
-113.92207927630571
-47.068591208099846
-128.56807253277987
-152.3573997189741
-208.94817860812503
-121.16842178370143
-121.99362451502799
-123.57550431337947
-116.94255302671117
-393.9864089094787
-71.08436125799125
-85.28955320172642
-258.1801720365387
-32.94607328130709
-150.21003182790594
-141.85228869676584
-97.22524213461465
-133.9002308648861
-185.10378496596857
-73.66207633540134
-114.94717076665113
-201.6242007415131
-84.46488523619063
-309.2102102615759
-115.10434043597492
-226.21315620173465
-110.83182121844587
-142.20989979917545
-115.91242240312707
-145.9947983019395
-121.94292323404842
-176.1860486848669
-79.07218072966111
-193.8577666083916
-128.07580282946307
-124.34148912360351
-145.12003692116102
-167.38609477075104
-202.18879721579538
-152.16792131294937
-135.68881193049532
-158.5933612714308
-423.49625880134596
-140.61979056375696
-131.51710402834783
-137.54928126582615
-168.79521285947263
-170.6371740452909
-227.46867806206538
-293.56898742882424
-440.571716400381
-343.38682447722306
-352.0116471232735
-500.685592419836
-482.0385244808311
-495.362194624208
-464.583194081492
-298.0134424932525
-333.2386491076361
-455.0253491067389
-212.34056026204775
-260.18268572679517
-313.36403753848754
-199.1925338570568
-246.476899042834
-331.06824094365777
-180.5623138679287
-198.83879926682226
-62.913594689146414
-362.0379737073827
-184.5525578820913
-308.121106847916
-63.60274572125559
-162.3711448566807
-186.55888990484135
-145.27613208730713
-15.932486243216175
-140.45290797365374
-139.1317306694192
-101.92972229768598
-197.56055312526564
-223.603884525409
-132.37536009303165
-167.86842522316186
-135.83104629539432
-125.4914993237939
-143.26158416801775
-106.86853070384288
-164.69210146486347
-205.34642404300766
-188.01898753874303
-167.6131797627372
-162.63498610213463
-148.71031542531384
-182.57455973662832
-156.78406094747749
-193.82150122270326
-139.94065735567034
-168.09059121623403
-117.70334533699162
-162.62474194517227
-356.8203055024375
-131.5673347824934
-114.87370901251282
-173.43002298189037
-175.38180513803087
-187.67118000597446
-123.47627458682292
-163.87917882090693
-101.10273881648416
-121.0400683639372
-142.85396882082944
-119.48330012887448
-152.64715565873743
-181.93656546806446
-145.57951158351244
-114.96187247383467
-148.22610990652151
-131.32153850151317
-167.73930037306414
-116.57987844383052
-168.2585101827274
-117.71619366566895
-122.7823840180157
-429.8296241896913
-129.52842788348357
-123.53321550158194
-136.16004445870107
-122.29716123451736
-121.6630139543089
-147.38551321880954
-120.15267067825663
-122.62822997275003
-146.4640140094429
-117.67683555418904
-175.34357475302764
-102.94171987439267
-153.2283682530384
-138.8738781066993
-144.9444853997473
-121.50810372370157
-108.83319283027235
-134.47727874185182
-145.40593671551994
-127.61086974429898
-175.88249887739175
-92.96690889105415
-127.9993137967199
-291.8571670633997
-362.3252292493318
-229.63840861623987
-16.036017870509212
-148.26885920797582
-137.18383675034823
-310.1023286200834
-146.3574100668359
-228.20746076406374
-158.98875147939316
-153.66583583860194
-175.989289034528
-118.52628045087081
-161.6543198773143
-119.45856399075227
-120.61705450218264
-146.67209973045695
-136.8655785761452
-175.50263640693618
-113.89837673118379
-144.79636360838396
-147.69256581413737
-153.45771804573576
-163.30663093711456
-162.89971418940567
-92.43325144985866
-149.91565748487304
-126.72454560893094
-129.75525142504392
-124.04371468311143
-113.15135028641917
-115.47603893929569
-138.13042528371452
-153.11964099192488
-144.1775132687067
-287.43151633554396
-115.05937096492387
-117.61749675098301
-140.64689021287137
-114.81079386626584
-124.3702549838602
-119.34089002685158
-112.85966132700071
-153.37742651156424
-148.77687115445335
-105.5877594118997
-122.38359848020804
-118.38513220638504
-104.04664599914182
-141.02516899144365
-210.13920565235873
-146.8278109357762
-121.17970751433297
-99.027922669874
-183.44615703471607
-102.8014916785359
-101.42774619692798
-137.58450301524744
-131.84289548568356
-121.23898923629336
-121.44317650589078
-161.39236560136771
-155.29445377828003
-142.3613477634293
-121.06743647727109
-129.95698993781616
-152.29811997897764
-133.87592718887555
-122.51301180543454
-133.93983938408257
-185.65128695662708
-176.4063734111519
-176.487867290633
-140.03193480075086
-159.02588534229932
-123.03825434972768
-101.91932064816905
-136.90060221169026
-146.12933825185215
-86.45089652247447
-150.2422367143313
-119.99700828971889
-128.59252095241052
-153.57054078225295
-167.3705871520666
-119.89628534109055
-126.74792705568584
-128.36141357000574
-143.21461948255848
-118.74438335934295
-141.82524761321167
-128.50519501734027
-144.7424476833016
-131.2168306665363
-124.36792363461824
-133.2326863685421
-137.2291703149277
-131.2098753137366
-121.67351987494503
-148.7982808339566
-119.44940248237603
-113.87181011470761
-92.56111572985051
-140.712822503246
-132.629922363331
-142.49330189812738
-124.44859482846908
-142.49579553145128
-149.37697423839623
-120.60260344310592
-148.00638378777202
-118.22597123493156
-148.61799966174812
-128.5098003818688
-149.74355098730243
-116.02015065236249
-129.887797128731
-131.27761876608082
-128.864896146724
-122.57681062615382
-123.62441336140809
-96.02083010903763
-121.07616143940092
-111.77025946240366
-134.37865233534262
-151.05845448392083
-96.82992508566764
-148.64155093852355
-140.0715359968601
-146.61159302117238
-102.84867014826871
-124.61754107290284
-147.4416065519396
-96.0212296713693
-109.26282860738915
-124.87784309671902
-141.51840742323677
-109.6242177607952
-145.3013971214477
-126.86074186865766
-123.89879003193033
-126.58086214751393
-116.93035530864462
-108.67737337296887
-132.92684405133377
-120.81030736392954
-129.52700247366252
-117.93078274854537
-125.41393471586284
-158.39029416416005
-155.1829144609945
-130.1365031527916
-133.27345967743352
-154.69805601226335
-149.03516702415092
-134.91309784110314
-137.07899297942936
-120.2315500203043
-109.81735015974402
-141.2790048960258
-125.89919056795084
-132.12784251141585
-127.47198392172237
-107.7725720311917
-116.47346976362562
-94.38721791494984
-146.83240343257393
-152.96572423065425
-128.3703337612614
-132.19488504203161
-146.9621040093793
-115.53492102810667
-113.09258126810705
-107.79685834296092
-132.7183633913859
-130.63974820192038
-117.83384680539999
-109.12910673973462
-131.8483468734724
-104.26343718133799
-124.63554126253317
-102.26310873196854
-117.72208396102306
-143.91877301309808
-133.14185334078124
-104.771872801208
-126.27774124050335
-107.22918355424177
-105.17826310073242
-147.07159484313172
-132.81313479367958
-128.63249838047517
-132.13375480369706
-127.53807787704139
-116.50149549864767
-94.5450555909867
-117.71090921649312
-93.2004636884287
-128.5915416802731
-129.8114423098593
-108.58088481235171
-144.14865608628557
-95.73354805863205
-130.04534735625157
-126.96470951573626
-118.48291863784237
-95.30982759471826
-128.9196926186031
-109.1939131750415
-113.7521682284084
-138.4656230752213
-109.93778087649932
-136.27946240879777
-141.3035055002023
-101.9818904675092
-134.61967284856047
-90.55940611389074
-130.08356426000617
-103.66749137402091
-131.30287113308617
-93.36377917863726
-123.53006812287776
-110.57860862932881
-129.82871207915048
-111.23426311447783
-136.40400563872922
-114.59763719186876
-128.43247125401635
-109.44961248994115
-103.80255983391595
-127.93616795488325
-116.15565055476839
-95.05273356391967
-100.22223550075893
-93.88152024769703
-114.71804773754013
-138.60764794315614
-107.59696348647952
-97.8470797242844
-105.39689805373351
-140.32231211523032
-108.22832974902474
-149.64436785311037
-115.932735595675
-107.2919323101764
-114.29208451474864
-138.85633602537212
-126.14309326710452
-114.48919301378942
-117.22194534189578
-94.65714794818739
-120.63898517629457
-117.79735004488636
-117.17940637123084
-89.10897134060417
-142.95118193147488
-137.03202599297774
-127.9781847394467
-145.69152043945772
-116.11063433598898
-90.2476537121647
-113.36709003192375
-136.550248775074
-135.14466949999382
-97.86523838147245
-137.1716442502303
-118.59266354692514
-125.57081114815898
-118.9807535976853
-126.26389088280347
-141.63418984871927
-112.28556372403472
-135.11933070877848
-119.9602900681025
-127.51891862408976
-112.6159206992771
-123.88313876274643
-132.86757406049014
-135.01939645673144
-119.55740766874521
-89.2381052316274
-114.16167435609836
-102.36241980249606
-107.11693515981172
-125.4343674707076
-100.57708125311981
-113.85745372752774
-123.60254628361074
-118.7564799783386
-116.9602622122149
-123.33847371099858
-112.9152533306931
-126.32437267909751
-120.42615344331064
-122.93677512355144
-121.00930752218778
-120.27592899156554
-100.83701873740031
-130.0499002495046
-121.86888112273714
-136.5118170675912
-140.79718682604988
-125.4432746431707
-113.53990558385475
-92.33163986694078
-117.98442395308206
-131.58451673685275
-153.0523354547026
-91.94933659585499
-111.1271731099056
-121.83419251201431
-115.85452235896446
-111.76393820775209
-129.07791887442116
-121.24807609522924
-137.8514348426828
-124.76706886075738
-109.46060343432549
-128.70366772365378
-149.44996661630543
-85.29133062657141
-90.3943729773886
-111.10640994488568
-117.6541842038436
-94.88308184034078
-129.49284245113097
-124.60018952002892
-119.67498986912292
-90.36111948677967
-121.12769933056423
-104.84956054681496
-131.68217371111027
-147.122334844408
-113.45205034660952
-105.11865969101392
-98.46446447104807
-113.96354035386265
-126.16636449550285
-115.87768629404117
-122.59942209990045
-104.70871099427026
-104.70795325076611
-112.999357727033
-127.18678049000737
-116.55690582757771
-145.7721686506414
-129.59366413179808
-130.1824904236168
-119.49979938217176
-109.71421523594934
-124.18144429488454
-128.4335895486561
-93.1144862256623
-135.19128060189573
-116.95224421722781
-121.21801012719064
-101.99604145142156
-110.82097195781662
-105.91041681561475
-120.33457118787376
-109.09299271041024
-136.02600051105634
-121.59474616010135
-88.52754073878411
-123.98668181136088
-143.6979954358539
-119.11820546615243
-115.03902044491186
-116.00685622627165
-122.60948128095569
-104.25105337301595
-109.40513646315941
-91.00665086340042
-124.79442500000562
-131.18197006618723
-143.35808785838435
-108.32692276438618
-126.45979880320678
-122.75658639076659
-117.22436294233025
-133.64683744107487
-102.85976615566962
-130.42903151094765
-101.36287130671818
-90.8231827964967
-114.52478162725824
-126.26993499869329
-126.85275216939388
-111.63410752968768
-135.86822437743342
-108.9776388295765
-119.39511832594478
-114.76285309984087
-143.03835687278738
-116.22692490085285
-115.28778404284884
-129.58619169430634
-124.91299384732008
-109.36238191967445
-149.75167373856686
-126.82666668682485
-107.24400504860142
-102.39079438374287
-106.30080246456245
-87.43832888217378
-134.28242323578348
-134.93654007734418
-129.18015104524497
-132.80749865326197
-114.4583009545898
-102.40310333348258
-112.0090779328213
-126.4799114098962
-118.9273479922715
-116.38387914430722
-122.92697545671734
-121.19412266638366
-140.93825619964582
-136.156293367905
-134.85473981136704
-106.5116842139769
-129.21404942403743
-125.7307633150754
-126.08137505133934
-120.02722114180364
-132.35783313650154
-109.13242730991165
-100.22347783582448
-98.79251230810796
-129.33493270985892
-128.66941419334498
-129.72970319861952
-130.07023175730896
-91.97850250376419
-112.07941407224452
-129.79899020424736
-127.95089303715187
-134.54250182698615
-140.320586601561
-123.29309158164838
-82.86941895608629
-117.49201205968994
-111.28423196483718
-102.33537514560706
-113.76103069072006
-123.23410478361251
-129.77029786131848
-140.7401845046811
-130.984553637129
-118.27700403378418
-94.89767303807231
-111.66654763681407
-114.268861179773
-87.86704419469439
-121.24000875244961
-106.76860382658043
-105.10332504196181
-131.78856615211674
-110.8700622441532
-112.00148207055662
-102.45460329765818
-99.16818713823035
-110.17307148413153
-117.04187288369579
-122.06039238699913
-124.33259366363653
-131.8167505006664
-114.14042108058487
-80.19794487652491
-120.64479873886604
-150.78050799047313
-119.5451048363344
-113.07629255163525
-112.64072211257623
-109.66296905661922
-120.50532721318288
-122.21258454929631
-116.2263841648253
-124.6610337734591
-129.1905363320353
-116.26935105396709
-133.07448201187145
-115.57935817244864
-137.5916997451342
-127.39935259404639
-133.67823101016188
-136.73829170428263
-111.81043216975414
-131.52889095424538
-134.67979782863665
-121.35832095251814
-110.62415832533736
-91.50550517285077
-132.9242774087502
-100.04553653854938
-119.44401547526384
-87.5427011296539
-131.0698916426465
-120.42462990042696
-111.8509958863243
-106.89317214064899
-134.88297086070355
-118.35034638992079
-92.96284755359675
-133.83422602819556
-125.04653569647203
-111.67046470037364
-141.02084836939994
-119.59234181605034
-113.34410527187895
-118.39174438161021
-116.64376199512282
-113.94119386241178
-116.10529732447947
-107.65120220355108
-105.50517165257628
-121.95391269325289
-109.47994978471561
-96.8814492699967
-121.38130211388798
-88.86973069154014
-104.57345624300845
-107.0246670189952
-145.10905404623927
-107.03475399543237
-127.60894022378254
-106.77258000066176
-156.7714644488284
-118.0665431828104
-116.66246610348077
-120.60907287133156
-112.81435045052005
-128.29951127809423
-117.2223784658595
-93.72617588651084
-96.03652928394112
-98.76471576015719
-88.66228061007813
-133.58126063537296
-88.08495138902242
-129.7459836854711
-136.40980301263056
-91.82182615848343
-121.01842622459588
-128.6164018289273
-102.598521885844
-142.3503957179974
-82.32378774447531
-110.11475581682438
-116.84161650292756
-124.3630338758343
-128.41435976610288
-135.74398116753844
-101.23615773950246
-104.7394821331928
-128.71819681113743
-95.64908589747292
-129.78762727952977
-88.99902002044297
-122.6618183753099
-133.61609806445875
-117.40076313475647
-109.06820287229219
-123.7921234511124
-153.48129490186525
-114.78897637677431
-129.83914541487678
-135.282928155594
-131.1995170899989
-120.63794603312948
-107.43158632115947
-117.60046458634793
-136.44584804408225
-97.65604324467297
-134.33237669511024
-116.50378318084783
-121.2586947672215
-124.949391704271
-112.18749500379447
-120.19143134006919
-136.5604078469372
-127.88937838397965
-114.97692495467021
-155.5292775116951
-123.83853844037475
-130.8349413168919
-144.82863229414914
-125.07051869823275
-97.85749959280612
-126.49082263718418
-123.2410805259484
-115.11886330124369
-130.04600336885412
-114.77156052706594
-96.06981556009032
-120.68947512118015
-111.79976616603557
-105.70261358141019
-118.83254507305102
-132.04002135491726
-119.99754949544584
-123.7772884004988
-116.04286457440543
-127.0346135164526
-96.95927593032857
-116.81766080859242
-93.3127192466851
-124.24474363994325
-100.94571066529215
-129.83608907666553
-128.3969520010488
-94.99173685073205
-114.88834526487196
-91.15321089306615
-116.62848176431561
-135.77900441859643
-128.08095355179438
-118.16027352754472
-107.11207382668012
-118.00729775607535
-114.15606902374614
-106.18669958950449
-108.03467682389656
-131.83732675519528
-140.55362986923978
-119.45964044151705
-119.1808940805328
-87.22454596817654
-117.47175329608685
-143.64193469625047
-130.32716445714607
-129.31899049905493
-117.7656902425644
-121.32691282280022
-104.47601046352203
-119.64472092247016
-130.74235045239388
-100.91576830632555
-109.29287791993686
-122.42153316184525
-145.0198294381054
-122.36648093124579
-99.35908624024614
-105.57705495493782
-119.52952155756924
-133.56767866584906
-114.32047457857165
-129.73072473787207
-107.77731104360366
-122.74526456792623
-111.40126507876329
-122.53054447521629
-136.2431908501065
-130.1261851890206
-109.52560204822652
-120.74217770300325
-117.49628509922135
-134.7483762214755
-119.37010818595608
-116.99228238570322
-94.98534613377431
-109.06649864432083
-120.58364519688851
-132.60183503502086
-110.09753630007415
-126.50106050771274
-108.4844059503187
-107.74745153454529
-111.72321377690295
-102.53177976549016
-130.0264395948737
-119.94989922461744
-131.78887106986454
-120.76383172723968
-118.71885073586316
-141.0207753957659
-113.15994889427127
-113.77582542608066
-125.62394175101716
-126.29378855172445
-114.6229475915161
-133.5197614921032
-106.50497598307062
-141.30422322760677
-100.17311027518875
-102.9710125557498
-120.87844875672178
-130.06873798933015
-116.92880571641686
-118.11269385783
-114.0672507345168
-118.85784327023184
-134.98941922682252
-138.47943471245776
-114.74437670271807
-106.7257910852593
-91.53560644159349
-117.12650984392025
-114.3620099186771
-115.70952047065582
-118.57525726971326
-124.19762569985717
-91.34179308171586
-86.93458572229991
-160.9855641474883
-126.65197827165127
-97.73291107493358
-102.94498721725031
-118.71712717116341
-127.80743195335913
-133.42803276519388
-129.82561982837015
-118.43181674059035
-112.75327501714386
-125.03603172393169
-98.36498132814475
-131.35647052974178
-108.36238567358663
-114.56264127309811
-120.89251085754508
-123.67123699077825
-134.3422770072399
-119.5580841052089
-98.67910383576357
-128.30724475558765
-131.79382895635865
-142.20433343539207
-103.92848941833064
-118.29664249535226
-113.10506790122406
-107.46849880097263
-137.50377147239132
-121.55914078135288
-123.41023719906035
-96.20353022352175
-118.63396768162093
-132.35910112431455
-125.57678511768205
-86.6445572696864
-106.02285755672956
-130.66505376348812
-123.50364254251832
-116.07953499102301
-121.71635126099127
-111.79527103288937
-112.22542970833699
-112.14161496144621
-123.29910051554646
-121.39029280201454
-121.90400304236
-114.66853002547127
-90.06632900947501
-113.64467966985299
-89.71928559669452
-135.60302644592934
-107.94758344828846
-133.46595248466178
-101.22812203304909
-110.41922640229231
-109.86184123052885
-108.09373084330647
-122.70218456785689
-112.12390486921493
-121.50445767143367
-110.60922842736592
-116.99277733652751
-120.54113083305819
-120.1655718209201
-112.0789859476535
-105.19568392862077
-87.49728922903392
-84.96002727772482
-110.69751295966954
-127.19973005910704
-144.65398739100806
-118.32613094678916
-115.19352911683654
-110.93065257450029
-120.75835459575886
-127.08201632476272
-89.95762437612635
-141.9442266662769
-137.90249481125363
-139.41938566561285
-100.94559180620175
-136.42317964611274
-149.57990065667408
-117.65374887201794
-117.0784252471176
-114.9830801336573
-133.7748077414412
-126.17105935130866
-125.57352879969383
-131.2031090828654
-117.63585013031103
-133.77089484496645
-122.85283756618091
-103.58712318756506
-115.4291683618635
-135.4795808266225
-121.99248050321255
-131.85576032607258
-119.77700742764475
-105.5319063572403
-130.79767528741243
-121.98220761537578
-119.72243335510824
-144.58017534934362
-108.91714582048168
-134.1010992083044
-91.83824441897335
-124.09247605984768
-96.32262883203742
-100.50510604064579
-122.18683885368219
-130.28182168226
-128.46087493255192
-111.98887241353142
-131.9155138712926
-125.87884660136483
-141.03607092053534
-110.24191548171888
-122.03226499073716
-110.1085556809615
-120.44552084797506
-136.54111800405633
-106.60635356877007
-99.83715163028971
-119.89944516374155
-107.29368490031936
-124.43862001672963
-101.25815255238294
-123.30244624699765
-137.26767301072712
-94.36033857694615
-116.17654341665485
-109.86381601137121
-113.59530297145083
-118.47796729501768
-125.33819423538054
-144.9994270643433
-118.61344639222668
-101.4180001080061
-119.89743070805811
-132.12401795755108
-134.85158143727182
-120.95316144401724
-129.2090570553178
-127.24154125048658
-117.90455257651608
-124.35694353368959
-139.11167301545171
-108.99431009745929
-130.9879687115433
-135.66085297760688
-127.95603048395175
-121.43853477185846
-128.18451922148668
-114.03479907745093
-126.56768073327103
-129.41454838885073
-114.50120683488882
-128.42411132196716
-111.03443829827603
-117.74150334988978
-109.71580714713124
-113.98877629394165
-126.95020643386042
-92.15424244822013
-137.00291795565016
-96.5948954967162
-105.79933484997632
-113.66483758550211
-126.50537713877051
-102.17187049939608
-112.0915161738827
-102.26174262615082
-130.77977458235932
-96.72830743253031
-148.66107041626606
-118.25516216496183
-123.28981935474738
-135.92215126962807
-126.60003336711034
-106.0890366714125
-119.53625471315601
-123.53520811172481
-112.50959917552865
-119.28126324176692
-125.11868589394483
-123.07494308546167
-119.1308998181918
-121.48113154799773
-105.08931087886438
-121.21130075241973
-118.47780289772803
-101.57092731142015
-115.71627108759736
-126.23605349686142
-106.80821529638477
-121.39590704103134
-125.22842466980629
-111.82477577005146
-150.40506007106677
-123.31077457057997
-136.48145570762063
-130.44724328733432
-105.54452088043993
-121.81387794263128
-114.26199548061942
-114.4702701679626
-124.38066323256078
-127.04145631122275
-120.53225546418743
-134.67279049592497
-111.39284204082593
-114.17964629116115
-119.01142163703705
-108.07295858414773
-115.70668673193858
-124.94987151508428
-138.0694889172051
-104.95297405948251
-101.42498432691565
-98.76417769617308
-105.36041825394358
-119.29844304586722
-96.2647141892606
-104.17594695387004
-146.39048387043323
-119.10681926783911
-116.81730550425286
-108.99538097518868
-131.0746248480858
-110.36700268413213
-144.3489970310124
-103.05665974228577
-93.90510711137256
-124.03867662609511
-107.81180251997479
-102.83206725146027
-90.03471862282811
-108.79399548961092
-118.08093454889438
-108.5490699244935
-115.2869396135053
-93.2209262053467
-99.12844432760731
-134.61968203792486
-107.90603595135157
-124.42418879721761
-123.51904120609342
-148.3579065904859
-125.78043040604553
-106.3769193166954
-100.30787260413064
-100.18867316058666
-114.16188345262874
-126.33786273115687
-128.78477416342463
-115.00306396540178
-134.82274685120666
-113.6484310383209
-105.19187922850347
-119.6142189393673
-106.90150567638916
-119.33908966202578
-127.07814920245701
-116.4434409289436
-136.25656814917676
-120.47899028261776
-99.24541570335671
-130.36750391088574
-122.08192179486741
-120.18575875670325
-118.24638072510209
-122.37626619478928
-97.5937473265212
-119.99090064795246
-86.84421071330708
-109.73695417623824
-88.1005293906112
-126.14553450418475
-103.88856134781602
-131.53956143106768
-130.39292898977658
-115.74065873387235
-99.74195901062949
-141.8779301952817
-120.84428470231819
-116.87148265214128
-118.70582327503708
-94.2000058688537
-126.34810065751384
-116.18861628062228
-92.98351265315469
-122.86061351758602
-92.1348198450419
-137.52960183920965
-132.83155284865018
-113.82365064633377
-107.41024659258147
-124.81503158218946
-119.7945246005146
-133.54111378593046
-95.47357375701147
-129.65859094870302
-120.59730496077835
-113.80406876209827
-126.76853025490271
-99.54018866193888
-116.76546470983034
-133.11624003273926
-122.57254445782557
-135.23588178182058
-116.22186101139243
-130.45420717383138
-121.78156439322004
-135.9789590646276
-95.71191521514271
-94.0706416877997
-129.68795784347503
-144.0307410747286
-108.01734460693868
-122.35606720847663
-112.18844637909632
-115.42790352071661
-130.5363822260184
-98.57087089867696
-118.01115486772957
-106.56899085579632
-124.84826549947009
-119.42771222514864
-103.43557302990561
-130.99626280041076
-113.2687862997004
-129.60203656698042
-128.89147081445057
-106.45735609933189
-128.89073063610851
-140.52583528062314
-125.22671130545581
-102.54111114547638
-116.69207517478569
-138.7577359920426
-116.09879794630353
-104.99652428145349
-99.85120899491334
-108.49463565016289
-111.26328475222448
-125.44605601572488
-120.902271012227
-131.06124101590913
-122.04963046585775
-127.4395632854993
-128.17100927508713
-121.85462718212263
-119.08578253199963
-114.8474636357591
-114.6803260736355
-121.79688962168338
-130.52477360055303
-106.70716261012262
-119.07469669887453
-121.81507909179216
-143.2830030362143
-109.38517970364524
-120.46471680627516
-117.0148497497639
-105.96839638583312
-120.09684532467821
-117.15960214149078
-94.62997801639774
-131.8646634545085
-107.3928960855767
-114.76292907145941
-126.32429992859895
-95.33131917078173
-113.3235117335205
-123.08848376890427
-109.71198887457221
-95.6969619243367
-125.22186026390534
-97.8688329925129
-130.17596996866632
-119.28160352654163
-119.2123559287275
-109.46520272156259
-104.99827233826883
-90.46369382576228
-126.19880874815871
-105.75004122254394
-122.7217813596796
-132.54535491030313
-127.90369888209526
-90.88816926020968
-118.46880181889784
-129.1871780970612
-102.2916618683669
-123.29552306785814
-135.6571539773405
-112.36038844348015
-127.61273484586657
-123.1105511495469
-126.93973229059782
-127.28351005879723
-135.08899877126197
-106.54673404896755
-118.53714300036478
-92.16915831050396
-107.15477312592905
-117.52555008384476
-109.97769097981767
-114.04751915263303
-114.74032392029773
-130.23392372394113
-93.82408729017722
-119.20281186682405
-119.2785071212389
-158.09380559474124
-113.7013961513343
-124.38651332565189
-119.86321876028977
-136.13726288056677
-123.64792283819297
-114.38611832534076
-121.46751520307575
-118.58571398658299
-97.30550750713103
-106.42031871086152
-108.5825109151012
-118.43394882485052
-114.36698739917495
-104.44815441148587
-132.64079370029353
-132.37699985866234
-113.49772637723007
-134.0046083378423
-133.36449239547323
-125.06336355775922
-113.10520880334325
-103.04393940080833
-132.9307474278114
-119.40729480198127
-100.35319907226018
-107.4529966208202
-133.3579148859969
-126.37566339779572
-101.83204697973645
-119.04636433025392
-157.37530131656894
-138.5659420987552
-101.88579574291958
-118.33689145468456
-83.61232750691825
-105.64330144722203
-103.46605443861783
-130.6344401928718
-97.17590015088089
-104.60269505566964
-128.9670441061391
-128.7448846001612
-115.50210651218045
-114.12369294566366
-146.0034107673872
-120.83217809367041
-110.61493834129583
-107.68522121978822
-117.41134640398387
-89.96646446500841
-96.70135682622731
-97.11876508094352
-115.62026163355762
-136.1078585787399
-100.49601343219672
-125.04138431535827
-126.45097837776964
-135.2231402094727
-109.80552174564686
-98.42792957890882
-134.43376679011436
-134.334505887909
-121.44465417283128
-128.666344943632
-99.57391996074199
-135.2587833080829
-109.11727205093656
-116.0175829568351
-103.2129039769406
-113.51173531000856
-96.95385257037353
-129.90672090499646
-89.47265590108235
-106.83413567021329
-114.6121578431253
-94.56915806568617
-126.81218326056764
-121.78837546987361
-151.91823582380698
-141.7022344142839
-133.20009430225332
-123.82963899163647
-93.2891936158393
-91.92449671327235
-120.3094067923592
-103.43230690901196
-125.79544848913648
-102.64819852047223
-117.33332657626588
-108.93690070639406
-133.59005071216671
-110.58064602486981
-123.24962682383996
-115.42784343401283
-121.84315860175407
-109.60895610353549
-113.08463422102645
-93.56833795013176
-101.63277973453862
-113.11714940497369
-123.60129540386097
-132.79556317168175
-91.72085952569245
-104.15881243793373
-132.59893443171387
-129.8778769984146
-126.86647090224369
-116.55221485850018
-128.56915325213697
-91.87720934488036
-126.10483034700616
-116.08947509931292
-112.84340030694393
-116.62014519321767
-113.0908809739721
-114.51695396851594
-119.39571138115011
-134.95222931621987
-125.76507923992042
-114.432422067009
-130.5987589365528
-116.92029726563577
-103.71929814667605
-118.185397801147
-100.20802232326857
-146.6753652335548
-125.64653704600215
-114.08840307801816
-110.66395374211663
-124.62626645318562
-113.13525071931099
-105.4856199628419
-135.3991390180151
-107.23372813034572
-94.02880476048301
-117.22747504428732
-109.15405073075165
-105.61262723328315
-85.44132583515336
-122.94735970462708
-140.87565928293932
-118.43728574781842
-131.0233056180774
-105.89706702467305
-127.0010553393168
-109.59772810481414
-104.86584447325066
-124.61983955732615
-135.81230251066205
-137.810115819791
-145.80163855379274
-104.10481679590528
-91.38771648312537
-130.20892433031048
-132.08787169809673
-115.31480092475658
-107.46002992026081
-128.37433660784723
-115.5299057955209
-107.5778667484513
-114.31546333853392
-95.88593116887427
-99.17719078797393
-107.37065311911618
-98.20696210342562
-114.76229075873653
-120.98335876707128
-95.66056135587274
-115.37740470385152
-93.28192401166731
-122.1001791040682
-118.60461575209112
-132.46514709449406
-125.67264150855905
-132.58042396621406
-125.12080827232236
-122.03454293049268
-130.19560663578233
-137.06957487126985
-156.61666169531077
-119.8201579151256
-113.67812452135811
-99.20862481393071
-122.39963916201707
-109.43754307622143
-120.93744460836997
-116.65716861410974
-114.1747313023622
-135.0716737616643
-119.14124478119399
-118.06529258442433
-106.26765650404134
-103.22409079962856
-133.39730877291518
-127.23852675231142
-114.25253511121545
-141.65240264957646
-126.72649464559393
-118.89840177732123
-114.03730183374816
-90.51579772278154
-92.47464233334311
-112.11470520464665
-122.0630374347111
-98.549778781053
-144.74482741310234
-108.91537084539966
-120.29627693250796
-99.32827504414786
-100.78606500259649
-129.36740587302688
-133.96331762678943
-108.06004048392931
-114.36927503362607
-123.22243931371537
-114.95861524818508
-127.67052876519992
-121.05683244531426
-133.60135467263115
-131.57969849805195
-120.12065013719413
-110.28205783388427
-135.83248337436495
-130.59842897001636
-91.01458823130129
-106.12730847478818
-97.33646858032418
-99.4246323217956
-98.1283660661464
-111.22989601706257
-131.28281715765465
-119.1854487709748
-121.08650954711607
-134.89677664056615
-116.73638048116246
-120.77102221493593
-105.60562859210376
-127.72765620744636
-127.3831477066567
-114.71574343284136
-109.17112146389896
-113.61441561391379
-115.63353826646687
-133.72484969274024
-112.60470996618822
-110.27846932696042
-133.69613661843857
-149.71355588432982
-110.44325147143059
-97.22857830354553
-92.7454190566528
-122.68764015111714
-98.44337926563986
-110.22054244019355
-119.59929957220955
-134.19614795601623
-106.98541074975478
-104.67132670223877
-115.34664162106462
-103.90814252121076
-94.1481927070428
-112.32640975645404
-115.43582383700914
-96.69712705260281
