-2051.62574062385
-802.3272921556584
-874.9197123731102
-798.1047868030299
-1113.557641208447
-1137.8398834484333
-746.7908897051673
-1174.5448325727698
-735.9158132705205
-404.746160660204
-462.2119229266353
-550.090141013912
-644.1504912893628
-687.7984416504266
-465.3355278673051
-469.10051290831484
-186.15339366264368
4.418417926609649
-70.73417132626113
-216.68122559478905
-59.96131058840236
-99.82775999060289
-113.52229710374512
-76.21670201233394
-3.2191189550315897
-50.63729194853208
40.49232799911795
-87.77655498567894
-8.752444797738576
-33.13114597638658
-74.66234776740652
-369.3801920710566
-150.46715590576008
-116.06736211211262
-34.92634496189682
-100.19644674495909
-4.492600339334871
-29.35387853558248
-93.21215116530661
-58.864153575887514
-64.21870692832935
-80.9075220565131
-125.44982030738248
-83.57905853529643
-41.14615886776215
-82.47882262908628
-117.02104463779678
-133.56941539653263
-63.77954545729795
-57.81358434548557
-169.0754060287686
-60.20842649698389
-49.743637698838
-37.829689202512256
-124.37454621292736
-66.82911089921808
-90.51640913910342
-122.3470837575284
-139.11616302441374
-62.08453944790086
-35.96027995219862
-114.97070417312307
-37.132675812006866
-17.567149177986195
3.110489838689773
-6.42640555813702
-90.51311154073137
-20.893075816851464
-39.03025099766517
-7.744635336213804
-107.58206317814728
-21.23015875696582
-34.72257989513966
-5.1217322467887385
16.671045885258224
-21.156366646508147
19.755627351503676
21.093260754619322
-75.83293682394506
-37.522520163975244
-2.659313250064045
-32.92982331164083
-20.153798524495045
-22.663480139045234
-24.273288069463206
-25.574627799487644
-13.358215035177835
19.454968593703057
33.18903838730452
-7.592221008348616
-71.22825667947923
-69.45803077895525
-30.939295821854515
-29.231145918644543
-17.350657895972105
20.661769529572155
-5.355569607040579
19.296900133309947
-18.89743113986944
-26.07489482217659
-17.536530469527264
-0.9933459532210946
-37.24614411374566
-83.85076299612501
-42.290993016284546
-41.61722457996542
-89.76400270693742
-188.31630991954694
-130.56753469061792
-143.6938573578594
-149.37549067598331
-163.8933074089506
-127.74272985509623
-130.99980347484063
-127.21921012552615
-135.43467742124398
-173.2867324698154
-151.07294659275527
-99.30555500529402
-130.93197767878132
-118.25815638185038
-112.36084101925739
-110.54081267051409
-144.63608177055272
-161.1529815995802
-155.3582518822051
-135.89694932162178
-147.6379957690834
-138.05253729929655
-145.73029585091197
-119.54054195917735
-137.59556607716178
-158.83498239160812
-133.62512566923726
-145.90162622075786
-178.63522228258515
-107.47652623843997
-131.81953568210187
-109.05072188099545
-209.7710725212301
-104.65303261128221
-134.71643857103896
-127.236656094638
-50.43215344275494
-166.4579140176309
-221.73514389830666
-261.90318616548706
-181.7627462822207
-342.1522300343712
-228.04789499341177
-167.18840393923793
-146.50899846077775
-184.8451266086306
-30.328169602117796
-369.917003530238
-217.02484022725105
-110.7152777457363
-135.0604556174574
-127.60166502592244
-223.00846816411263
-65.1719252963104
-137.80658885978946
-145.42699947068007
-140.25022110753937
-146.435862608212
-138.43306394547085
-120.41691202406463
-113.05925278932587
-145.25955887958617
-137.1998716166646
-106.06553398720129
-137.61782570570955
-126.19014535905842
-112.24817057919702
-124.59790530993098
-112.33080707673442
-104.9988237319766
-114.92637412124205
-97.92998541200072
-140.95453622856436
-130.9672915770751
-131.15211495139994
-90.75321187774124
-162.46857578632788
-100.91078504712478
-127.08864265869636
-104.67180702323219
-142.13391981126907
-153.71317881387026
-128.72089063278918
-126.76889809352164
-144.83667833596903
-103.6208302212401
-122.5233025791284
-111.35438120953964
-133.79094698259993
-139.08072021028764
-136.579774053414
-108.45045430225642
-123.01380938370474
-139.75603097210586
-117.23833046173422
-148.75482077864325
-183.7778096659543
-184.1225410341367
-131.92464162296076
-135.0071108812036
-112.05878578689291
-141.82362200131467
-105.41022242010753
-136.77838062849835
-135.82469363293228
-141.8118508700667
-122.7798743651049
-137.72448171898338
-109.06037396346048
-138.96672824164307
-139.90286591886576
-134.3503810358768
-138.820567742585
-113.63760636191031
-107.70597733778028
-132.82368886250146
-142.6514068427493
-153.82552379109595
-126.75227961138589
-122.83864032247743
-108.84072956627745
-125.14190262365467
-144.97878016694096
-119.81848862632917
-179.4981455884486
-153.69648012137125
-135.4994964065179
-140.6253819242251
-131.55765362850065
-120.72621213450502
-110.42237735018333
-108.35388468027483
-147.76674394558904
-143.4479830882526
-110.57549835689005
-187.56345525082426
-158.9801327532991
-118.6866776461645
-197.8546186528768
-124.42884566241028
-163.77381944359024
-154.68454347508967
-153.33917697275444
-149.34611989764502
-128.3404129220594
-185.49584431390653
-155.39505553245868
-152.09268053592663
-109.60480654352368
-136.01291564715964
-140.6261051899521
-113.74572900476792
-137.27263394853318
-166.0739002649422
-164.45770629526413
-143.55077333877193
-109.480217674667
-152.71504225379346
-123.24928198352947
-122.0704845509313
-157.16087765249534
-158.19205643281583
-131.98658775871505
-141.25746285999762
-126.84207834415918
-124.45834301905413
-132.77852344470855
-150.19989814534227
-124.91337657515453
-130.1181543775444
-119.46692249709373
-152.20360610893803
-120.15753086048841
-149.4309357449221
-122.65572620300097
-118.9062006941479
-144.03424743951962
-158.15803698206466
-158.08706372792196
-139.32043237738276
-112.49943558003785
-116.08965853567823
-145.73383091943197
-126.94609639563619
-141.18228654714173
-133.96178303961818
-128.0804731011968
-140.2575711521348
-106.15218907556634
-94.60847769302775
-149.70272230052836
-148.75738804858622
-214.29223938179842
-117.76796781914585
-141.75067578551378
-131.44665660384283
-120.59461706825867
-137.6475585068504
-110.95593322089616
-125.79586344704065
-121.47991024214127
-88.58516295823988
-74.4567216284124
-73.80621773901808
-153.7955913319814
-31.985615307631292
-137.50535718676343
-61.89683036200469
-119.82811023982202
177.58868199862812
-132.43699775718275
-240.4111888681254
-264.697790166212
-220.1934747305454
-206.39709112877108
-255.33057803812665
-148.51435101674534
-106.97214780984329
-208.0643990617005
-100.07726730307598
-142.34343082064484
-288.41133781243985
-23.462691607197314
-106.37075192042991
-238.4457277709506
-136.1847900784783
-142.54233223960367
-165.31890712285656
-113.50065529216202
-133.61132813675928
-159.10240691100495
-106.04756530813324
-135.11095762196817
-155.38162004188854
-164.53698396169509
-125.03394332353432
-145.0717832513496
-116.99832461792053
-128.39133257660473
-171.25563040569003
-19.368099398224246
-165.44444441761692
-127.33977060981928
-128.01142595537348
-116.1881541033388
-136.1159048713146
-114.16739276579212
-122.37831960109945
-127.83839249201999
-129.563523240707
-126.14017635438462
-114.59467616704222
-114.59732650265013
-97.53274715613448
-126.90976995567202
-94.71959684550605
-111.01673131661494
-103.06190701285064
-122.8070450717971
-134.94203286630523
-104.25237878261197
-125.48485998429494
-118.71474092000616
-86.64905969217679
-139.82649134792368
-92.60994202416833
-137.90342431631268
-138.4142590887767
-103.77108743138731
-110.29137126800124
-128.95135257087586
-114.03374627659207
-129.30543549299432
-89.44754863584666
-123.2056939087445
-109.50995861115219
-119.26879918724528
-139.53862937971076
-107.34190551790626
-133.4225637008853
-123.07199304467743
-111.76547215541926
-125.2068220637934
-116.94506226343178
-127.2671379793437
-123.7195118354357
-142.05824446838938
-125.3140119106781
-110.38962733299446
-129.52738942032877
-94.24847212775792
-122.22010397409053
-119.47270329299653
-101.41397041790168
-79.49570655528638
-116.6894081397829
-123.83136149402176
-128.09611562574344
-115.4578526418521
-123.4550153317407
-109.62082358328148
-152.53591960223505
-109.82598431857343
-87.464729060613
-112.55861053071047
-129.00026590086276
-119.52973735824301
-132.3633323727519
-94.7590637778456
-98.2733446111214
-108.18954162184443
-71.91354773962323
-100.51816214881977
-89.01896019426763
-118.54014876681109
-116.18954424474869
-112.55332173200838
-117.9442452761296
-127.25043277334656
-127.42733327927368
-116.03167508271993
-103.73189550517532
-122.05560873926376
-126.96638312055929
-93.83919704530814
-108.74744100013991
-107.78196119498189
-148.45109103861373
-131.55668913326795
-98.96171673674472
-115.90447646885525
-124.54652120731103
-130.5621651735985
-116.8971397351643
-92.57990986403931
-94.99653400237348
-92.15630289521523
-88.20741330991397
-122.23652143876171
-83.54996339204232
-102.41187207401742
-113.02716600395296
-95.22666463334885
-120.63484309482249
-111.22948288799104
-58.07158261872176
-92.43761390298053
-88.65023847355008
-136.64859333901302
-88.41787274369047
-83.29611983987851
-122.01021701973255
-67.61849381491987
-125.74733426011997
-81.92746006192112
-104.90031200813686
-107.81132386341386
-64.19039282283575
-63.164326288498785
-114.4807127172883
-81.82501872812007
-123.27904005311517
-77.08282611038696
-53.15076107551542
-115.2550739579131
-143.83650746996875
-138.96360522691936
-90.3611946584815
-89.37554836746581
-108.83669766415642
-88.35897368096838
-58.042606714459126
-77.50381294098257
-71.48305588946187
-77.56361538656404
-97.60462010268894
-111.8349234419151
-70.64748167906626
-115.09973759661852
-98.99440577283815
-129.72893712133407
-42.95950215339279
-91.32196477350733
-131.54528559399358
-80.84636684892405
-87.55729373622904
-107.29605227741287
-53.56710060857431
-76.54139285158503
-76.20084849136384
-76.57665547625074
-51.239694373254665
-121.05871566876439
-48.54082911047992
-118.23242868789906
-90.10673147162163
-82.20255336846915
-10.601850462277952
-68.31092280497779
-35.23475901808774
-70.76222665513313
-42.072463256336945
-82.96672070143053
-111.79551828342721
-97.92864574511259
-113.62211155227934
-68.82045326043698
-81.76789384788333
-20.02913573026001
-49.617478205063925
-70.68362209531173
-86.11254106044572
-70.24819855019227
-80.18040007920085
-62.45177496537856
-111.88924097896802
-75.66169529556015
-78.72775965436506
-21.325564426823775
-24.06027325596493
-17.802964640220793
-15.798607706084866
-50.025143413406454
-28.941150633493976
-15.505791480559083
-28.062086264055665
-34.78745939179801
-53.654250799751566
1.4426331478258732
6.7267198601448115
-23.222416130507327
-4.708660418933874
13.669207992289003
-0.46222974687717056
-4.075561727588095
-18.54884966570556
-60.014499813645145
2.0620019731352244
-64.22662305349387
-75.35659115497646
-75.25403180056342
-61.10235134151184
1.300678284117879
-10.194792066328048
-53.48779783560638
-31.388649221439096
-34.4925781428835
-10.588019549523068
-17.467218453893878
-44.95102141493944
-27.970692788463865
-25.897902597436413
-59.161043616793506
-48.91280693497058
-91.57398837170807
24.574130323820484
6.344544970268586
-65.67161172229311
-1.7765912946274796
-10.744497057881887
0.9747638511994694
-30.711962205307998
-20.773034462157213
-48.59918854784563
0.009583096235985522
19.12667467763559
-13.516432880069758
-11.832989537602387
-49.02729136086151
-78.72140936020847
31.90056161316471
18.36882555483325
-57.10179922741117
13.729791224659536
18.304154090293736
27.270940636073277
5.87025127166919
7.273069579280531
-47.898465115154536
-14.146852573792131
26.038090669729044
-17.19680383149459
12.852089371813776
-15.243466676947861
27.003212865783297
1.632131226368159
-34.88083233584692
37.055386266086856
54.28814051385635
-52.55110484051526
29.814272591425635
-6.016656686700685
181.23169377223243
41.85107218155869
22.519470646393884
14.97077930408419
27.38704455917953
-12.263259448420982
-56.55289133708471
0.9005766346299424
-17.22531671525978
-3.8233079654060163
-8.444599904970119
35.815636579158706
-25.090407004304538
-20.995744887742845
-45.327834154877976
-24.448384851588642
25.387626905556303
1.7408748133810974
25.634499685044958
40.22646149285876
-59.345755240847474
-21.88899295791971
7.5937240306280955
-11.935529137702787
-31.287103486364344
28.803897070939797
12.545582156113667
3.298064620829038
13.295216032684309
8.378641644022139
-2.738097554528167
-5.51430181574203
20.681300321414525
5.668441223229138
14.817591014042037
-27.140547016799772
47.81919893088943
12.590819020742543
228.3172833512768
45.817317804922624
247.94517536632026
-40.71963810510075
27.721752053645943
2.0353904634115167
-46.75736127261112
59.59806266095947
38.302470378738576
-3.0546759923414726
-27.524088153460042
57.45887769063313
9.43895233845356
28.37836086771034
235.4142975077108
18.2251289001683
-9.687057392755477
-52.971637369948766
60.53866888500903
56.20987668687718
57.028159683285566
11.752568222112941
11.029053425310678
43.24794907822877
-3.6583979864740144
-21.38249640949357
56.75749937412283
57.57833694064294
-22.399758834806917
201.59770809018983
20.969830246094745
-12.966141133430767
26.516408976798544
36.6080283118616
45.15772616913782
25.450959993789013
25.75078600927526
251.8468578266429
14.917434195959487
252.2270115225203
32.66702186147174
25.71966800154523
46.64793861306737
60.12608308047362
209.12356439328
56.6882800506412
21.41408917351707
264.94500970903397
217.28219177358
158.28504976755508
236.96276511493141
-32.56113803222547
161.84966106479635
-95.27182578928277
82.3938161937631
173.94340856407638
225.37722691100703
-18.678875052616092
42.122348136271285
34.86453547934
78.95826459466129
-1338.7761923950636
-1470.5322172733404
-1230.8452343462639
-809.9657600197717
-1437.6490801844773
-280.1561800716744
-54.8130386577385
-311.4873566651671
-539.7126915264868
-440.835520220932
-414.1064244508898
-428.73360481166026
-513.3076491752483
-175.3727162738464
-262.43042656882574
-341.18012343434407
-308.2188646717235
-208.66256262531093
-163.11026902531245
-301.77431923390634
-276.8440698042615
-366.16153305546254
-325.3326828541117
-340.7833995861531
-471.8693446149379
-240.92454033248526
-176.79690673950455
-247.4086286545679
-149.24355668859096
-307.44155870787256
-354.05707135572004
-155.8187842365949
-441.30670603579335
-156.72712730722657
-114.65851033697442
-158.90171521481528
-143.573038185471
-128.68868116009511
-137.46059877066688
-174.86282611726267
-131.75557614718053
-120.81595302102251
-265.7677348029323
-183.01454832504714
-575.6809928837179
-755.220141224423
-445.9442834567875
-621.3168201870016
-436.10694350128034
-401.9603451912602
-759.405190514204
-833.7151649752576
-367.6280577159096
-337.7273329804138
-468.89822851992693
-657.3761339851088
-499.4301533600815
-737.7395417259156
-562.9215168690073
-431.7263902057143
-868.0063751588166
-468.0203560254373
-671.3519323160498
-532.7861467452296
-788.3785688475823
-432.19689066710237
-695.8893069716273
-670.1934728673843
-578.2200664475316
-836.4556210011763
-328.53746805701684
-329.0534720044564
-266.24603522831325
-221.87749921059347
-117.60009889757737
-183.68992992746325
-207.93467246144783
-88.47369532676805
-139.54852321556058
-132.7203844416537
-37.28683173019336
-84.80367516967024
-92.78585468517655
-161.93051428165168
-218.5712812655052
-239.13655187979506
-181.3798691686219
-194.31257664757283
-150.1248909433889
-106.68540225055334
-126.68817391703669
-169.9700495213919
-130.42941741106245
-160.05043798019938
-154.86522555973772
-157.86009553199466
-143.795396949272
-143.1793428329583
-148.94076082416808
-148.5566498243483
-171.4127685266834
-198.9508224231909
-136.46252233834838
-186.23524446207318
-148.44863514245264
-162.50422649094907
-156.29754937746324
-172.23336060113425
-187.18443459972627
-147.00249582384953
-174.2675164290628
-143.75367076756032
-112.81957861146574
-181.4710583125932
-174.99570381067946
-157.5536338325801
-140.20427397276353
-137.29615152151234
0.31195092399593705
-164.4555833555641
-173.83744615434586
-149.53929397354992
-140.98012506170357
-138.03157424640875
-162.15029429761134
-139.39823059539498
-140.88205673769158
-161.7427404065186
-161.87668270357108
-141.19942695918581
-161.06363176525895
-169.05719725880584
-163.4165380276172
-115.46577183159896
-136.58944932725123
-170.84674258444176
-124.4121682689483
-157.41031876578538
-162.90605144220677
-121.65746816847492
-169.08387503194263
-183.938165001198
-151.36709563851164
-169.52618039830827
-181.34468475288736
-134.75348922837537
-149.34715086689647
-136.55070385266853
-138.3184626826453
-222.43231992929603
-124.56561227221526
-160.57425468999696
-139.64489310985812
-175.2592428612478
-188.17304001621167
-134.2351950050704
-123.86818417218916
-146.8019679441607
-153.7201352731753
-152.51788218480428
-128.0631458647915
-107.10109211114776
-139.26702453939055
-153.1561751954286
-124.23649381176122
-130.7894141698389
-172.414219614415
-127.31260046038236
-150.61804417254822
-139.35259221028574
-120.01206700945511
-132.99314425099806
-143.76050801355623
-98.92261126689147
-124.30593601807234
39.017879334436685
-129.0241675378009
-97.94424531481229
-140.125949237825
-148.2705752850845
-145.08134165654576
-116.91555716073682
-179.60983025768093
-167.0024820755969
-137.00457689322826
-113.15268467210817
-102.33890016440603
-109.23115676454084
-119.24263101696778
31.105535294074286
-139.65000319161732
-126.62049473637533
-104.45906228584148
-146.17727665415902
-140.3833118039901
-138.8878808011206
-129.5051247940944
-137.61610215627408
-118.10999015199783
-151.41941568349216
-142.0648919976652
-119.84311408873376
-127.79796161763588
-107.43189086028134
-106.09116786920646
-160.66490153942624
-150.569617804807
-136.29466046877945
-103.67095469180725
-120.49938316170385
-118.1230305132582
-115.56392018291723
-118.65760257537411
-135.1375891467145
-117.30931769019313
-106.63704362859164
-115.11581993460243
-110.50386547616584
-155.43226760628798
-115.76519514541994
-112.25275688188215
-130.96588619151356
-126.15514694509892
-120.5075737980653
-118.87674105808867
-110.95221983932055
-153.9509960516718
-112.64178245553822
-115.47675688746214
-92.14120757055116
-119.0487862198622
-113.70437397903538
-123.81089985198741
-113.79718594894452
-131.28842300180798
-112.09806282589564
-90.70703060879447
-108.65773475238015
-137.88016232243766
-110.251439245275
-130.82412124937957
-98.35759756601553
-116.92558374629823
-122.06538683737097
-120.74390715451868
-116.5179108746556
-117.14925242395422
-120.01898958969386
-111.87588848200348
-109.39009827925523
-103.05581577473659
-112.38952120246388
-90.97090657484533
-125.7059135310129
-124.13897173185885
-114.4657278192422
-108.89805395012142
-107.0732881695154
-105.44433981713638
-121.70806483308868
-119.00287726564767
-113.0803863071999
-126.5461667186719
-116.76772800772687
-120.85897147480728
-114.89008849296485
-123.97709053293906
-108.60427256147372
-118.16170559592136
-91.98917068786204
-123.28407490587483
-113.81535608493095
-127.93078879987375
-112.93551766357689
-120.05889962873157
-134.20203904095624
-121.44445222607109
-98.4151285164553
-117.76034840347855
-99.42539942961022
-116.87511186218094
-99.07483523996345
-108.75805677969673
-96.05063856941061
-102.08210668986665
-84.91579720401728
-106.78127351856004
-126.68548196306381
-118.11703292969167
-130.9493313543735
-112.06986735603294
-94.76832546701418
-117.03921371366276
-112.94214617958838
-122.4860477271472
-118.93767785201419
-124.7367617837966
-123.27181559901584
-100.29418717158299
-126.43856485878402
-103.22542613399733
-106.28725390358838
-103.70687227094204
-113.94632402787444
-101.93241175535127
-104.19941293663629
-109.26779318521652
-98.3194423108414
-94.14800298309645
-107.79873332515432
-96.22296162408153
-123.50846842287862
-113.38179075604208
-105.18174451113529
-123.67447186564229
-94.73113507074596
-127.53013999914668
-111.95755638695735
-112.79725385910557
-105.61088196902213
-97.35070089142953
-123.55824894193836
-114.52601583321709
-102.07505773077514
-123.77611643086166
-127.56851514616216
-121.95698371065875
-114.26781732372616
-126.31149369108695
-106.27165186738385
-107.11192879997773
-120.32426801096133
-129.86899441499847
-113.95508387073384
-101.37795366804238
-99.16452985778861
-116.88291618991543
-115.92103876610776
-120.47055350714146
-103.4751248330614
-106.68265751806217
-134.2841065194948
-126.1851553685483
-110.24613809750436
-105.48094384466611
-95.49726362373316
-111.0353842955119
-105.73587546752383
-112.18632400432755
-115.34902364374604
-105.35660543939844
-111.84665230437055
-96.97705752309518
-143.66667297569236
-109.48701869484536
-133.98288093578026
-123.29289156211517
-106.54256469174263
-123.6753192276301
-124.4297864535931
-102.42755555836678
-97.64329055460367
-122.52859218487258
-117.18012416105978
-109.53734223520921
-98.88430075805476
-120.23966248900389
-131.73392853825436
-108.43013852457631
-114.12098803693195
-130.77621400310844
-109.88100623683047
-105.90310623789694
-86.80901209077787
-121.45482081643081
-122.10864810008597
-109.21387587116027
-109.77830180696881
-126.64132645449736
-125.02611312975142
-122.80062585366173
-125.63635275819176
-122.29600345021277
-112.66499425087386
-116.172006600901
-109.20159205684493
-103.28039567221059
-105.50551915511585
-126.29169513886552
-118.19877582987831
-135.79363368575463
-107.22520608299706
-106.64685524435652
-133.5368118841667
-98.35091496036682
-122.79071724695021
-88.13790147422557
-86.24195407536513
-122.58606677238329
-131.24698006662064
-98.39498289455886
-99.03170163340525
-113.36624440311029
-129.27127323832244
-131.66263275168268
-120.44269773711585
-120.94135279867436
-110.87260382388874
-106.42805769318774
-114.77467663980696
-103.86203991596616
-129.31545119172822
-100.58987596298039
-130.35016854061274
-124.09734353614749
-108.94995245734795
-130.9149919828494
-101.47547896881811
-123.48034642531093
-119.49796334442684
-107.65775794245364
-120.35165953037271
-105.79098968469522
-114.60455532593784
-120.16418165892044
-95.6020032355655
-133.94686577501346
-122.95131478060964
-119.05933029066334
-98.35225795640272
-132.3820000728278
-143.07293268821533
-123.7321559917676
-127.04107763703524
-123.78874628111565
-141.40927607296942
-114.55898450609305
-109.16721201365424
-144.62900397628303
-117.24984585556183
-130.50314283625852
-135.58337799206106
-136.67957754227425
-125.62144346689911
-136.7561734707142
-134.61220261987728
-149.11618038906425
-110.46623693066968
-129.3246619892471
-147.61804272191426
-140.98255987200656
-137.66144987622775
-145.9611885788284
-130.32823135684293
-139.71105682619026
-144.7383370866518
-138.62722463057025
-119.11348246232535
-135.64673529960078
-120.21525724888261
-131.85957001210014
-127.65256334837854
-112.95017399650274
-130.41886520674606
-127.36867459627305
-117.04234464639313
-104.05724334663589
-106.82246486775215
-133.10452216523768
-132.83820420561568
-122.30453000216994
-122.84240394288018
-113.07439812875529
-120.54892247882194
-119.42566934413892
-129.22843655567044
-125.70009955037513
-111.98073483632086
-129.74622000181864
-118.20163172961098
-121.43754042483476
-135.6871197917416
-129.47949227690196
-114.47609943853227
-139.97406783658505
-94.01186033293925
-127.63181256207486
-146.08731146884412
-115.45901680876604
-147.30734164513717
-133.70180842848518
-108.38245542415197
-134.14854454085017
-140.0971898480511
-143.54520652585902
-137.27335312891427
-125.57721687209207
-115.86388371914494
-124.72861805243733
-141.51647510404288
-106.83666160412102
-125.26993724950228
-128.2746659378462
-130.99451532885877
-146.15958164095287
-135.50408836651394
-133.69700820723392
-113.0692194361354
-135.29946635504362
-118.82642853737005
-111.73033598356821
-140.98564759974184
-115.87308169848372
-118.83802585935672
-136.2804713169559
-113.6123090225237
-144.08311807231726
-124.19904715211658
-111.19107443756788
-114.85001774834245
-131.69143585475848
-136.5542993400793
-121.03620801534979
-118.16446505606248
-114.03160369088425
-112.26598133897193
-102.39396939760638
-95.97027445410791
-118.60661035765466
-127.61190522783006
-108.82349165221399
-121.74939802978807
-123.23537321793472
-99.89384257186755
-136.1751649194742
-124.7353381802856
-116.68932217630856
-124.76899495542263
-114.28612150227268
-127.80052117116247
-116.36578781869552
-101.50078822093838
-118.39165536528753
-117.94728470457945
-128.68627424509785
-126.70341797940036
-112.98624464809109
-135.80754331254522
-139.91580100451478
-126.95296623895639
-121.76947908610953
-150.32641741209852
-120.13932133527074
-128.61294042468427
-107.3069099566344
-131.99708192335
-146.89963955837456
-115.73342881730802
-135.02335407668392
-145.08163770974323
-101.51018434512389
-111.54905151882572
-98.50205772169822
-111.97748764976092
-115.44754235878871
-73.57635613968424
-121.61585767534332
-109.00894496351872
-118.5247824870111
-128.92303394417968
-127.13765375852869
-90.87633239781294
-125.40471837490274
-60.61374124698798
-116.72779124515597
-110.99766532005577
-126.77238117772569
-66.48077067109364
-122.36408494056293
-90.15221947069541
-77.53772375023217
-47.75957824666286
-78.05341729972594
-121.81718796489376
-12.787726311109452
-95.99292772504833
-102.9170669194072
-77.10620111367939
-53.93675225492528
-113.95862668064042
-24.218762959727954
-91.55875389393435
-47.843795002013024
-14.479969887426918
-62.528336158429966
-72.45713616360237
-122.03965454176559
-73.45806559074529
-85.21723483635799
-64.86063850698739
-78.21976528609318
-25.942782164895434
-38.306438807047314
-30.867017608338074
9.856557612467071
-36.540893576290884
-72.62270365323253
-108.05973423490947
-8.451839970719064
-3.419912508728828
-44.27956438615735
-39.667480712436486
1.1387496668961035
-63.9184340847795
-121.93376225711734
-96.5113679009132
-62.302748243783874
-99.80526708915173
-54.40590669387758
-87.37426936305314
-97.35416311702153
-133.52569624168996
-119.48673787575014
-46.73219668075305
-116.6817380432203
-103.20167834388566
-36.46344703001261
-102.0639020617303
-122.92868057915828
-92.31398804327878
-121.2730950382585
-62.36320992766402
-81.61314390792948
-107.43569747020905
-110.91471986428792
-91.4647508075568
-103.3025183355264
-113.17735761452273
-97.47390652153041
-113.82689561769286
-115.22932940412731
-109.56673051399943
-115.99371091141256
-130.627969642071
-129.84894280243475
-131.15760143232052
-93.58391854019142
-125.11348767302351
-132.42583739813105
-116.19500452945087
-107.32382548779661
-91.65777752928396
-124.38468178752325
-118.16655513999562
-121.23814366106501
-130.25041230036408
-130.99098357314085
-103.85556164750953
-99.06240258293468
-97.26655379689583
-118.0183605090624
-124.01536013058258
-110.61829121839396
-108.15204775261472
-143.16211703868436
-128.09847330277395
-112.42620591987212
-120.93016025932606
-130.13280774547144
-127.29627204324376
-129.5528646991945
-109.20778261970753
-39.98378890074407
-39.92774725766293
-73.97840256004068
-154.33083613039008
-75.28592105303477
-178.12341905141977
-82.1092357085222
-54.24325951620925
-133.92405435123823
-160.34180977671082
-162.40456648999574
-169.86522346071476
-173.7603200006576
-281.9804104680936
-107.1010337543578
-90.35508035055646
-116.7067432469174
-66.44847188186452
-94.83751838111965
-175.54554199430333
-144.65890839002458
-96.15055383788433
-145.27764078229154
-70.85231658954103
-94.13331400669585
-155.7061017009454
-60.210253573298026
-148.17659863599772
-189.37587073542974
-67.78589789903415
-158.02000075065294
-14.14189025326398
-50.95229437926078
-59.00013350680541
-72.93977690488028
-51.1332613121552
-164.39912115819448
-154.99864515686573
-174.90420344508743
-160.4876827503084
-83.5079243407338
-74.21525977519515
-52.32602802061478
-107.71818848290562
-117.93289049276854
-51.21388861238472
-138.3585835939077
-58.416457603111326
-126.24276908878818
-93.02658382510602
-164.13704520879406
0.4626390734800907
-32.577992602232996
-51.24178990018963
-87.27516104100548
-134.717256984869
-84.37559839997225
-64.50298633541385
-170.90327645966204
7.730440362585426
-12.033323546630186
-110.07730484045169
4.2416180655124975
-4.429222086488977
-20.534582868454265
-11.400017763486233
-24.66320928060955
-97.52103336181102
-141.34418132873003
-167.4300561836489
-49.57026150399614
-143.95886561214093
-95.96353297721276
-15.552165631652443
-65.15185795456497
-45.756201765289724
-137.93001221953688
-21.095656696841573
-47.00425673005516
-170.22057534262427
-93.37656652120413
-54.85303543473857
-81.63426857224887
-100.38113639630265
-101.53180775957036
-37.64753491557181
-129.88790230931414
-91.56833283275674
-66.24988398871386
-133.1210511964158
-175.2711204815784
-54.756320414402154
-146.96608933660332
-158.9981776022573
-64.06726607271207
-130.59571099698428
-112.48604955280251
-82.2146305024912
-93.86420145884324
-91.57769739525334
-137.86315699399276
-84.99230494119138
-100.59742114857319
-127.42007885755451
-138.27120219364767
-124.70227349207421
-135.58587001793362
-142.35368997813794
-87.19240770725627
-101.26765143298167
-156.24486018618626
-128.65672428382584
-114.6119683426405
-113.97672070525518
-145.59961855264353
-152.44766365327078
-119.75705583459157
-127.3489754145332
-108.51371163099444
-132.12719899564613
-107.4974126851385
-126.63233490580842
-99.34516601067423
-118.24721428381282
-151.16745946559064
-154.52808197756642
-134.98094447196004
-268.3846609783624
-137.01867426443798
-110.0681159846991
-144.57465846334634
-165.58958991863014
-147.04890011844208
-155.22364338521163
-140.92263820942213
-155.20302749784437
-118.11601493821442
-149.45208601630497
-161.41979855180364
-176.5221255953
-112.15225598978202
-102.16833666652188
-118.218200468677
-141.9882928961232
-163.09874897942046
-133.3632759956372
-185.9828590870809
-111.65961894240532
-202.84822303908416
-127.35859735927464
-123.8154569076615
-113.86311856754992
-166.53929037584948
-154.59146875167582
-196.5685800557202
-203.08180228931292
-208.4386636894884
-205.50109805606388
-246.8876975212982
-214.4261335937528
-309.3170297569166
-176.3172563897909
-19.723348306712538
-201.40187701676678
-64.85670818182514
-194.54670898718115
-101.55409273241023
-101.91938928799519
-127.16556280135724
-119.88203405638139
-128.77661707821915
-153.22728833891085
-208.28036072981646
-103.61838324679522
-114.22848507369514
-114.26627669384507
-650.4592878207519
-752.4711858723427
-964.772252850916
-776.0156380128612
-684.9583066519958
-658.5808227005164
-743.8502212974867
-904.6318379968711
-918.4313682919023
-800.0687818551254
-999.0421713699926
-1092.0509688618133
-695.5443592343989
-604.9399322509049
-902.3178674236328
-966.1605949313805
-640.2559190068462
-850.0660761383568
-800.5368187106538
-886.9598903230268
-670.8325532520167
-601.0470029078722
-614.1493422045787
-715.9394881239633
-568.9867987097746
-659.5052012131183
-674.7851936565493
-608.3347783650831
-576.4189441211067
-464.7002005504846
-540.5209981285067
-520.7694614839089
-683.3272226300495
-544.3709672954224
-548.4239673650193
-525.0575502591701
-683.270088864493
-769.8900371382016
-488.04618847272974
-628.9518242513041
-752.296063078922
-580.0456752229969
-518.1306595929132
-661.2308077822553
-694.1824774389854
-471.766169547025
-733.8213103325078
-357.43961811724614
-508.0356193068554
-731.05720779165
-367.5507771612131
-368.458972185862
-455.9519943993745
-449.17274708003447
-340.8121875031691
-563.9515995153313
-377.6418728855848
-364.1339103723459
-132.7372967791751
-409.26634309573546
-381.1751695012343
-217.75435234906124
-368.7921417453408
-327.10343269845487
-211.72600383703437
-215.8000635963616
-252.49948354543
-173.0017209149245
-308.79930299351315
-243.61831804427823
-232.80923695622485
-250.72693524994187
-245.8065222623774
-237.82040222427568
-279.32715079000167
-275.4811121164356
-228.22798013962216
-233.49179548744283
-125.83278087466778
-164.96028827770868
-384.3092461780953
-309.7439590886246
-396.8769748729838
-405.59051493107677
-209.9786037301191
-153.42972835766687
-436.6735483742163
-555.3187787743368
-784.8638049631569
-712.4338686512854
-343.0363634950222
-385.19408529809454
-301.7912139606875
-231.11342198128776
-383.39311749608703
-233.4552148472483
-201.88661773390766
-182.77105137040624
-177.48182550230803
-219.2966654381516
-211.10709352888355
-202.59996587984205
-138.02266036117823
-215.27210087691716
-217.4794803836159
-224.16120364052546
-259.1782650293703
-207.6535083825937
-173.95316871402574
-171.70566715443192
-127.84341243029326
-165.04037057974443
-149.33495238864614
19.093173903700446
-155.1100497699756
-135.60286062795535
-73.52074534706968
-114.59702865493624
-135.76202611638996
-146.95323754049986
-160.24943307969426
-139.56634669793175
-163.81913742503093
-133.53695345794023
-146.47355018048802
-150.66769499397407
-149.82911682732467
-154.4951994120987
-155.46685446460415
-152.04283376779082
-118.85407216418315
-179.76822808663997
-135.91224382347463
-164.97980890560316
-91.2405855044382
-111.88777710227382
-152.27118666126353
-148.50769433192755
-160.90256050752112
-143.6803085348107
-124.28349271199562
-148.2740968986315
-129.71679625749798
-133.63305331265957
-150.69003901026147
-146.18238612862115
-146.30069328373656
-129.28941542740665
-128.1446574471372
-143.55412217128932
-120.68323373011367
-128.72652414009576
-144.06879871237237
-162.48838908495654
-105.63571431336874
-131.23023906144854
-158.28131927759281
-131.24143249970865
-133.95213165236197
-151.43430841681854
-141.28469325635433
-140.68911291294802
-145.71538935612205
-143.97365524516
-139.22221527353122
-146.7891933045802
-147.1512427947352
-122.3727688638842
-136.17419334885727
-137.2884462438788
-146.62193914302907
-133.32616409379364
-144.50761727981816
-157.39121255900486
-139.19464697547969
-138.71161407153448
-149.73869577806155
-148.4274986843668
-134.37768871524455
-187.76949157690456
-125.40931496398083
-153.34766691614166
-142.38111005727492
-154.03647666303453
-114.38767325948673
-156.12842523497304
-135.420092474744
-120.26509685018206
-135.17700721438544
-143.63124460703688
-135.33792445358648
-136.63105919793398
-143.3627067706726
-134.760441817117
-136.35599803402715
-115.9037899544007
-133.3532797047729
-131.18445940373635
-146.3054556066282
-132.85507091195655
-138.2794296003008
-119.60001200929091
-118.22855625487861
-144.43901571475016
-132.90986566625426
-124.8964748947326
-122.13323553839095
-116.68496105585058
-120.61029327393192
-119.56565033523258
-128.07254107460832
-151.44258649530468
-149.33986827144759
-123.10898926966036
-112.22254189160483
-129.56514031293244
-134.1225738508131
-161.55286955383536
-140.09587451673121
-138.55496440750352
-112.11226232634954
-134.78878877673674
-150.10066963575235
-118.36365151182466
-139.06974662417463
-122.62169154293376
-120.04156955696436
-112.96816326408643
-117.2659490337484
-135.35907575182623
-124.82627928059469
-118.60085300762937
-131.80913808937348
-119.8524587617443
-108.66402793738058
-117.88386354646462
-137.91905836673578
-139.10335758552077
-124.36736539586926
-125.03147990075917
-142.10566442597403
-148.50282788616144
-142.8083297911386
-142.9885253680366
-145.26813371966813
-125.15537868665243
-120.86815432632854
-139.18582848172164
-135.69030174753314
-130.04286464193203
-108.95750506888183
-116.6202219379733
-113.72251658576637
-113.644931955745
-129.62572185633488
-135.4457395993187
-123.1716781558818
-122.33590156995885
-108.57527355939148
-115.40487029712543
-126.80595227955638
-125.3388990806186
-118.298936285841
-122.80509048458404
-128.75783869164394
-139.21570389361608
-125.95793693875865
-123.30459428258668
-143.3282736440841
-122.83177455591303
-109.61070367953667
-135.38388533055485
-145.84738535385046
-147.2990274281692
-115.98116081455287
-144.64505811284315
-140.59254489555266
-142.93818588468076
-122.63661544164682
-145.34486250615404
-143.3800170703228
-124.40033961582539
-121.79201767223351
-147.5706126568266
-112.92206020983656
-87.76327961232245
-134.50527737444028
-109.60159419690159
-143.89787459977202
-140.62480105359958
-114.47479902353699
-112.99353324784602
-130.00448919262917
-137.67564834245138
-134.19448148400494
-130.97683894263034
-124.33117884327811
-125.94442444815729
-112.87136247293643
-145.23084942595554
-112.83326143745114
-122.30249967907122
-152.04963970884552
-121.59278160550639
-114.68215705798863
-122.11191514368875
-130.32744515738378
-143.6807365973536
-124.79409873025068
-130.59252057100102
-124.90403822968914
-128.135391110731
-106.65877194663122
-127.11522301713785
-118.98441475818075
-113.16639601105368
-133.0018843788624
-127.51615651055774
-129.31017518777182
-126.6773214859475
-121.08505794074398
-124.5998164372813
-134.05611393570155
-120.25804191118112
-113.7557934582907
-108.5159003781429
-126.17941745248363
-117.57773558833716
-103.69170652313313
-96.97557462994689
-115.39161422826882
-139.4065672629977
-128.88028929394204
-129.75607510075866
-110.04247723384009
-114.91600610655327
-123.99557177232779
-141.09404099083815
-144.35841843734192
-86.22354172728171
-135.7831193773594
-83.95635834016872
-122.92622878223486
-84.87527418055268
-130.19852881718026
-116.33352604583328
-144.6921409975075
-121.7461479607671
-93.32911137513199
-123.99715144927023
-121.02215757097525
-115.54162895600615
-115.11347235863214
-117.84360698326324
-111.37813737307795
-121.68157983417112
-114.75825812979036
-126.36696445197165
-87.60914948826994
-108.66412006970108
-117.02658155886247
-97.92571541332539
-135.23885160555847
-119.32437626553522
-94.92474988714251
-133.80625629619053
-128.27407345283842
-121.87281440462145
-138.52065031599955
-103.5770385419057
-110.36609507484172
-130.562110357025
-84.25373152014956
-121.20865771541739
-91.53576156802094
-121.76496658696362
-96.64422600902373
-98.48210853676818
-133.2484969240252
-89.87225889304398
-101.28625534362054
-87.64821499644724
-103.34281286394868
-132.5608051937888
-114.7173190323299
-97.79628089341753
-122.0269608894615
-125.29197948842008
-113.25473340478294
-101.60165552383252
-125.93467289965031
-92.44774355834942
-131.33537064897305
-113.71116753662004
-121.04804332318665
-132.34327081000038
-124.63108740671095
-115.43309275772674
-129.5360674216875
-105.32353571701833
-109.01255745832177
-105.21822894977942
-113.21818746533076
-119.53659623082937
-110.75144978138016
-120.25740113833089
-101.96206716805577
-104.45783361048488
-112.81584777713246
-117.0641641965441
-125.54038088279869
-95.97716364522788
-94.59063259702535
-88.40346593924272
-112.93609041829149
-97.68124289077224
-128.27773904233078
-136.52116207019765
-123.23446017045754
-119.02376017459406
-115.00674375569409
-105.99612703969419
-122.67857200463602
-105.67561079808421
-111.22605407851427
-112.21053191069785
-101.46548889650455
-102.91191342667787
-135.39872681807384
-95.21607761163432
-123.71634710947868
-117.98733681317412
-135.99304608907377
-107.89578086574178
-119.69790410379272
-106.32235826508132
-164.02777672571852
-89.54251628609347
-126.9797356214561
-109.13457255693096
-116.79334563136858
-118.54373727626391
-113.50194069298689
-113.4552034549551
-100.52322993195327
-133.432095522846
-137.3136101496663
-101.73902539357655
-105.79964849306076
-130.06203610554073
-122.30162852055858
-113.38635999042945
-122.7363226588602
-124.93707975186027
