-427.6850729585735
-216.50625789342263
-320.24737280967815
-479.96309676995816
-104.60539235104888
-383.4282945160978
-85.1521646211269
-60.99808345987821
-344.9277286681527
-302.98766177941314
-547.6041632655018
-543.3729288449833
-308.8039503636203
-305.06520062883305
-262.4494982220142
-361.57493103597386
-224.9588342268966
-235.5506667285623
-262.0420024921629
-578.0643458554032
-177.94866524462685
-267.1335307413075
-96.43980746769657
-173.87009020278725
-110.03930576758091
-275.3332457946208
-79.79161542803644
-198.8717571925386
-54.87817394743576
-16.142850321440307
-262.89727471455376
-91.62971772645083
-52.786273899617186
-174.79892151168946
-201.2605952183235
-275.55885257491843
-267.8665128633722
-13.35695739504979
1.698812095266831
10.21917919607759
-33.25696463967931
-14.202218900423276
-30.199785910550347
-88.32523992536618
-100.72388082330043
-27.655434272423392
-27.95086726028181
-236.38259696152494
-126.74338333637739
-47.646401152620676
-39.67373074456712
-43.47326187705954
-41.279324840749005
-94.10879666869178
-83.12011981576244
-118.40666199156995
-200.26868094081922
-224.83558527276486
-472.77740836882185
-446.9674507694549
-109.96257166627524
-140.07585331364254
-117.75039258276178
-121.7752751055904
-128.38400967393008
-127.0548679844141
-123.82501408185797
-124.32293050148446
-80.04975644563376
-130.17303993161704
-116.67936606534359
-116.86825334101056
-143.252760610299
-122.10064061095487
-163.6304630658284
-131.08184467462453
-128.91444981145983
-123.59418029550257
-127.98057866009762
-101.03749199186795
-113.82341491283145
-128.35284873360771
-122.31175202986508
-134.87792825575158
-165.65881634415328
-139.2895015646172
-168.83244264528872
-167.1144758495189
-128.41029182449637
-114.93805790303458
-117.99754821142899
-139.90468366101672
-141.44750865120517
-94.83701677589424
-101.67381580802645
-126.77645339124223
-127.41178207981585
-143.88877470157294
-134.86887532890304
-143.1669381743256
-151.33279975727982
-137.26475661784474
-285.9306887006011
-154.55456188814622
-164.29117616680665
-167.09802292247878
-91.34974521310879
-149.8112150905758
-143.46869230887646
-146.73335532046198
-132.07700030381403
-166.96377354355616
-183.71504036122798
-61.49743583102018
-136.03246042494055
-124.57356729308536
-170.70271566902403
1.8969005641604895
-145.56060893489393
-189.54555367009857
23.287785290883363
-179.73264763433025
-338.3617400900972
-168.49328471055614
-115.71944208772005
-182.77832955815515
-158.6792582206039
-366.622926880667
-164.08637020232962
-138.9795528007769
-174.05036656765415
-134.90896258812052
-161.91209464059864
-70.03092705070094
-133.91454356857247
-138.66447399474077
-162.93018123403354
-137.75722268844623
-163.3658120106612
-133.8340516925429
-157.29249386711973
-136.61133876453744
-126.39373569868071
-122.73720969903991
-102.82528188488182
-133.6612127546615
-114.47326066935895
-104.95964063923219
-121.05525865906378
-144.39378987063202
-127.2011747772793
-86.23450587573214
-81.92247792599012
-139.54403803843203
-112.4892648360527
-111.09959970018005
-125.11925419728735
-118.36921537710764
-142.33945337677196
-133.64802720084896
-134.09985828050037
-131.53328857865955
-112.69455991382942
-98.14220059556766
-123.72922292731546
-123.20120517541825
-99.01421613258759
-123.67956486424293
-128.9771787056113
-140.50080854705405
-119.92985186879842
-96.36406073054394
-121.37686338514342
-132.44543763244454
-101.20402494448517
-98.94422269413145
-115.82986023883922
-123.76161295072968
-152.576229108671
-116.5657390366454
-88.74273944275262
-120.64196066740189
-99.42405134041898
-121.58187348125487
-116.55732857714894
-90.98300515304574
-89.64335821886709
-124.37720494168659
-135.47595254711547
-138.03808089684134
-109.25839349851202
-135.06263036891545
-130.27883990218533
-136.36924058193495
-91.30156412947159
-120.64863359553111
-131.99297203823542
-170.1118208713397
-115.85550923129506
-110.46199398389699
-89.30721631519756
-124.4047230880974
-129.16513517841486
-120.05540078055438
-143.6738457780154
-103.63437032794248
-85.54879817099953
-104.6795242136525
-115.41417151099998
-150.82930825656211
-142.02741585233161
-146.7487403512307
-136.68266518452396
-120.09650374395093
-121.03592782319316
-113.35690301534939
-127.49084918429594
-133.37911690230118
-122.45225984495491
-143.1279347135643
-135.14215897132073
-125.5724904056235
-143.37054280381165
-133.4208842804532
-113.33732582818539
-107.71453452113349
-101.68061043996279
-88.21729188933006
-127.01087112236453
-99.71713591484863
-128.76764279529016
-129.9263958703339
-110.42153574128646
-115.42222325411552
-106.56489310213573
-128.1364835657441
-108.22925142714939
-115.58484621738265
-120.40970682394781
-130.6559785361268
-133.08331609352737
-135.74466927948475
-135.64554246048567
-130.81697384843858
-127.16768244735188
-136.71683905646532
-107.65354438734003
-123.02607968601332
-123.49686690600184
-130.71343235867332
-118.55203977405466
-120.0601724786402
-121.9734358973511
-116.5488166207786
-134.83651829061898
-104.57052369657163
-118.28633711634491
-113.07252292553429
-118.92315777922637
-109.42438160430058
-116.22972232911891
-130.35933816895667
-128.86896452231358
-130.7562446557537
-148.5827068234804
-129.52426186521728
-131.07811061062034
-110.96957968257773
-131.55925582577817
-143.03335752714622
-115.7202760134045
-127.60182376674561
-126.46206674193022
-110.0322238786296
-143.41516380178143
-107.90093061422793
-105.4315528452557
-100.17221060837304
-123.44498331963362
-111.56957375562547
-119.54416168763292
-139.46611379635436
-127.00499802305441
-116.57957740793321
-123.80145564319922
-138.7976080464524
-104.9035089136948
-137.35170407280134
-134.63393842176987
-129.85593344248772
-103.112161454584
-109.22875911963149
-139.76801865044823
-118.32719492468561
-123.50137204218596
-121.37931829479734
-87.99222098280264
-114.67880204369172
-124.93456460224712
-123.56855168291638
-113.55526846747027
-109.46433826725368
-117.30658447435782
-130.91526250951347
-112.13855754043576
-114.76225242935794
-118.95200259543105
-124.1157920523391
-110.28452741336683
-131.93495962345227
-112.16137571949263
-118.01148665456111
-136.89528046212325
-121.96700321609154
-101.31279112491231
-116.36490856974774
-104.85475765129047
-103.64931534852099
-109.1941266200413
-119.098837161943
-125.79512847095444
-112.1574749268747
-129.25664737898683
-102.62214980997058
-114.27492915724349
-140.45202429877156
-97.81074898877253
-126.51667105688682
-113.63666702222439
-93.72516023110815
-103.73496196544528
-137.66420421344452
-117.57397974711546
-135.969765728232
-92.81252516198747
-114.34034180861048
-120.08795898542436
-110.98835873340929
-99.13066878175843
-117.08649517826913
-124.79775233178795
-124.61323698376751
-103.31699337240845
-121.37542664791175
-94.53657147135301
-150.14919483796552
-120.20928147059489
-126.06598161577406
-116.04008963293418
-122.97313842624403
-134.09897560903187
-119.24523946229871
-127.07572919173141
-104.90197186165817
-152.58678678689142
-108.65742880583805
-113.99432115267233
-109.52512217401974
-117.3029978726223
-127.27653739377769
-89.50361804116564
-115.39481454807755
-105.42941710502359
-111.05118266795151
-96.38735260256014
-116.27999530918657
-101.26877549681427
-131.85926859130225
-102.72619763803598
-130.81705053569374
-111.37821523784883
-127.162847801296
-113.32686220235321
-102.16689040601139
-131.92052189184855
-123.61859892249416
-100.86666367244732
-128.53157483786808
-133.20077848141676
-103.1263250110392
-121.63579079344171
-100.43027657587297
-85.89492099644741
-94.22509246671885
-103.96727810169821
-107.16469274728145
-93.85938558662244
-101.54660592348807
-101.04798182261364
-98.631097501058
-115.31714688018764
-127.30833315654672
-132.39544491058132
-100.54826034903292
-96.51334533687539
-117.01080950339295
-123.29158924682223
-111.06605525041469
-120.38912678435187
-93.9719023975381
-122.01542368676118
-91.18419563731965
-98.20607721378576
-122.07403242593526
-117.07677315915022
-102.50773279722885
-123.72426706631178
-104.23977536075722
-120.89275386462825
-107.36484076234939
-95.42612148585805
-139.62295266574074
-95.9023836347505
-126.9662118932138
-107.78339247585669
-130.73489231198766
-107.08008340856588
-130.49050709618564
-132.13159104293572
-122.17442126035601
-141.75137893563104
-96.02194930626838
-115.37598446761295
-141.25861857293827
-148.66557271494537
-112.82368256481422
-119.38853720912212
-107.62825422462669
-117.74318633401268
-115.64105081823276
-121.73448221883953
-116.66259799935145
-119.32443560495773
-89.14841012727645
-114.41240708535189
-101.71333997390308
-125.36076162932874
-128.80954588758425
-141.07187022974807
-142.1064655039682
-111.56883862030986
-103.34451488852767
-93.95324112241882
-103.21860620574236
-118.32937690501463
-119.04849958005494
-121.3698237004212
-129.57499527736934
-132.31578012039273
-119.53428572876075
-115.43496237404932
-98.59321790142651
-106.86108201969688
-101.2833938254272
-117.91273663118432
-102.25408149077622
-107.68134317224785
-107.35110562594954
-93.83021788345795
-130.84526212840998
-97.90748487504729
-105.81272054308876
-116.75371045397901
-113.87892146366214
-120.78527233524237
-110.79028548932658
-127.74313071207891
-107.71963764258206
-94.48299353829742
-123.13907591632201
-119.28647235756898
-108.63811806348744
-127.58816280307512
-116.7075892838979
-119.66229506741404
-103.80807977264183
-133.88408050045456
-111.64522416587663
-110.94273344613562
-124.07198145259649
-130.38306648431018
-104.57615340770839
-115.80127139660044
-97.06031424035666
-106.81857159143118
-99.9863700167194
-122.96240826728794
-107.42312723186856
-124.79406128282045
-136.42603510085792
-109.20560904627666
-108.73152170981369
-128.6900367025994
-127.5854985328183
-130.05323801517255
-122.69988864913992
-115.04548233975275
-116.02114053633932
-120.70281682345559
-112.69162085480836
-152.00501080482078
-106.47280345601108
-112.47972899672452
-155.94616705200937
-121.29630615074717
-100.43785593931742
-114.39535630961063
-126.71433746011563
-115.17561008702882
-109.74334657095488
-103.80330856875388
-121.35399052739231
-154.7470713389036
-114.55563077881034
-129.46817316241737
-123.79781510824449
-99.54084717678772
-108.37271064048898
-108.9358703823608
-110.30332766642852
-100.31302839143183
-117.91474150175708
-121.94016857157962
-125.12273193580647
-112.99969490553202
-109.9522450425305
-129.99149306140112
-115.81664933027594
-121.96566071528486
-129.3062952662667
-136.85076363681256
-111.79370760772584
-111.43920492690306
-141.76581140216004
-121.47287150482981
-133.4994333257294
-133.11427222360854
-108.56932740314316
-114.99925359684028
-113.84491814525026
-119.01409043504918
-118.40881241682429
-129.15031774303765
-120.91829055665869
-105.97996763618067
-86.08637112161819
-115.91189293318365
-125.58966095383087
-119.178996449415
-97.3566485703774
-104.07717040863668
-132.55947270716268
-118.8214572543512
-111.12861424180356
-117.55787243477815
-90.57475926598482
-99.99616121214349
-93.4180776524972
-108.45707317034781
-126.83964067463552
-108.26752513197043
-127.71586173699609
-98.22795548112535
-117.12070713886503
-118.49578570050599
-113.66280785685868
-105.94287975103197
-131.68250804330836
-110.74316376041523
-109.64444170769414
-102.80556866296111
-114.24816465712883
-119.38455361071735
-121.099440547905
-98.88006733675195
-133.37220825333253
-85.54012508440167
-139.4828000912092
-95.84453791745312
-115.30554114131394
-96.22521962593564
-99.82043158113588
-123.05519393536633
-115.3603212135039
-125.89724599714245
-116.36444410385062
-104.16701688245774
-99.56329992419053
-112.61393976120736
-131.94059524596312
-107.99996841738826
-91.89809338609766
-119.48857079298324
-101.14018443991044
-107.16236531383336
-88.71429123483706
-114.1345907717764
-114.95675323416216
-129.75092829817083
-113.92326938876488
-98.75242122388964
-142.24819303995858
-112.24327655967474
-116.49828416613059
-100.10027507672201
-118.76769004752745
-92.38880934573017
-101.60210901063601
-117.83608419434177
-127.8840034660085
-106.69407028565765
-117.18898140058072
-133.00869936397203
-113.9528363587329
-113.9981616293485
-107.59375648000638
-110.62201962227238
-115.38196585888329
-138.87084450353575
-102.16917398778983
-122.87885013445566
-114.65894837812787
-124.69933638112167
-117.62777200986619
-87.58013812041871
-135.43699607391514
-128.00199733730358
-126.65358052715592
-108.66113989506376
-87.56923205707332
-133.2379075067302
-116.59503229345806
-105.00760926184554
-86.76036534692349
-108.48274107249316
-115.91659172170654
-137.16620965235214
-127.28512457629368
-116.32860785752584
-136.67995234852322
-123.89511348325631
-137.65215434311898
-117.03559185316564
-92.82985118252647
-138.36841925935767
-143.9232320316246
-116.02444178241318
-127.18073054320516
-110.35961520363998
-132.22549263754522
-126.58599223641644
-100.3833918513133
-81.01849318198944
-129.61199231152676
-130.44970646840812
-85.80226602059874
-120.62549418471887
-128.0810434709838
-135.70668929958805
-82.73843254341519
-125.75665749698578
-138.43414394791463
-123.85368726926922
-128.97265358516984
-103.61351045072331
-124.2705574942467
-127.90455058640538
-114.0621947995061
-116.91506037379526
-124.65652391628184
-126.06881072400165
-123.59896059373587
-126.50674955109508
-120.43435092827815
-102.96520250222372
-84.7746666637791
-122.71165809675756
-124.7787928537403
-103.0016975846155
-110.57562011526178
-106.09956445622059
-107.19552583446135
-96.30186163918684
-128.61243758438354
-118.24517904656737
-120.90533800893203
-125.82009271796602
-128.9456257614673
-133.92987987563976
-97.267527883252
-133.3272254602365
-112.45207659058762
-126.56693244872112
-130.9879949334663
-92.4407896257845
-137.85910032656264
-133.26447804172724
-133.6269730138971
-134.00431045815557
-113.42962634810233
-122.67015472690136
-113.01050061049021
-114.51673970012325
-92.44668830756237
-107.83979441304088
-112.20532336910813
-111.10202381016997
-134.9126437623417
-117.3467958303653
-103.32347696422791
-101.19524357720333
-109.63028611038338
-98.17749326257959
-102.18042648249768
-118.79923850515436
-87.17144817729002
-97.84222775354576
-104.40494605762683
-105.2347867257058
-117.62363871422754
-110.54185993942025
-136.85927789291884
-119.58014331600549
-113.67592991275268
-125.67429901598071
-110.39502120344494
-122.13093548193416
-118.26218328995436
-114.04016203718075
-112.17633208665018
-113.74026009882724
-122.03168617926966
-115.81982159429108
-90.48687532097317
-114.45900157986061
-112.15027263821212
-118.70027515924733
-126.14451791456783
-113.15432148528927
-115.34465097542227
-138.49927611814397
-90.31751127045986
-121.69964924238239
-108.34494239941529
-114.61531500785863
-139.09807623094332
-133.43059659106314
-146.06586631703863
-105.36837467793302
-112.79069208743414
-112.11039051519826
-89.94371644591936
-98.66876252959925
-110.74020473816738
-120.1798881909546
-136.1770722903833
-129.33866456580483
-114.56039006664899
-98.78036929983554
-92.31415024430615
-94.4204194314139
-119.03248084482128
-117.0350682264102
-118.642422408436
-89.06415378663117
-108.59614350219834
-123.40040585349078
-120.75676273155224
-106.59225877119032
-110.48557509932154
-124.632051942168
-94.41481911620059
-109.03031826193047
-100.5924895782027
-120.83190648491387
-118.20282316658957
-129.7719616197559
-114.99614050696906
-121.84592001751895
-120.9561197372455
-112.0319824888146
-87.88192043350112
-123.34934345017723
-119.80791561873849
-113.70907548746729
-113.47264894308726
-109.60238259819452
-110.38217930270464
-128.84560553449555
-111.31767341473181
-102.66489857214026
-83.09954852361653
-103.77546425158737
-116.84102771139955
-114.71965944294598
-149.725342666637
-116.2485000002461
-107.55826825841403
-118.32784675099555
-122.42728931535314
-118.37779809368664
-120.36662436608867
-105.87264307765358
-125.9906654858836
-133.42510210285192
-95.30333691170165
-123.64410091190229
-110.49256411281179
-94.11318161483254
-118.34158572206141
-97.2343099415937
-110.42284154947988
-133.57007281250796
-123.986335416249
-138.33888249951983
-123.2662479088441
-125.722103391974
-118.02334069740776
-79.811556504182
-120.29971231367837
-118.36529695159888
-136.57821057180374
-109.90740538419571
-120.9354226655199
-125.18925686064412
-117.70997001082505
-109.0097616134309
-102.51285570811609
-135.16864580561327
-91.36764055575694
-94.41562446683787
-102.40644215982022
-105.83153503621163
-100.79346396313039
-96.78203579831236
-122.98052554394086
-127.3639662605959
-128.086449120677
-98.07610872198586
-121.18658679390305
-115.3763544745157
-119.22871970533782
-133.277479873783
-107.65178980926164
-125.26105963434745
-95.49077552533849
-109.10230160534816
-134.02546045687558
-111.25779586139765
-88.14987898200833
-107.89352328920354
-105.58542997064528
-111.96184919317227
-124.73890355461208
-91.97111729556325
-124.80883677949002
-118.54024636572159
-91.23950421923251
-116.58226522391632
-103.43743450349889
-112.37149576585564
-86.73899671526439
-111.87572946269333
-125.64806067806752
-98.03047296861965
-118.72723671799343
-117.69825598750572
-129.50766950050905
-123.22404512035509
-104.14540317459411
-108.78948874896453
-83.45921877253937
-118.622341873896
-117.30357564410326
-89.86846658472479
-117.34604213088141
-90.99218319103394
-122.68731327154421
-112.55812199837466
-127.63225052626181
-113.42830016175455
-83.21793171567985
-119.26103623124018
-130.4882262631375
-95.79702923292936
-104.27148117137698
-120.04490865902295
-102.29323194652969
-124.46264952976752
-94.39417675786028
-116.83030554760882
-104.84830695248411
-87.07212433345649
-105.68040232718053
-110.56134155489744
-105.10891933961318
-112.04364719958286
-120.94254406173948
-95.01277242104723
-101.35034462794488
-126.65787517824788
-118.01331974563259
-119.08167682007387
-106.06901360505725
-120.55734233020432
-119.94064710749997
-95.88674976375367
-140.15141889317752
-122.88955844081468
-103.50607648972401
-107.11398191930249
-113.3433263891748
-133.86503073649143
-117.67638283865304
-90.5302967478017
-106.29219737976169
-103.68558458896524
-108.07524450338849
-112.90409770866523
-114.49562865701971
-118.5925617659644
-99.77308994684086
-101.13497272791068
-114.47635578514695
-90.5646931949414
-86.72346077155886
-111.62527668930719
-121.74827044081839
-98.4867399648709
-123.80486396140017
-113.57073416648663
-116.43588150997829
-95.89536969940575
-110.9382053086484
-100.87412110089836
-89.75476652544867
-119.58212621294008
-109.4781787683232
-101.61901515801313
-93.86192543550295
-100.9210675069309
-120.67235292686216
-121.88358304919385
-119.93232044830793
-105.8267994959003
-124.4062351139199
-115.52840859242302
-116.1416563848774
-121.94466314266651
-117.68728803083411
-93.24510935550884
-108.94884377180236
-110.12001940134918
-111.19071708168588
-123.75193715280551
-103.30206171661538
-123.61269447814105
-119.92818974579791
-120.79021690301062
-104.40829161455223
-127.31897456758517
-126.41835448673534
-124.74128614770595
-118.63375863405184
-109.90073216736008
-120.91662401007615
-114.01189640475343
-119.12963481795941
-104.50473181699148
-90.53347336109367
-104.65046953499913
-110.2023778038958
-116.94988792736115
-128.81753625420853
-113.69766752177321
-87.02164443591873
-122.40012739743682
-122.03909907912077
-123.3432985963205
-82.4763174021859
-118.00532699041631
-146.99389451724977
-110.71396454146554
-126.92555287750858
-93.23827734443316
-151.18191618873996
-86.81424691103095
-123.39823539287292
-112.03611793056426
-105.96366458929931
-107.37936780976268
-124.86632759002569
-111.92937149515942
-95.51549470324748
-112.61039825081454
-117.86815660773242
-103.80451593714028
-113.53572671679908
-93.5260196485655
-119.15437877973869
-112.81695770035496
-115.23089844005509
-93.11146884607597
-104.71823061072257
-94.93310473549755
-100.02028339151363
-121.83187198595094
-116.15529611519699
-114.44239778459045
-121.57923341254107
-115.84591166295051
-108.02855394100213
-122.27609542192361
-91.3523222441257
-101.56680350508705
-102.98984334343696
-119.80528394982082
-120.88937148065796
-112.08982237660099
-100.57064417330017
-122.10237553029259
-102.03482204076714
-100.12695978041005
-116.3196755601075
-110.01357661993178
-119.60354269673257
-107.69223912235333
-94.32043177574846
-96.60259735256696
-118.9025893851161
-114.5897269595859
-114.37102356794668
-90.7549000375607
-98.03089589222047
-97.41058754654347
-115.65656887500003
-93.86568591177682
-108.462329953606
-120.1839866494582
-116.51298446950662
-110.60862278800106
-100.81425421698886
-104.68403029490118
-108.10476830972797
-122.17864457059173
-122.1748449765148
-119.68497665272191
-121.42994971348375
-130.64351303204768
-117.79957580450956
-86.74427624703688
-91.92031811135051
-110.8674279258898
-122.20460212537178
-93.5723652890847
-107.96684987068171
-114.5496267206164
-132.15445893746534
-120.81468928044568
-87.0378756256587
-122.24270698167614
-85.80893876028786
-109.9012736285612
-92.08920311509925
-125.85581204420092
-111.8886589581869
-112.72668198356315
-121.90311526486201
-114.64492924223707
-110.25848533935516
-108.38459264050671
-89.46225968698961
-111.41047032918556
-118.91512416594765
-120.50786513131627
-107.14590734132622
-115.68352734657353
-92.05826470842518
-112.5506212537461
-115.61902226087281
-136.65209647442634
-115.00995615642044
-96.54083738763865
-129.95651121395002
-105.21529307836379
-105.61066235332741
-120.69884285347483
-87.58678493219773
-134.29430171065925
-105.28480239601873
-112.77978525274176
-106.95375837312993
-119.43257809714233
-107.89823422617638
-147.93829290214538
-124.81220699640497
-120.3900352736882
-122.230793061927
-122.70553699985598
-122.970157477385
-120.10869313452987
-98.34717092621453
-120.1676957761109
-131.62121842691616
-107.35805478445613
-112.3752987296713
-105.8143920089907
-111.61580833163437
-98.58021597693445
-87.40729577262331
-123.20926273330622
-121.70066639156153
-104.68300746330567
-106.23568460087468
-105.71431991383109
-104.72730957842062
-98.22960566427467
-91.79975944976174
-126.55853641932808
-106.16934269590575
-97.8420984021245
-122.7141953514481
-111.7851867790613
-123.71429252544004
-107.08619684858029
-125.50624749907648
-87.26488387527178
-114.07947228036156
-104.16040140962366
-125.20439854994544
-115.68906949751903
-114.26524325906887
-98.14533459789455
-122.1883817412615
-106.99728400732606
-104.24479557929445
-110.81520437227931
-96.76409360704751
-98.04923354528826
-93.28361497197143
-130.3514388881548
-103.58167363915945
-127.98321536594948
-110.32016639765189
-130.56714732715028
-138.4353184654051
-120.06585012090437
-122.75910103018413
-92.95631144366997
-126.69446151650988
-129.32464197249658
-111.23361959551102
-97.55152324502176
-108.90680304438652
-129.10008965565078
-129.0692608331883
-114.43204198833065
-118.66722333345862
-121.0730012857713
-129.9797403346135
-102.51249460224075
-110.49555994616966
-111.87317033187657
-134.49545505629706
-111.60881517558198
-122.82853962900046
-103.37750264966817
-116.61475019337891
-99.07138968259056
-122.75725224124179
-117.61895396779292
-97.58696946123288
-115.46507280700641
-122.11428492050356
-108.6904965080282
-114.01952763980513
-101.7534148793105
-110.69662071553758
-115.85018946631786
-120.30000915828921
-139.08075844847352
-111.3845477188137
-134.81140677655907
-102.13145405606078
-123.27779606230189
-108.0261111092452
-91.17801447837027
-113.8646420200373
-119.96915873191875
-118.09058276455397
-129.35370733791103
-86.29914090265825
-119.29502758217029
-125.33605493359971
-125.22853967387243
-120.81695370064067
-114.65501219278717
-128.17433261836499
-126.16017050866895
-109.61608471140019
-87.13174337961378
-122.56093394536211
-99.87311192365317
-107.13448048102771
-92.73242754641998
-118.00172741360443
-125.97776985935326
-95.6075268245722
-104.92172629717116
-137.72177248824565
-110.73549388991256
-124.4776839601917
-112.46402719572923
-120.26806377105595
-123.71065855162163
-135.76949207778014
-120.4339715292342
-110.72886120782266
-101.99886328186626
-110.83056348633201
-98.02773886994832
-122.07235339167323
-109.328913660332
-106.45486199472131
-120.30612175330748
-130.3879156272488
-122.83976749759215
-110.92261846137585
-115.77442683921349
-90.21411732941127
-119.74850834447398
-101.20367326611182
-105.39522352114207
-92.28241525583951
-115.63630069122738
-118.29144197453195
-113.52008290918492
-121.48103730465135
-89.1442882297604
-100.81383253405231
-114.42168641460346
-111.27847557120295
-110.50989830330295
-119.30133080929022
-132.13686039278795
-88.99282388846117
-103.26324250765114
-122.24800515140757
-94.93759953806729
-104.92921413172165
-123.14325760540885
-113.94856368805318
-132.45322363816723
-106.06241349258657
-117.54770766079353
-90.33789910024706
-123.56271079795438
-95.64756116316995
-116.33763728130903
-135.23391682897582
-121.2512023479341
-133.31490478074969
-112.96454361344315
-88.61202545081078
-101.26522554288542
-120.72913985948725
-94.34770837114425
-116.07668442598528
-119.81198115333453
-112.68386539502445
-133.40087664806606
-89.64931745333813
-117.66567110387464
-137.70557290433766
-98.59361172424688
-117.43609396893301
-100.06827987661761
-120.22576837369483
-91.03427618475676
-121.5426928858211
-126.51714285248545
-107.83186868497441
-137.14502874731244
-128.09672100526333
-120.58344989100178
-98.75063449533194
-105.5925289598438
-113.610442816638
-107.87650178457221
-105.01710337409693
-110.45095391989501
-107.94105376324491
-119.31411384096643
-109.00362186244404
-136.1063542436902
-103.21614266871306
-112.0353688444082
-121.47781037153098
-98.0846467306664
-111.12255616288701
-112.10644414349328
-112.13025860227526
-106.15763318808996
-86.90716124580254
-137.39681663847807
-127.7790638100301
-112.63940003046791
-117.50534455234467
-111.22784213476668
-118.86386149382423
-115.00660842056452
-140.877967108336
-117.10269947229582
-125.07999325598878
-117.15930978135648
-111.24933112970996
-111.51633729770523
-105.02584943470457
-103.44196369512089
-109.68611097761499
-112.70470990912446
-121.80640357698938
-124.47377633468449
-96.18898980026675
-97.05713869950775
-106.08370328512953
-104.80670161409361
-115.11054096353519
-98.28437742031048
-120.80094310751791
-117.89759671312177
-120.92716762907915
-122.448817876986
-100.33879829860398
-91.44945579307051
-109.0067942811941
-108.22108548773092
-117.1377590143589
-127.67550313848659
-112.71743226582367
-115.43813866359521
-102.51254724753349
-102.11437976069622
-105.04261306753905
-92.41982225252633
-117.85483966906048
-90.34426487035707
-117.45235499624906
-91.75062024231404
-116.1831781532101
-125.82081319410952
-117.96289428152889
-111.8431807273719
-98.10433262820773
-133.87531363133635
-112.58026555833544
-116.36150142282956
-93.13137254552873
-97.28424141324653
-107.64307788358694
-102.25259487657667
-128.51409428321563
-114.30541836726756
-96.99325528598213
-121.04188843274429
-117.86150561491078
-115.14220400044934
-108.08056725443666
-106.47258257576516
-107.00531771850609
-116.6284464260753
-84.86368156878679
-114.3748869086698
-113.29212487506929
-94.02529855328349
-80.40191413109892
-118.2390895409033
-113.0820297954914
-122.33815809784389
-113.1519582492665
-116.44219231720469
-117.47852082855425
-100.52814069813913
-92.00081614100345
-102.6268666060794
-108.29385328487656
-126.05783434997875
-85.60846139754118
-111.7651097061683
-113.38811889021243
-119.10998721685846
-120.78801108102834
-123.70755742039276
-133.98257983724494
-113.74959037044256
-106.33287019015192
-109.00338136718155
-106.80640717858996
-104.7045729077242
-115.7132102940023
-102.69036751575518
-91.31036108520136
-110.24454263915808
-101.40232568563721
-126.82260663477444
-109.46794181430653
-102.56648821464263
-101.84924906277726
-121.62577594375594
-86.23579522150683
-114.70071367570475
-127.76145737121749
-84.60639302922206
-120.52239052878619
-96.88630453494757
-128.40886671731442
-92.61259041157264
-124.49803854366746
-92.64175724375464
-98.57128438047229
-121.56659839666915
-98.57255854464219
-118.97629390208634
-127.32546085436448
-105.95951024064114
-116.97743553901998
-115.47694415714818
-119.50636180714122
-120.376422769589
-111.32763630905092
-99.91092931115904
-111.10881493722668
-130.93020081626563
-106.90279428616343
-108.1346835398293
-97.45825336982645
-127.90992994687174
-121.74405698622701
-108.76163827684817
-113.02679294936559
-106.9963863947357
-122.41096589630348
-119.16402666512667
-110.06768503398814
-85.31827317550008
-128.80668934893464
-113.33173145058095
-104.50977228329663
-91.6501503667078
-135.9178681764837
-112.94824085381705
-128.06675647945104
-105.95642029329866
-123.49014401814202
-117.96371992382282
-89.32902573548817
-89.71922730742729
-112.20473784682997
-112.40276932070408
-117.13532642501175
-122.95340644318836
-120.36248374859449
-114.68597181915291
-124.27946580655274
-110.7632779318273
-126.30175904796585
-97.63458798212464
-109.76592722814428
-135.05351937991128
-118.25127493887027
-106.9286314872253
-129.97607267261583
-119.21138927348073
-117.65122534503728
-103.03482335493052
-109.52615319709744
-114.40768717878706
-123.23227615162361
-89.75506623545682
-123.05625359284818
-96.2509057887525
-119.13695590417363
-128.17612049681998
-111.11659292561981
-101.64716096668056
-114.9787278351292
-111.58024389051137
-107.47796324891902
-105.37129963508121
-114.85156663115012
-128.96633665656552
-92.80368263210545
-108.9979615024574
-113.32250100158913
-108.61469352850749
-84.32084753228827
-126.6648639987055
-101.22398026135777
-88.58844221630974
-113.45939709151445
-98.27713511377422
-117.79867174155288
-111.96049816347265
-88.12125118873989
-98.7842185912493
-123.89752226394225
-110.80024564848692
-112.10380643931262
-94.00867366661828
-131.6255380480062
-115.27279006532842
-114.37610434786124
-119.73562722435139
-106.83042921517077
-98.76835351583907
-112.18169702815773
-116.87899324225239
-135.8511224018007
-104.87993229291716
-107.66963809486784
-126.85961060738586
-130.00889431644578
-123.33303202471043
-120.16157735997828
-121.22856870532686
-120.38671254739174
-122.30627160722007
-108.39542826064654
-89.98065541267837
-114.27595440286187
-126.09563984295468
-116.27172108100785
-123.109989434951
-124.73023328921212
-135.80933289882893
-123.81137522168135
-108.28689876356388
-120.17350914115373
-126.83924306222954
-116.42452101416083
-119.04097474537346
-124.72882193142601
-123.24783489875058
-83.997681969218
-121.67101831816919
-123.89194564776679
-128.11542411100987
-108.46776343327113
-109.10836597133982
-126.61322552703211
-107.68818604685538
-98.55941320545418
-107.2933865918749
-111.57877731531273
-125.58297349547065
-94.97005061437976
-120.97557319212925
-133.4249394161339
-124.93380835583665
-129.9270033770079
-115.86262989842284
-91.41166628176794
-124.32152995160754
-109.61251449127874
-114.25086978166941
-96.74085426983372
-110.46917640708284
-87.49237318432344
-133.27540855544427
-113.94222484053049
-118.14697126400483
-118.00725448477621
-119.94704484372117
-112.67054039014346
-100.4750708336113
-129.98895415691976
-105.84309049366749
-107.03669115000021
-125.95941513290546
-108.33619534465377
-111.10348389540437
-92.80693659511579
-116.26413730784614
-126.52718720973267
-119.24066188769376
-111.67437552705827
-87.64539681761558
-113.64455172418099
-108.34442514921668
-85.3282674848132
-102.64083594456322
-109.95007554139696
-118.34052111494714
-98.94065184820255
-91.34881263743972
-115.48059688103254
-117.11144563746156
-83.71080482441037
-120.98281233798747
-127.78368882702449
-94.26557649398643
-123.15756236406503
-119.62502630626145
-107.27799268792862
-110.10360122282958
-135.2157569908443
-110.25700710671231
-98.6721548340747
-114.81723089001153
-85.37174880702166
-112.86891945115272
-109.15345618316951
-88.79946172944696
-114.05259502535357
-102.28926772913093
-96.48900183631756
-110.0797689594436
-124.53984307422346
-115.78934832031001
-118.94528938114269
-100.4137572156597
-85.58126944990006
-119.74659977246498
-103.80065767348256
-91.74487976447298
-122.14349032096641
-116.35130850448618
-110.50412237086358
-113.3790820534519
-112.7310117835197
-91.7918859830098
-119.95691380245076
-101.68009238831714
-92.29458040509584
-113.62905084218006
-127.05159544930508
-122.57221731873204
-124.97100057909874
-111.51126549155317
-110.19020744552712
-128.7849214838775
-114.64794220161615
-114.3567945190504
-116.71904086260807
-114.15752902081704
-111.56680766127118
-101.55886357208936
-111.99692168564206
-108.39182474606602
-112.92319151873673
-95.49172276258018
-124.30000519067221
-90.54447074174648
-113.19846011161727
-119.17839969055328
-139.36802045200307
-111.87689906689765
-117.10441841729384
-96.91081991118925
-113.53953700355697
-109.24360893399714
-122.10099032517472
-119.10627726804866
-116.15189242543015
-124.82734402150167
-106.35736380615545
-116.18064775930941
-114.64533097339944
-99.87169334541545
-120.25633023256903
-123.63151912836733
-122.04784746072411
-109.71121210864699
-112.98246597070292
-115.20674474875159
-99.53205779578683
-97.5371260455801
-115.67357112905152
-85.41159107255307
-100.7713061428828
-132.2415664154919
-115.82573098001417
-132.74277264631473
-120.16480862733643
-100.84741856080106
-93.37230724109071
-110.47388476037709
-116.31227342422545
-95.0094066517607
-114.66462031753039
-84.89980710040952
-108.57520493479099
-98.24937253922315
-117.16264934282455
-121.57649988178092
-104.16799050071894
-108.94530624139729
-112.3158521128684
-106.11173442044604
-111.00867292138729
-98.57848083279507
-124.70856719710358
-114.94362620856158
-118.67407716028777
-123.3285181568144
-121.15892673452616
-116.49641781541283
-117.33713638435606
-120.22956001567914
-105.2145977671697
-120.67661461470223
-113.11453300105066
-107.4927327875381
-111.20670492567533
-111.48773662796539
-124.26707678070191
-108.27173315293125
-96.78171769921865
-123.30531940294539
-125.29146031031893
-130.40315088931837
-109.2518644507227
-116.25440493839162
-121.48065923937267
-106.99798415773742
-114.83459089530638
-107.68724154622222
-90.25532046656542
-87.5564726449233
-118.58695296199821
-84.13112360479367
-87.49318041532831
-109.36708990504107
-122.6935225265915
-144.27891824878
-101.80200811204423
-125.49974835045042
-112.90704512590767
-87.76065013925086
-104.12558239675741
-107.38151837647689
-114.82984897107843
-112.59033470329251
-99.38403766405872
-96.44718829847764
-119.91738395398059
-129.3239305641826
-133.48834262151345
-94.67312445462018
-86.36823335758935
-110.47754990384554
-110.77611206934466
-116.24358808374119
-98.62488924891207
-97.00514850057925
-128.26689943716602
-120.76786311930734
-114.52800076703998
-106.59438600827272
-113.46618963064545
-113.09056305854222
-89.47660229517015
-88.0122080244381
-113.00666201957924
-103.52882378228347
-111.98250064304328
-100.86691575952707
-125.79199447708127
-119.49819849169967
-115.17926258928932
-103.66921427250121
-116.06977231692477
-119.1421757834274
-110.93828132974248
-106.03919924308198
-121.05352544239932
-115.93908622251263
-123.2329581552954
-112.73734722225096
-107.53424655061173
-115.78208308698005
-110.10916071037059
-98.76346310275633
-117.3188870988476
-101.03813235296357
-109.10892953611572
-111.04843386854282
-106.57263121963152
-114.4780907182739
-121.33885168793175
-124.19195142121599
-123.10756347445154
-103.70895099277429
-95.04433075798556
-105.71568186775835
-116.03751668656504
-118.1570534953328
-117.23842334097282
-123.27904500928999
-111.83371056925411
-108.53718821936634
-99.47311864007483
-121.0474605245783
-125.74450380751077
-126.4186493871346
-95.19089519237596
-118.93311343087655
-123.32697018652172
-116.79433288427586
-120.54260202391976
-107.4041821407152
-109.56221250564462
-104.71180024157199
-105.10440566109993
-118.10929613987469
-129.99134452848602
-117.67950637951324
-127.59952319967029
-118.84432098132125
-127.60493116161602
-122.99326924910673
-115.31008717209926
-106.88357255074398
-95.24795712084165
-113.72076719612053
-120.96661612313815
-106.31673732444445
-106.0523742472714
-109.12857658684494
-106.32014261649186
-116.74782302867976
-126.6352034001969
-110.47665162833611
-102.13400679375846
-91.46317132727376
-134.80591709722046
-128.93706777932243
-92.38023026151906
-92.78722022830799
-114.73663446503168
-110.52393176664859
-104.23218954624343
-125.62018471336258
-119.3056385261392
-104.65341817249835
-122.3020275411018
-115.3593949493448
-112.177543325131
-80.09003913116479
-95.16219163451582
-103.03474971108571
-102.391307929385
-105.6124085203174
-127.83892907577979
-100.75125658744346
-115.74516835361082
-123.35264864638745
-92.8148998469509
-103.6655568347403
-89.12567031787391
-111.75073479336409
-127.01187134366893
-100.52055604483196
-98.25504007338671
-103.81846290582598
-106.68970287916396
-99.17741765331402
-111.91928208036708
-124.1933083903507
-98.59617926308636
-118.2696082623507
-100.89541803598615
-110.29718028973383
-102.51911356244396
-93.70428184161771
-115.27135558459067
-111.81015086866975
-141.18825588935982
-119.51999537463197
-107.01792437212815
-86.83224333187361
-85.86254033287086
-110.24125031435052
-98.49438686258839
-130.5475450921938
-115.09869320558704
-94.88856620384794
-111.40968970219022
-123.89583339785038
-106.73723672567249
-88.18765791326702
-88.88543669782199
-112.44846929419813
-99.40634812645467
-122.31941109172308
-120.61399731335813
-120.00284882513347
-98.50331492418879
-120.04634422303127
-118.74502607730528
-116.72325819459752
-113.74906653899964
-123.65506120000438
-106.80550387320085
-111.8452564190124
-115.34545861030324
-108.51216371166531
-124.34002203761537
-105.48724369156045
-107.64914735033793
-123.51992488515938
-122.53317520338945
-116.38203451628556
-110.20894380843274
-116.09163206508929
-112.74050910700082
-91.89562675256562
-118.41498447266063
-110.55570553840369
-99.79944331751841
-96.12605701630699
-103.2672421454993
-117.11445964244535
-107.09106436989353
-106.13422447778245
-92.58853254391505
-110.38662872275054
-102.06722119750845
-110.82023260732197
-100.20161596111657
-106.22664887552874
-105.30910202035629
-112.57262038716114
-92.83862951593821
-126.82950055601322
-91.9640042733982
-117.88948952423254
-121.00505085378549
-95.44711893381262
-119.92402663502706
-88.56826917931237
-94.60272962685488
-120.92726133539723
-107.72545216627488
-126.64515263890411
-125.14472177797492
-90.93185061233366
-129.860198426904
-85.79443644597202
-102.44610120400988
-85.56329526401875
-108.85813149269485
-122.24510929477067
-116.89986222396045
-120.04281955519525
-124.96208350841283
-107.14244368637182
-94.69290344451659
-118.99718267392524
-94.1011607706166
-121.5824834670818
-136.67039324227912
-120.6577094742557
-134.21868644564603
-113.70236585126165
-112.63952024244772
-125.07327656536089
-110.96155735167459
-100.2694438064736
-117.44657264043751
-99.07900807194555
-97.42656781277125
-119.81201348562034
-86.97532233455458
-114.3013305786925
-96.19585975510486
-115.27212100167259
-110.4135810071639
-108.62166435618263
-125.07164340871799
-110.22449150460812
-112.44581654699705
-117.93750823332206
-118.47349440340075
-96.02034118002373
-138.28670612139206
-115.52512925205458
-99.0299219350398
-105.98638979075142
-92.54876026320906
-107.46122314720827
-128.2654506885275
-83.82558529169961
-110.81960621770503
-113.89530168942812
-110.03552857166943
-96.58527069289744
-96.69573154868253
-91.72701889445528
-130.97825239878736
