-164.92600969501564
-219.90605422147456
-121.81843917709995
-147.49982910242807
-335.6719138809302
-102.23368639449156
-297.32935467671984
-395.529856534335
-640.8886239821915
-683.5615529042502
-974.0384710819934
-835.4331786637331
-1026.3101791196627
-766.7201006196727
-761.4172754354563
-1187.3955978673862
-1048.519254098765
-1236.8995191823185
-502.5584062884965
-677.5306089049012
-842.5829868062655
-686.0222324062065
-357.36042800561967
-670.2400626370802
-725.5875315462662
-765.7935073293992
-184.3238651300482
-225.9197180510338
-321.5034210377488
-300.2259743386324
-164.50549000105718
-130.9739481867571
-237.09378032533346
-51.503322934937756
-109.16669900635463
-151.95135276476208
-215.3018555555862
-137.7985432697735
-112.97636779465289
-150.0404620302411
-157.19215898955085
-122.22583443511688
-162.8456785262544
-89.69088218807241
-99.9251933074224
-87.67510534618157
-379.62320075088826
-155.78542689987194
-230.64577850887756
-178.43648480997226
-180.44406308719385
-282.44646471935994
-177.905735488311
-602.6950003865127
-589.7759489778109
-590.6258209797633
-147.94035895040577
-498.10064973006087
-423.1927199890297
-154.54026718985062
-149.8429492428101
-141.82744046104244
-194.10923356069188
-62.298352492451315
-149.5487175034019
-120.40437984720373
-129.52511210459778
-94.8620299549183
-179.50532211350776
-279.03666483013683
-299.1905414594098
-128.6672426147607
-160.2627431047565
-127.32392346933392
-115.45240432067244
-161.36153695303267
-214.9197727033082
-122.15459366643375
-130.68483936860503
-120.12465603852002
-155.00088222407373
-140.5605846138447
-116.00547593217689
-149.63884806200943
50.68056914045752
-88.61327699391882
-122.94548779172325
-151.44607407437354
-134.85748926120198
-138.5455737107257
-145.76466701795889
-182.71934191044554
34.30695227565295
-117.39601105308864
-119.30796019884811
-222.78966037508985
35.16698655059943
-29.93629005287633
-114.6502012942275
-217.06178946780392
28.21672394226357
-210.64135287577352
-165.35391353691077
-123.08266543239861
-110.53372301927944
-141.67500742413907
-117.88570803528636
-137.82904843987134
-171.38731297888924
-144.32987497912512
-171.92707339687837
-148.81293440066364
-197.45053859700192
-128.58367209047805
33.632231964642784
-161.64805305241342
-142.70424655101954
-166.53274602852008
-142.14074698468676
-149.6932866426094
-104.53019916856734
-208.2056467903135
-144.74440666396475
-126.84258530870247
-144.02977522569822
-201.84674519586628
-182.5002038210497
-141.41679292282424
-210.6572850291128
-188.5747176002935
-108.33312595073059
-139.45768192518284
-154.4721625336636
-148.93611623519624
5.119452320211607
-108.94072151587581
-116.94313490646854
-145.5619832487108
-139.230903810206
-54.21443256259957
-131.82024787543708
-105.23972637921764
-131.28266422906754
-105.9425864846907
-107.33868909995626
-121.83820227176011
-110.6439848699804
-123.07623420737328
5.636928223670267
-89.08387139799504
-139.64755847801982
-90.9857253874494
-131.83866928955993
-152.54353357441227
-117.27352296067605
-117.97901024259939
-119.1018859401972
-97.86657043531629
-111.80044135108463
-116.58921475090526
-151.46823165280634
-111.09882539573958
-155.04919183851612
-97.74605988008757
-160.11999710834527
-124.81925566909706
-115.32891422382991
-93.36977528714728
-123.80203913872927
-150.44005898836733
-112.82502134269056
-147.78272757782543
-109.24648189525605
-116.65201255820247
-136.07405648407118
-151.4644748810446
-133.93137374694902
-140.2297571702477
-136.6016130107073
-110.30455601690356
-128.83460460957136
-159.1778965582532
-159.10945341264932
-151.25583976768797
-110.06878345352287
-95.20764765882163
-120.58723192178934
-149.7372258967527
-92.95847170851187
-113.89425137332317
-144.14508337571613
-122.43165360414162
-154.3311537380348
-144.08112431274205
-140.53922739917155
-110.59874345706919
-136.29833625856452
-143.05605127126546
-120.68986919291581
-144.06837226784967
-106.72654048507248
-121.30835682431572
-118.75588236055634
-89.78003825537233
-139.24131795452143
-104.3366785006174
-143.27587419611604
-114.88713829310977
-110.34937124194637
-104.23277822088801
-128.11669483177533
-146.10005479383972
-146.45720461786445
-135.6167851246988
-88.81437781335913
-110.90166435657912
-95.02633940909706
-108.09614430455126
-115.50065786648702
-124.95648589357799
-125.26032070641219
-102.79929632041915
-97.73097161304807
-123.3461981085791
-151.87336612775283
-123.25135693175915
-121.1944109103113
-145.42549112900562
-135.34371491970782
-166.73868197058542
-110.52266705722434
-137.4311192599027
-126.05774250727326
-89.58471716887844
-134.12039861880706
-119.15134961515696
-116.37763750155955
-125.06385468313236
-74.02580803414708
-131.41786369090767
-99.94320540447613
-128.58477406217546
-83.77653411692309
-121.63821697974166
-115.63128703243547
-133.24094943200464
-112.7162807317474
-93.2895119994799
-115.54968340258932
-76.68779328275559
-121.7072743340949
-121.5022058277391
-135.67390194201693
-145.52368046839635
-140.11433246014764
-68.22127176829949
-126.94737158504151
-107.35304096395288
-128.8986657037441
-135.3777061902358
-132.18068435044313
-104.21434341553048
-145.70833428195698
-99.64191368691834
-114.16182057802023
-136.8691559785733
-124.72093792866406
-149.951018342745
-133.7288033849263
-160.92551066808556
-111.40119419126434
-122.96355843047799
-96.54048595331358
-119.1462646155733
-141.3087307925291
-110.98189180688263
-120.16270473553669
-150.93585037847106
-134.8310584784852
-121.8577916168423
-110.80853620723569
-138.01527757993665
-117.47808029833034
-105.38937172621529
-96.0913079045939
-119.44050918450728
-102.88457646452953
-122.51327497644056
-113.78102259058298
-116.15581461175518
-140.86049450724934
-109.19976144705444
-143.47411303731297
-124.55333688407381
-136.92737909157037
-111.02232206319285
-137.54003378857092
-104.80757574876596
-132.56764601351705
-109.91344109031833
-130.89126782383755
-112.03737755624502
-114.25659903052471
-135.23339414977232
-132.23423146351274
-104.64091861475906
-101.39841578624448
-126.83962077828055
-104.27819394262336
-109.21957947379235
-111.0093231302047
-146.75592339247373
-118.86019929389677
-115.24983613737932
-115.01090747908063
-113.64632374007567
-116.70498599297608
-183.1367578416368
-109.92231912363863
-116.61641961327078
-118.4566320868615
-115.04442234544804
-120.40975771301282
-125.22563887699965
-115.33213366836397
-104.65404364042105
-132.38475525328877
-116.46948988625283
-111.01594255815243
-94.0317344777346
-114.94666583618016
-129.62177720866862
-131.58760787101946
-97.3901216217372
-113.48719927431154
-108.66692056617092
-122.1166122414823
-124.19451592049882
-131.79997151968374
-121.95515624032461
-120.07235586165552
-103.77506651081488
-107.77213851340427
-120.51122540519896
-97.57044374293226
-108.40742468951962
-112.72950380702645
-123.12121997949096
-124.3864929730517
-117.66837615669408
-95.09336243387233
-121.37605882219962
-95.9387381624057
-97.81759997521031
-97.07965193103112
-104.00625301404376
-116.44410622598821
-115.56753377463865
-123.18499764270265
-112.10460593324443
-120.9094302905905
-118.61229588950015
-99.70978015500394
-119.64839405061242
-118.27367390755975
-118.43657675024798
-143.4534145687806
-125.49291468552109
-106.64677396214589
-130.91264553172732
-119.45139135304345
-121.37329796823941
-117.88036443975656
-124.42450996951976
-127.82591015318069
-118.25189548891906
-135.7622698934347
-103.30749479292412
-130.61854413655064
-106.44008566357108
-117.3212846470876
-87.04071044971023
-123.81839648102972
-135.38362914925324
-101.40547047655598
-128.2654003055357
-134.17121003435318
-114.82733600285557
-123.5877983088229
-126.8127232992352
-129.6543275730813
-115.4148377849107
-121.21323642134313
-118.23779620601461
-106.27717092560599
-132.7926382262251
-103.4671075566305
-88.2310269836471
-120.51660183154557
-123.6746735025452
-97.79998186136741
-119.54209889457186
-134.97898851038676
-106.61624417951869
-103.57115827021602
-97.102567415794
-126.20748279366683
-106.09874759997697
-110.74669711266297
-127.33217634431635
-89.92620257707884
-98.0546931769679
-107.6983511026754
-105.74280437500599
-120.13210467657602
-123.57384505238699
-113.5485852118311
-113.91435899526778
-123.64895656542006
-123.84940448698555
-137.57325951718383
-113.94711959095433
-90.05891368044979
-121.6229344559879
-134.84526028812792
-105.1047624302248
-125.21339304068456
-110.86002067042816
-100.02446267906204
-111.05733848715796
-100.6237186273052
-98.4171044326094
-120.97988851358453
-104.09348070739516
-138.40671550336214
-99.88332920507351
-110.62508081340076
-118.66868206390579
-127.39115945831503
-87.78382750385389
-102.79129428161754
-81.92530377366737
-125.6537081157269
-115.4865373060166
-137.47295043509814
-125.46959572828261
-118.83266880292122
-107.19931155691202
-116.72285907787975
-115.29876091061864
-115.47726388488097
-107.15818489878379
-140.35074580490505
-110.49951097325753
-120.67266184753773
-117.16812946866524
-118.48490459198669
-107.00446887962254
-125.33779547466352
-64.44631964585088
-116.79430004692858
-125.80819154962344
-131.96361607156547
-88.29946271688478
-114.71925607310273
-99.17812329836292
-130.8538808543446
-101.05869583944317
-133.8553318477163
-86.32635495091647
-123.22682417922458
-113.74487836364258
-102.4837414554396
-109.14572102700215
-112.82101631480393
-115.25283421286449
-33.9503013732582
-90.14103196477112
-91.08856334323461
-86.02727624934607
-93.48647496222972
-85.24614756114052
-104.2880823626248
-120.24801057119538
-123.10220272799019
-126.28803453574983
-106.45023251794078
-103.40501116309571
-78.43591579946634
-118.41681448448146
-63.21517136461992
-90.32161577766033
-118.76046898646223
-142.60487645850387
-125.38228272410196
-105.26994115031334
-117.99338751203294
-92.92138468809692
-126.40166942288411
-91.06912379225278
-107.45194152430345
-101.75878918739173
-117.03804041087741
-120.18478890651505
-133.17997174915425
-87.39757885829235
-70.09402899778787
-121.0516936659957
-86.21445508480686
-120.97856682833591
-106.04415813935285
-121.88304730913694
-100.61489481625051
-127.08437228438672
-27.37591014382231
-130.992017872672
-93.46906053747017
-111.11823575735136
-104.67938043479073
-90.80367750800139
-9.105910469797422
-111.31734928158313
-132.4916671207484
-75.83752047258463
-97.05986572348245
-115.81740182473155
-73.6660319305347
-114.93069156561344
-107.20344585071324
-92.87417873070288
-127.149173331448
-94.05134083164937
-118.53834585228643
-89.29163686733617
-101.11804151624223
-16.108412683166605
-129.78704571229764
-123.39483378958218
-107.66922995231546
-122.42650480210634
-112.68191777091224
-83.2674027941567
-109.39981366863776
-112.70837036285955
-34.923398485953186
-105.88539167376334
-73.19846542254186
-146.11725503468273
-31.14817779792604
-130.73246448674786
-132.14007751297896
-69.92603046642695
-53.50381297264127
-69.46820521021013
-123.05136043705288
-89.96423199599708
-110.54731680425962
-19.526938307912545
-74.9481378003562
-83.51066172831563
-86.33651883806685
-124.28553164507554
-69.96136089899358
-66.09053296853972
-104.05939035903492
-109.2559883080933
-57.32024013029424
-110.46086479152586
-106.46144686592602
-28.179092484146864
-70.66374686006364
-70.47447442092022
-118.78663659728109
-87.30009439578097
-127.4669946688498
-106.27511256581238
-43.396064519229725
-25.83130328922192
-108.80069416246752
-96.77997925152633
-92.47019050833804
-85.04731822922024
-112.54557658201625
-139.3397252091064
-39.74990168981739
-34.619980847003944
-30.19370816615971
-123.78723328675552
15.689162054837354
-43.06953939432109
-100.12244704883004
-117.83503589299112
1.3489388859741638
-28.082287182084357
-34.48299806538867
-113.3721179537371
-116.0526669103418
-122.39952337037806
-3.82449997069385
-140.37634358167736
-24.57329117959206
-144.16359174732577
-104.13894923195028
-124.67131858681228
-106.99805481135957
25.181076944841593
-126.92510574477389
-114.48520738465453
-187.4132627423798
-47.405046787307384
-87.39020784781842
43.022762664922
17.963531688156607
-89.42419402087876
-29.32930662963247
37.50110893801292
-2.0362227206891674
-150.24389446297533
-114.78336707528798
-36.99636638208104
5.7990398594260455
-107.36884505967092
18.44021578883917
-119.56427414426376
-8.41827466252839
-70.815140349309
42.0188403445037
247.370372257572
-42.15446037532729
-23.102260345052926
-131.2108276405004
-91.41893034236693
-146.78987457156953
193.02226463299235
-109.00116916483476
-120.96916371216705
9.278239051709818
-57.84270193757558
-26.884561264767385
176.58386641887836
34.918277387112056
-85.92054747061914
-90.8200513295623
-158.8256721363956
-65.24854094099675
172.17260280534788
-19.394510739212507
-101.82726282767472
162.9987018146268
161.84401082221228
-94.50797097504278
-68.8051041998998
-135.99507600300183
-59.184798938690584
-23.668327325823753
-127.16521271440621
209.25711946420967
-38.07566157926878
-83.35665988524808
-100.007830319448
-102.75732302603222
-181.2992048651717
-105.59579674366483
211.90294311773545
-65.96933244210513
-113.97746297347572
-48.41515112741586
-111.79571231822455
-49.61799389190838
-25.749416565503594
-67.89472749886424
-103.26698438813382
-58.41392283315631
-146.1479319270621
-9.408233586257353
196.11576438764848
-30.747509306452557
-87.2660609408276
-132.72508364836577
-163.6179897552671
-18.75894671722949
44.89840797915127
186.71431027942606
-94.32776423067622
136.11800275795545
78.1772317188408
-18.788075898000514
175.38863061913412
-127.56604489882062
223.48078342416488
-103.56856916831818
60.009928514432204
-106.0585298135193
4.309116696021704
-37.77312184795303
-47.7418524144295
215.79399480363455
-113.75981766253862
5.866549966027648
-82.0682627464236
-18.04678623912949
-17.059580313387954
-34.57303718088119
-122.66444983579623
-103.9122446382163
-91.12154502419956
-125.60870987464764
-146.32835126898755
-77.10949454195111
-31.384099517774104
-50.021987492987726
-58.61091910370888
13.308229891656737
-107.90987924857372
30.90998023713729
-66.57002698604673
-93.89271934127221
-102.55742587392784
55.98693334789877
-35.17746892590441
66.5522824766395
-43.30216416886718
34.966153764619094
220.3764444425588
-70.47923642894938
-119.06808597912703
-63.63600608037532
-51.517689668249446
-60.80317428680105
-97.66004376275451
-81.21933834526922
-123.79086447615262
-67.05605015890103
-5.23255020031074
-27.301305227466045
176.75625571086493
33.63894725490968
8.776000397596604
-175.18371670947676
-146.5323073805236
-48.171955570636776
-74.571300267118
-112.15484900325136
-112.29956363967496
225.92065562468346
-135.9986863929387
21.36876089930699
-107.38521581692402
-124.9581338798639
22.538316779401
-71.88758712638308
-47.587227522060026
-42.99000995332358
-72.82530801453711
-84.73823647815131
-133.13448780907146
208.68221036855982
-4.689586090770206
-76.85832776453927
-109.08351375607168
-40.458235016148535
-91.31840457058505
-78.11093692739428
-44.246359655321754
-64.75449693115837
-78.01110253046694
-84.73929548078105
-109.11345528426223
-96.57483542027553
-50.18529283331889
-132.11490177319018
-138.38283826380692
-108.02070628080186
-107.60197621047509
-108.21798493983229
-156.8783793842269
-51.35530026050547
-106.30978030721643
-46.436774119405754
-55.69133567841403
-84.8863109542273
-137.25590672505638
-134.145079853354
-132.3275522680425
-115.44527783907799
-104.61726859718542
-113.787510766904
-142.28515268039854
-74.57478204108435
-103.11604545085223
-111.83531066618626
-80.46667290918487
-90.61179446426897
-108.66032003248137
-102.8973536802352
-123.18080873466725
-128.60658758900198
-98.5679946537088
-142.95982973690167
-128.82587926527503
-117.62553411879495
-118.34489878253022
-114.92561405066665
-141.42893092507552
-114.70292794581897
-117.37880231881722
-138.86005366163207
-124.44438198001362
-134.72111543041797
-132.94656378459814
-131.69872481087924
-128.01193567770386
-118.56319976165906
-121.56191549930159
-141.86779036350643
-116.72687136383712
-114.98251984448326
-135.68067613647315
-84.02227060606143
-90.6687228549368
-125.40997378484042
-101.81482857142701
-123.59652532263433
-106.09097311627806
-101.45141445261903
-124.9749077549553
-146.98012608203422
-137.33016483345864
-125.53345270550776
-139.31784117175252
-121.95872653340359
-144.26603979974868
-157.5027893230585
-141.06234616359274
-160.28704517685213
-148.25772023873088
-167.70973203754406
-152.43378162963944
-107.42916383632111
-158.1850505004881
-141.83942266353324
-138.22900545924023
-142.14311620417445
-132.28646124001244
-131.35942872881012
-129.30294979878482
-132.81446566215996
-89.71170119116736
-121.87845163694833
-131.49184368752455
-126.34781519174356
-116.14793764017294
-125.13630437442205
-77.8098730732774
-133.52137752240645
-122.92839237097598
-143.493219948515
-147.02978777837765
-125.66606394296761
-141.56106281106662
-139.82572241420044
-134.19372420247169
-139.86259331553808
-126.36365128722737
-128.6168684442252
-116.85857664989678
-143.4185755341454
-139.97946735059503
-94.02197761156808
-89.31327984187226
-195.66231015062823
-322.14371581890373
-198.78154905619192
-295.942428609691
-132.6276585744038
-133.7579172999757
-54.06108545701808
-135.15224824784474
-135.09025811558178
-239.69627765586856
8.704806620540722
-38.73212573894434
-155.4692036806307
-143.64696987442392
-180.09108629337447
-128.16197042193048
-87.2278679093445
-60.75496035198903
-11.31125318578357
-102.96152349508694
-220.9838313536335
-267.53154752845865
-260.48733447241887
-273.1615256527841
-360.5380698491001
-266.96628426837725
-218.70545524535987
52.12019350622947
-253.08441809711258
-223.6270763744942
-110.28628903385886
-203.60758162130855
-240.60125749799494
-151.4692989048895
-105.52391143196576
-188.75234162682273
-113.74656967155559
-121.08486786715119
-119.3894501256432
-28.41886429148913
-54.007769149406535
-33.18098194408127
-66.24963265964841
-74.8952785864573
-71.85853841523675
-131.17683687689728
-104.85072136877346
-3.2506676290398815
-158.24987761418527
-155.36446043013365
-121.07497107428622
-129.9557831062131
-176.7974353111816
-165.24836573634866
-162.95343122702724
-113.89140494888703
-162.4567088360397
-171.2181555238951
-123.02759676904958
-128.7377763026482
-207.65879644982084
-119.04579872803643
-59.99623203751604
-43.63509356541407
-164.92775595867465
-142.28916724751014
-171.9034700860882
-123.26718912683427
-88.87959794919836
-161.64664286582143
-55.5357737361496
-32.66423619677542
24.637337560802834
-72.82685906781077
-373.6656175102066
-58.307475727995126
-33.91449634358621
-203.00883403173017
-129.97658785134416
-228.46619508314532
-214.89845153275877
-169.58355092266387
-98.84924484469165
-92.82391648629255
-198.03425719114398
-204.52283601774474
-111.4023329048161
-181.50126022515144
-125.31876503898155
-51.24811101289535
-147.87018799848556
-163.9134341312734
-94.10403832160863
-132.4988331122946
-136.15933193636312
-151.09582555139897
-169.27357347610837
-249.625594956373
-209.06795130492486
-147.6589195899778
-183.53176644067253
-8.644698166884169
-174.7847352257823
-326.8721073213702
-221.8795987816098
-181.63402652226245
-122.62165710841239
-133.34193376556448
-207.30564368331068
-121.54063588849573
-152.6095062520452
-90.96015067123803
-256.4990638365378
-116.48655374266062
-275.6235372773913
-313.42831225767
-0.42616936637023173
-81.23361535471903
-119.40425453319668
-247.72696965522292
-133.07100395254344
-460.2297819320005
-148.96911014480963
-99.67123370560383
-202.67284357735406
-260.7981486769683
-204.41882442530886
-140.99348364113405
-187.29698832742395
-188.13493998547054
-208.7126147022987
-137.25251846918454
-173.0036964138714
-143.89318680439447
-127.95057557207147
-147.18131149873875
-134.9876092134976
-170.40835133189734
-118.64257992978692
-121.88353637886371
-136.20588601147006
-399.5641501082662
-428.7029773420733
-714.1623181038767
-379.604483260218
-596.4705248259254
-482.4634859070251
-402.1601222985037
-491.36341988994855
-507.5382845397617
-786.4397569662367
-575.4295966467673
-585.8341999647469
-555.4313786338697
-510.43274736553514
-387.79269909430985
-402.59493636393273
-711.7598904397252
-696.8804314552785
-582.154172276778
-61.33369239976571
-68.11430970983426
-128.30061608144888
-77.57242051494197
-345.61231641182513
-321.0691748661026
-291.181561695765
-47.38397463112327
-2.000896030351754
-273.40565435516714
-8.14169471317588
-73.12945444110434
-107.70240896406706
-496.84491883044456
-66.96318366811167
-172.49048028817964
-66.89987945702796
-179.4495281836649
-266.5396860422306
-98.07405202192005
-139.9814412056024
-406.7181522458851
209.6490673492546
-73.24705148164367
-11.916808468677331
3.8516306517838785
-90.98213711343968
-80.21375785648898
11.503472607516855
228.17123545849972
-60.97774445779652
-76.89343564352228
-32.344746186517895
-30.003878438236768
-37.853540935577726
-21.022488391851937
-27.940030245773542
-13.1626337878932
-64.65763832023225
-67.09102419555364
-60.010369765627814
-69.413175446673
-68.15069717176884
-50.08204989788511
-171.35170273925803
-208.88242410592753
-271.08784400070374
-250.12410726614448
-305.1895143605358
-273.2375579052799
-549.8947216157574
-375.32113866469905
-533.3722863166503
-324.8085026829458
-437.01832722954913
-510.09298122747646
-331.53728879114465
-349.25588090224323
-304.5254822153328
-449.0464117430985
-225.00971294063464
-321.85884498248106
-16.910972892860173
-121.76271898071201
-179.1776021581256
-48.630040303096465
-103.58189138607271
-93.46375589674894
-69.87871177574306
-96.116170643645
-105.32757350353573
-93.55674542761953
-144.08324373421254
-132.7217672221144
-158.38170578502644
-185.11837012843137
-173.54043175614487
-35.103033530072125
-130.20294886257025
7.14094655007132
-98.46039414976472
-151.6273607476409
14.153748864210755
-116.56842375551139
-142.9897929317668
-176.30315375691305
-141.8145171028131
-144.4637679734106
-133.06280530787672
-41.076273252625256
-330.8815779222299
-178.63803289335146
-137.86910250169436
-242.23912871505365
-127.0064889799159
-114.31172179291303
-126.17540385377673
-141.45350513091594
-132.75091986490685
-118.72818115877355
-403.6437055060701
-265.9561716416276
-107.60988546926903
-137.0114364333669
-332.1152136084934
-301.83252439359455
-117.86053115557841
-117.71986312504875
-202.5028020736995
-206.3118399396334
-217.37788693013326
-248.00884168061063
-198.98843056371032
-207.82081380642651
-174.18090515499617
-214.7674901805588
-276.48284969667486
-242.65157294763523
-273.2073866402226
-248.458654935687
-232.27120443053678
-228.10812499607573
17.39243357378058
-348.504275464841
-225.61723915570516
-204.93415869831125
-162.23327874560144
-150.88192545117676
-235.2848836222461
-154.15485934799403
-157.24476066853506
-146.22421094567554
-139.73296332586338
-162.5521621349926
-115.49884357324844
-124.71239291696955
-109.00111537003647
-142.6954542822308
-101.86270836808976
-134.0386671737404
-157.65890998491545
-212.7776655711828
-105.61754415021572
-113.83068548163551
-130.7700586877046
-95.96950579623572
-108.77830841263028
-117.91200327636889
-151.41907308994342
-108.28490204032707
-162.8366415425973
-136.90498246257152
-118.17461770520939
-128.79104721198476
-91.97422940543964
-152.2054221506937
-103.60387708962617
-129.91052056219047
-117.81693094065302
-151.33587633740052
-144.47760306873093
-140.73160710822899
-115.93679620967652
-111.17367820293359
-137.42578040629698
-124.27848219941484
-118.58917029371997
-128.4817980276418
-105.08535773588636
-96.24915821008172
-123.34480313528849
-131.49045370474136
-118.65980326422607
-112.57060788131929
-114.87902756075844
-131.67564762700064
-127.42844486123695
-117.80343370312328
-121.74628337166722
-135.72546892609165
-127.62132598092776
-110.06599009065118
-95.44855941836502
-121.06996009785189
-93.65904879591434
-116.69130888882138
-117.83056287339286
-96.93172999490798
-94.54912949499581
-118.54061082558977
-104.05114808594595
-108.11150908396516
-105.4270982637759
-126.77745387220763
-117.49328936930253
-119.64719435602811
-128.5237724973567
-90.62053510175966
-141.9092565582882
-128.26387887154306
-135.56858310517785
-133.7818573749752
-121.90846006733744
-98.39925255618724
-122.92016957449127
-118.4161888089579
-124.96634240073901
-113.72815739037145
-97.10398530699108
-109.01299964605033
-121.15249081547951
-134.72746882165197
-125.543034725063
-128.05043488630858
-122.05214495966328
-99.33916767822514
-130.87589070889612
-107.53226526657693
-131.85035539118257
-112.67058535811977
-140.97379722118254
-137.467074443669
-140.14437909012952
-120.11128763522339
-96.24061833868716
-135.9384295056305
-113.26496427022474
-127.346426409917
-107.70726780743014
-128.4705791196965
-122.09331481576379
-113.62273340897038
-118.17025459415366
-105.93739760528965
-130.5953657198445
-130.63276241155825
-94.70536082241925
-127.03782790476788
-113.59948830376409
-110.83557509596656
-95.79612116248161
-130.2197431344675
-113.17977054379125
-138.12819102927148
-116.22194878340662
-125.98127063797554
-122.21720442741497
-133.75403958014056
-95.9325077803257
-149.88781200364633
-104.566014722949
-123.53935516546251
-152.3058644657658
-126.7941927958218
-113.4597338931334
-102.53124431782433
-131.55428292021242
-134.56709710212962
-157.43405518455353
-140.84700553360065
-119.46742901674132
-128.61021710645642
-144.0545192285505
-143.55409171671857
-155.15419295245493
-154.82435216119433
-114.88940882474016
-106.59315909525453
-110.3388545644742
-145.16563144000185
-160.204171408746
-137.44117783865602
-151.0445700812969
-141.25386636676993
-122.52884424066333
-105.86502764473346
-130.0660380930075
-135.94301718870122
-126.53351646714091
-94.5141780050278
-502.98879429245164
-604.4367563719547
-439.41274304134856
-411.28018118539836
-647.770721663679
-450.6787614341381
-406.3815269989174
-587.678671390235
-652.3087698276836
-647.3205346711524
-630.4599527219423
-416.8159757939781
-567.1307830688562
-693.7281081999531
-441.9557755549645
-501.50583556029494
-845.8438449861127
-607.6131525175115
-365.1482233948555
-689.8516609954913
-483.4238595719254
-596.7097008648029
-586.9435818970037
-462.6655347121336
-802.5494834112129
-631.7089592627582
-436.6444939019162
-574.4176123945354
-634.6725325202831
-445.802525532763
-538.8307364280852
-516.1626441103442
-736.2987288964123
-956.6675538959389
-123.0469786979283
-115.77320309494546
-61.09053829607418
-42.48018886739052
-1799.7698824116133
-1778.9427549823629
-722.1151490229286
-584.8948432297898
-540.1229579240269
-1700.6349299791898
-196.58710993642705
-131.13947090040287
-155.09548134696914
-152.51143097199923
-490.9684285681517
-503.01786284544676
-222.3060744528303
-366.77402736469594
-210.30264119125337
-203.01272108156954
-216.78616860457043
-187.55267369042014
-152.70174284101552
-174.29305799623563
-315.9234200154376
-24.839562245852903
-388.4745581464123
-4.047171589985382
-352.0530855755536
-5.840426637977487
-244.58690556609864
-203.7346290319306
-223.30029643035098
-143.8863114655167
-243.43390516581385
-397.63926621561075
-371.2699460466424
-87.94928880182381
-184.40533706511
-249.65605801115487
-75.81349379420948
-154.92085877955017
-190.51608034926687
-36.595322488977004
-129.23947971598926
-64.60410472653541
-5.245244748723337
10.96778936464203
-227.2029179524236
-195.1261420182695
-106.56831124464284
-312.09005187735494
-101.50822744081606
-124.4290112952397
-62.248390004688915
-106.0789259747031
-144.04858826225563
-133.65399837679774
-127.89366476117894
-93.83841978225828
-374.01079664499275
-180.8001242479617
-84.75002111848426
-104.10731546682119
-286.25395752746124
-216.59616321487914
-379.77826590985427
-317.84494878645097
-264.76842321016386
-313.97274211275806
-336.9334667991349
-353.356912490756
-686.3276100723659
-502.84013083420626
-123.16015008017112
-205.14807038135905
-214.51353049794713
-306.4040940220905
-417.22251100052387
-556.8799492065411
-474.87253258137815
-377.68648421685964
-557.3137551982879
-708.1351390791777
-290.12677199000893
-501.01856773213217
-692.6111992816323
-566.8573016608993
-561.4507440848763
-533.4347821329745
-699.2188547276112
-440.0268420804119
-486.13953967913915
-652.8919483444583
-713.4648164773224
-493.67850378755026
-664.3812700517108
-575.4145784610755
-517.2582814282291
-552.5787686075018
-730.597583196417
-181.6184884888405
-90.03979317331603
-226.52389350922974
-35.57506959454648
-501.8380404113232
-282.1606398771657
-114.18671133494296
-586.0910001396591
-211.48604309637528
-78.2573326480308
-5.241264810645234
-259.7501445639987
-98.68113987524572
-265.4503796457175
-375.8065829875673
-303.13622590611294
-593.7532158392851
15.665773603669791
-352.7850966259237
-545.7565878251821
-485.85243702108437
-410.29716191879555
-364.50803986049254
-564.8111987118797
-49.47283653741114
-702.4586534959631
-814.8322543040863
-653.943590365897
-642.8939652991018
-557.1946347701113
-696.8948533327482
-655.8343663522522
-711.517623973578
-673.9169697809792
-676.6471054643223
-402.75001575887546
-729.882048605964
-515.3739141141982
-495.9361453525434
-329.22522803830964
-367.02026899320686
-340.4502100952992
-341.90543635828556
-299.2315043342598
-261.20909547983194
-37.13643504943784
-52.29376929155131
-101.37660550471334
-77.30561074459479
-127.67182310759941
-112.06903217059434
-363.76905853076374
-186.1147796793781
-259.89130570337204
-309.3703470806271
-169.02235384198303
-135.809516269551
-122.29723767284375
-231.14083768254477
-29.33009631502972
-172.42212724969625
-81.10573292670823
-83.20858771834436
-80.28667782825113
-108.3150461699608
18.933997162129288
19.353079150048345
-70.12304795429955
-56.67406605065567
-19.0130968651857
-104.41833906267736
-57.129769834057385
-75.24726903915945
-41.00725258129529
-64.20469767614927
-49.04282256129977
-59.82586755006318
-108.13478947200566
-93.03797393154517
-60.82460593790271
-132.8804859915828
-57.414116590169584
-151.15937484055257
-181.61519423417525
-122.96795351916236
2.804840558337645
-75.93713262844446
-109.7122070391192
-174.1046231764618
-111.27226787516273
-134.99477622265354
-118.91003396214838
-100.54713444812391
28.74751455230833
-61.86366635918242
-138.61927900653953
-106.58952824309873
-151.32609294846284
-163.86801515455622
-104.30199907757077
-129.0767891220745
-134.17998894383263
-124.29125726809063
-107.11830875165609
-113.1661321982056
-176.93988258771682
-156.54864644181254
-279.6436425549797
-140.49902238669216
-77.17020398505053
-171.19044774898435
-13.743642348503883
-2.7112499014800875
-164.7487485572372
-170.61424749506617
-169.6540010461075
-41.17144171574135
-132.8918767677617
-27.70467802393975
-141.39207007699048
-114.60920570230226
-143.27241270818806
-22.42606530483897
31.42617262572938
-129.15351381260876
-123.46841057589074
-136.1252710279032
-119.26047327611244
-126.81239699047487
-86.24007235586431
-86.97530256205515
-96.02940068057806
-102.09017748996605
-63.47252313435763
-85.44133426319526
-86.31876774612
-100.31682669660545
-69.33112347857661
-106.61263210203434
-60.925433040278655
-124.0094374189009
-69.76903925452578
-123.08282654690504
-85.25877182494783
-129.39334955564698
-106.26577583013434
-101.33899814189755
-54.66877493978966
-24.010979855405623
-49.701886100906044
-76.83364769298832
-138.49915600576486
-64.51332979650424
-34.048291360644754
-106.81187584043055
-5.647961807691956
-22.44348703955076
-37.7034056789206
-112.0346998197332
-101.43605515488177
-8.579576676041626
-124.12087481787704
-74.71393778629992
-49.31247935922017
-38.065735745528585
-65.87342440446952
-29.203835678079187
-47.690660697995426
-123.81738376362334
-115.86728960402726
-82.17552065818398
-41.69600897612659
-31.365391582739804
-77.23500739952081
-121.73004100121665
-23.887888393940017
-49.75049500369111
27.993710816962988
-24.483161892455755
-49.81269573047612
-55.41797670832105
-48.37895979628277
-75.92138179408572
-41.62662673418072
-81.18208904432717
-74.23927834161589
-30.456972903423633
-20.54387940595923
-35.30612426962493
-29.95692638079545
-96.31242878870034
-9.801474948332782
-78.8914885246448
-29.072542354617255
-90.10133074055798
-34.38363251558053
-93.29234803126246
-19.64114650955689
-80.26603986718962
-38.270694298738675
-54.73266847567839
-59.24370314404987
-15.837811732789277
-3.39753547908262
-29.549130964735596
-14.139881953773894
-40.77440555514206
-22.081357744031976
-56.721036232271366
-30.489837298128123
-51.48245060185967
-34.56451745207484
7.042028387201455
-44.4506847007456
-47.78491598661126
-8.227161086408714
-79.21424062138942
-20.140107207847578
-33.71643837226456
2.96371043779331
-36.542664506538884
-20.911415686597792
11.007549868239792
-26.15612034297196
-5.1625081682766165
-9.479522583096639
-42.84119831536944
-56.909340049859054
-61.20387327614162
-50.82092903550698
0.01703248119171974
-45.58826775648163
-20.008409705986438
-74.05605781088477
-80.71777090032383
-39.76849266831883
-37.79959252307972
-41.726171947107076
-15.851536666362861
-13.006502966227359
-18.050212782786446
-59.026416356733854
-4.965487449031102
-16.18596063264431
-67.95504681490954
-37.10276089301895
-17.076968430301548
-3.6323973258028133
24.922813514421293
-50.86091332564351
2.9458917337535127
-22.134506825661035
-39.916484473621594
5.232586412520391
-11.116908095549334
-7.1824607774061775
-8.21275682399201
-59.02525510199979
-48.188746022282146
-41.063123045138084
-14.522262998063837
-49.426707661275785
-1.3560964070597237
-45.159307382866714
-16.97863543886281
-16.525720523517535
29.956910481662504
-14.646467528739336
-9.409704669462457
-16.108698714153277
-38.78552704343212
-26.226881549558186
-44.973297804823005
-9.941103746090263
4.323218309621069
11.325051597543663
-13.997020284473791
-18.581270434584113
-11.932154764348297
-0.6834172244635397
-27.655287549499818
-46.29734199985986
-12.783088326422941
0.8695571627877001
-5.38693736886313
0.1654185149035925
6.677621865495212
25.597965191692523
13.447475305142873
-15.706159653122768
27.143412936118267
-85.83490578373825
-12.013229051150077
25.51661811388969
-15.211544723511864
24.51404251079667
201.8677697591565
5.899269952143214
-10.748664310746207
19.625646687913957
8.904687985847687
27.06856529966639
26.526074452902108
20.128262276724143
3.3189773415263204
245.17160165920845
10.025161913186167
30.120007067139596
-38.38959681943312
-6.987748380408021
-4.265127993999911
-12.886625469463226
11.235277511584684
24.30725895472891
18.85928174054318
12.429605656458449
43.044524551785656
31.722193291572722
60.3907214015824
252.13986724626704
16.26876278503461
232.72118435583482
39.707193129127575
32.38351068062832
-0.6502847444494648
176.8912256809126
141.9300400689702
44.22776914690451
44.02408463024963
-29.06986780678234
-17.768467198765507
10.42071317545296
-5.74109585517472
5.971487427645485
1.647072538399044
10.200141616117037
11.05992611547363
0.9971304082147583
30.236345963843036
22.466890636890625
-15.98998548447642
30.854335763754904
20.807672494010262
20.009839230002342
13.38415270918938
32.16030873024482
29.546876127859235
36.98540025801992
18.478120155953874
22.313612090066812
34.73768617233185
10.620162420645514
28.238607616609244
38.34762124405216
10.346478626593012
29.256250189082323
28.004781651534046
239.3610659710226
15.003926426123812
-1.0522193966369002
41.51301937061049
238.17135062882096
9.327941687697347
58.296295181473795
17.622793794306673
26.42138092753204
42.88180473021339
260.98463826228385
53.824658262947366
-16.889941502880134
68.66381816949317
23.49086291310674
27.282689597188906
37.943339116583644
-5.0006465420784565
51.8577231998093
47.40365185815327
239.14799689873655
256.1209547510265
37.44412636851834
-1.179417563588359
216.54384358769897
251.8990680630735
222.64700457333885
252.30779118918915
272.34896872707895
17.833562620173097
27.831090774340367
24.592246116232914
230.01021216694352
256.8355140488384
56.44320756489691
36.42673958388016
44.3304686687587
260.279858155218
13.63105910249287
-2.616959385808272
15.884641996523257
13.931338255842022
258.9482914116732
35.073765742501536
3.4058079407063957
243.05803851803427
207.0180755406194
207.0249162770629
229.62556207561812
50.409904952293004
45.71895779305697
237.37145284796816
67.80536695213777
24.797677560729483
52.5675307343117
178.78326412511797
148.8944276863171
-2.5208232757851903
4.7867760860120825
23.261069976512374
-3.0451358694950272
233.10946065746654
225.92953335604582
10.934292659514938
-22.858608934429014
235.36163198943467
40.594533287328545
190.46617387157823
6.300620702570882
-66.89657877506919
18.4765345458694
14.039447610865494
208.5963341559363
38.07915977745421
3.8325171618519107
-23.44137337189818
24.6706970206979
4.739255047692282
9.691963901963135
43.37870446050644
36.41910030827924
28.939499837694882
18.595572811110273
58.52419910560698
232.83060488569254
5.669436582721758
25.55298289379668
38.79557476629904
201.68781966573036
194.7644995837411
27.28002319719667
10.03166144940161
56.66387179312281
16.823994973963522
245.68800822716335
47.54201955000087
10.02426389231286
27.385647705518494
221.47245174489436
39.48438445811459
42.335384602570144
20.633294796667542
52.83689432752104
49.36236457837592
33.016360557615116
241.09348206224038
58.64232886189984
47.7400564909741
48.08689031519913
50.045797887771755
256.31820170564185
30.146366553887532
53.69434305723112
21.53029603146689
47.26830884700411
25.80832202283439
49.395860587314985
262.5247374726034
261.4509559100941
46.541028530076176
251.32974218513905
40.79092266149107
175.0228346849161
43.945642505183656
39.68555311927338
233.0972240777819
226.21037528949597
34.17156088686232
43.30474921357606
33.17116326781016
280.5815400631518
66.94334397711049
18.749827109081494
34.760869672045374
60.34586186800894
233.85253907989406
212.7391478332425
14.838207366442461
27.698911284224934
243.7451841436147
50.24115292577062
88.70580137159892
19.3952497557987
59.06391264253813
202.0372003548988
66.55415892465251
44.24781544996922
266.5218408285749
15.150281203349877
238.64062981685728
15.407707879065342
247.7622023414887
245.45824729819617
263.7485502039707
201.89141550113024
227.96923402849308
26.75097552618368
236.02406693856062
72.68225730788515
235.77064349582912
196.53240756046404
6.003987912283861
225.43037117155183
254.33130303798083
57.150060808488576
259.0431741956821
282.69363163842525
240.04741053789627
-4.800235380928996
220.26675476950743
218.4981060706345
38.66454257821496
41.411150545036605
237.1617991723601
241.4192918776422
218.11150724548693
49.644218612122245
250.44272771973291
243.12166184551577
245.13368620215073
39.450733926453694
229.12560746724756
20.0842676908037
241.89088922738358
7.259539407592328
198.45139976865607
37.08050554240447
281.426270059778
38.85974963580955
234.1370275175287
276.84597729638966
256.4047200482635
263.73682169419936
49.492763130598746
47.35317747168554
298.59130461305324
43.953962625068726
33.500334196525756
