-161.43858802376937
-72.80429976232631
-428.0005703929609
-579.9305310969555
-493.4265014471888
-589.6576500962199
-800.5612304989547
-784.9722232572568
-815.8724574557398
-711.5039997491076
-764.9875303023479
-652.1928701028465
-553.2755025490484
-654.9561210344358
-714.1409064915745
-750.9626871536458
-432.1962759477864
-681.2353922538507
-796.1256598835408
-1487.821100745667
-795.6184197214211
-1297.1995983101929
-698.7976946344444
-447.69347898976383
-503.07896778981865
-632.6157816280378
-325.6026672029051
-214.721124304974
-914.6512999453191
-376.60540945437344
-416.0076058655863
-610.7419001695873
-488.1851827685881
-356.57870941612833
-159.95746596746045
-349.4161514419117
-165.49323188091228
-367.87944457046785
-135.73051404978284
-299.1843555989976
-238.76626564068448
-269.3554160695336
-185.09110299124006
-167.44402869695287
-130.27112835452016
-242.01693011860613
-274.89064202677775
-194.34600813354672
-676.1880869368395
-594.4231473854691
-585.2671273104477
-400.29169123114957
-399.3858841298641
-423.57155237414725
-351.52660174014983
-403.2687203092661
-196.94436928541455
-286.39077827340384
-287.68443120209713
-275.94716323954793
-292.9061604540787
-296.39389852988535
-198.22085503909102
-170.2887695075372
-227.00514033491308
-224.47490866919668
-219.21138908751738
-198.14526752788575
-8.461041122300287
-164.58802382468488
-121.09527255025701
-126.69955271706138
-110.18863262306003
-130.58253306755745
-136.93496590697217
-140.1833433921365
-148.85253449697083
-150.72882221240374
-136.93373322967912
-122.76422783134132
-108.26179136563293
-125.81720771446093
-144.9544464692841
-135.28880553516063
-80.11755795096352
-143.67849682643504
-126.12971248552091
-117.41608196430468
-114.37339673209124
-114.23552965430545
-119.812971514078
-109.54576457965766
-86.95859969952951
-108.36454938738973
-99.28761380610504
-93.06008343420207
-115.38593176767614
-127.67146073396066
-133.6586182381111
-137.56479883813572
-435.5675343715535
-259.8125774983505
-188.04542460150128
-160.09821158071645
-522.8920380195218
-299.5285427157505
-119.65605338901027
-235.42449055443737
-336.8705816269969
-816.0556545638701
-438.0794063271393
-523.4217656263372
-337.4778388883647
-481.9005614732069
-216.5897217011126
-68.14141313897365
-204.75604012663467
-179.28306159567893
-391.18214221398415
-328.42711036456376
-89.44937879414753
-91.80507906947462
-59.524716250422415
-202.2248615052203
-89.94429834472744
-9.6353478173193
-173.19848625216716
-67.95646481950769
-9.443164936188012
-124.31469527708734
-78.7121021971704
-88.7845748367746
-52.00584156741451
-68.51944830443128
-78.3404857176878
26.972574565601164
-118.88223675143095
-136.3508739986478
-148.352776940441
-101.09294490374003
-127.97373022274016
-180.489595432265
-106.58761795206958
-109.5620192726245
-133.1189292372893
-214.73112001041105
-105.32676027433604
-161.2129955996601
20.278220185041988
-95.83659314804738
-132.1444780434081
-175.009475817658
-118.44373156499873
-132.73501078544052
-147.54667827015146
-114.63787485564553
-138.9197225084289
-142.18367814562868
-144.59389603355842
-135.7263860458697
-275.23309827313636
-231.7771365439119
-285.5689785902599
-366.7165880444949
-257.70230008198746
-297.47761192049643
-267.62687100408766
-203.65812014515984
-307.72848282668997
-248.10872320574722
-230.9356202289485
-321.84446782365524
-275.38433815022233
-214.15550105780972
-180.55482741016507
-233.05458352739555
-229.32757338065184
-237.03973912273918
-165.3812383382358
-183.7431347963278
-397.56422779567686
-251.1225298757404
-187.9967932767293
-162.2095487832112
-104.9467193412845
-103.10685870470341
-85.05810757146901
-1.5934891864531409
-91.50791989824326
-97.27059127155758
20.08115383375754
-90.07036825459265
-66.1378295742195
-3.3000609230283686
-85.79571414291
-16.336471933688344
-100.32884276702084
-85.26847398926215
-42.039740718030885
-68.78850977556547
-89.39872182130736
-77.5070273133455
-88.78240435515097
-69.6443122791592
-21.495014255215168
-48.78593421836574
-62.94543496560922
-72.46052222416085
-83.35118379173946
-31.110860691856942
-69.53504035921742
-36.8649644122863
-68.95970649180357
-47.96079770786391
-6.349329306463289
15.567468042652834
22.27466002019372
-119.70312105516516
-29.526594180117712
-87.14301521197663
-148.58841776447275
6.468977231845457
-82.74704586358968
-14.128116482716251
-29.573411159534956
172.85845884089917
-39.83122820561749
-36.33610962270066
-89.89135700926329
-14.935956685133235
-50.18854626443432
-70.21907899416442
-82.96507564339029
-113.76033265680678
-119.11247857044893
-23.066459689431298
-13.701305501539096
-109.70499890653198
-10.02702018936499
6.186047979259712
-17.655015470580764
3.0576693311885066
-73.07501176060508
-19.326824133137436
-43.29403921980787
-58.35894586020473
-60.17373821212741
-46.68186904188697
2.1236702371010097
-14.683357316333272
-52.320669944873174
34.35645817447846
-401.40499240178667
-1.4998943918554204
4.222987706886073
-33.4571865750155
-52.48087682455309
-73.64315795222146
39.3930266855329
-85.80873819204135
-57.26015412791541
-46.99411983563418
-4.17267618723956
-11.812074517536928
8.764529079265273
38.2862506008054
-54.57898832626802
-3.673084156117369
-51.079657308066274
-23.971063945649163
13.81074918971953
8.364488331856236
3.052682982636412
-45.601011450969615
7.340804436269806
-42.10699137834834
-54.47416002890097
-25.354238622865694
25.884770858448732
-44.28465214198552
-49.687942019722335
22.62814944229126
19.734409501291964
-51.07059528707508
10.234791906115802
-38.763100896095395
-2.199566082937139
-66.42584932094701
48.03177802442616
-18.26762733227723
-27.879584619481975
196.6267198228322
-194.9466668135375
17.746495057882612
-49.730159667417375
-53.21636711178424
-42.46812593141529
-34.080336460173896
20.26713520919367
-0.32333494147722774
-30.98181748496593
-6.05625090812822
-25.055019270601605
9.621587508056962
22.9624158680069
-114.99746016155571
-21.900932326855397
-41.96799755785125
39.32721540760454
-35.459453450709546
2.2457057775475704
-14.79726068012964
18.190600470545483
42.69028343078568
-52.8266642734622
24.93799994749925
28.521168962886634
10.387238893100658
-27.289048785599775
22.325683255714523
16.92863724227516
-32.40572136547087
-41.90828602275055
-29.67586701025114
-49.31733632008989
15.731034735482325
-10.74939519799905
2.2173836799330076
-48.68387055952496
45.189348670433475
-31.11580060259206
-33.31231021569329
-67.75130274243394
-17.63119849579762
11.838522440468168
18.244464160625853
-22.81362510778395
-16.621897274873092
-35.7225217417469
54.02914087184561
-12.666718713177332
21.452174135323048
-32.126610182159496
-35.20482282917385
53.872447825437206
154.32533534669477
11.986558229352326
-58.79936205488252
1.5840119005679298
-81.30697043021104
4.317359504037199
-38.82276295466914
-20.428447177928987
179.42072302441028
-10.536833768548732
-53.632191732368526
-48.73896749895853
27.031745968162724
51.21359520925486
11.499013568303141
-12.291319068313527
0.392057143677917
-90.59299075413834
-7.727512925267121
-138.33685457910053
4.272275371709469
-31.01456499378743
11.783655117343727
-66.03946796389941
37.663350619031945
-30.63918434321512
24.18721525257915
33.37229950042871
-80.8831016735639
1.8990860382151147
-104.88460615634612
12.70354870015015
18.028966658383496
1.6895191884630094
-1.2890395299893669
26.418369706061817
-94.77866255962509
7.4174399754738545
1.9477711828499622
-38.20225742650689
210.27301223459608
9.786651739724718
-111.66489385391822
-38.559164285174795
35.34496017346987
27.41639945722288
-3.0306813514004034
20.69867433509978
267.70026882305785
45.5760489863255
44.28620448756169
32.84316394822602
56.886688022608865
-67.30757568339857
13.478907481365013
-42.25513804743258
-52.47084436066108
-38.202788494088296
20.54806884739982
-16.7424477012663
-1.506356211125194
-25.110702421520344
-8.803874528018326
-15.75822290916041
53.97785602734919
-12.994422277803295
-47.63129294899824
-39.42184656993419
-33.484638610192164
-22.51282855009302
-24.636744171122487
-42.807599517626215
44.77354979789112
-94.93742178491495
16.644674284237354
-45.08504756226449
-24.826191075461992
10.787961786242093
20.678376820092467
23.30177153840414
-26.488534615048536
-21.1813888851855
-14.343806767006242
33.4383320150651
20.767616488011242
-17.96543891157303
21.822756945636613
36.913107510885084
-32.548274461194396
-51.19290321543739
-20.273643815514617
19.313542210769654
6.645630285904744
45.10737351903151
-42.58454199850472
23.59413001996478
-41.50323910663812
53.66352159254183
17.722020753988133
30.113578428496822
-10.756328082460755
11.98762123417906
-25.346014632239203
12.719170727074598
-18.93768189163329
15.322694461275347
56.65966706503869
23.23187020798325
-47.98822291170333
-24.06606215511792
39.6794069330567
4.583853484162603
-2.8995153890056145
15.561056684898446
54.66572041651514
-79.23283327958637
-0.4594139093417482
15.82880584684166
-18.02235247482446
4.407096660605291
46.49709326384425
5.39030737265621
37.49342119128161
14.794488001066185
64.87442486036969
-14.186579644047256
21.36674896268441
25.026361369569088
-24.859227627291773
40.43289121918471
8.300408073473221
42.48855859664707
15.93871998948022
38.99849523210676
48.63818940425156
217.92347418729395
-4.374083951536164
26.080671927673137
38.75000486846642
-20.63800529335768
-24.082144293632794
24.135573806871164
4.288167142775578
238.7683922137174
-3.1802243820216063
19.15180806777289
32.464635603081575
16.8292060811567
51.04110019952756
-3.2837820101463677
23.014158163578855
17.562874376224116
-84.35456090898953
53.661990782850864
40.35328212569294
37.630543482186255
2.850961391908484
243.70192996076156
34.283639145533755
47.97866687407168
-3.1941088383676544
-10.440866733721805
263.49731325932464
19.54081624758669
20.768864643395432
31.415363167132227
49.69598268501133
48.107621372726754
9.280563667737397
17.310209105104136
8.013563568754591
-39.52792746773925
15.536419838662141
34.330025456562964
8.573104050371867
5.774837887773813
40.93249439427731
7.432299634551711
30.032702540665014
-34.5423051315539
0.9334436646024216
7.311752937709599
-44.04065006706442
-13.973494052600131
33.115666490032424
-27.924806331734914
39.34448698119277
232.27038031788686
-15.516576559472654
-6.466825020887654
49.94219590472599
38.09973989457092
-5.6404826312137715
48.60142555988338
2.841635079234379
48.46036327586691
20.44421670683718
-13.72351941150525
291.2986797899297
16.168905283094787
208.4568290408422
168.54275123933903
48.774828118089545
-16.629486748629446
8.873976788580904
33.64888491199187
26.58001070843376
18.44203436585684
19.904463227764197
10.07874186594401
-0.9548830294534127
3.808258513609019
44.67729898288863
41.69795773561117
193.55171770236393
-11.000583954439719
38.99928323727576
26.300081362221547
38.027935592829635
205.65334199356568
11.334502120353179
249.44699489889328
153.89604046301312
-34.13997775684223
-138.45503800836968
233.65215304008115
212.90144418847407
266.2217933212404
89.63322941640236
41.073507276015164
33.014870888202694
4.202431287568388
131.2443541530909
23.40362038021162
34.30861794319446
197.3990608682353
30.968013751358257
194.44643842545062
263.71196910249716
263.1233119476018
97.57085409053208
27.014049970826335
177.34239956320414
191.2136511305265
30.476588382169723
232.20277779620457
-58.49532110025221
42.496141101172185
5.474958487363708
-4.747784901860328
-58.963754799563056
203.00500393761723
232.97586860366985
70.51777323145495
36.85674826767155
160.67867312252937
253.86263951207343
197.1589766190216
52.619221740793364
50.02844619431903
8.77917312120313
200.77223378598467
242.06203391365867
37.34086548996942
8.103626431409353
70.05296327329688
40.32483095603254
16.908476239070055
215.82829699618918
151.16293095919465
250.49907039177495
210.81245278316584
76.59511574514639
210.98314643730373
-8.99106095120554
206.3616951087388
198.03483710451587
248.24899694176648
64.49015077734587
25.56800759327467
19.797235912642805
224.7213978598645
208.58719043101289
221.58449448301047
26.05119865492921
227.46403511709275
262.4808207258412
98.02649747910887
130.32928324901013
9.948448011483023
112.20078555018729
265.6455926572668
161.60810398222145
145.60543015827454
214.92289624357164
13.21595121106003
233.31621332318613
239.23077133691953
260.91537629665015
118.91554383952001
8.638525397426235
241.3042505696192
47.41755039278749
220.42885313206932
253.35077484083558
142.94524836132783
242.1583427395239
231.64810786178
38.17586638335028
226.08538090111597
247.57945038081564
244.18048214800936
252.25312062903885
217.81885655646857
112.6097123557149
206.78769583978112
226.30564095604626
162.03110352297426
217.76209747342762
194.15545636861796
174.04364201216924
221.4209349053213
183.49516536307988
9.412037231890679
44.90774734863226
252.73549473867072
231.38433142909867
209.9061703395962
35.40671406980118
-11.344585127630964
223.5127634461022
13.381576271376503
206.92726426401057
274.36043859688084
249.7343306326097
250.50779687143586
15.760553007348477
71.24396258977005
216.07123008208774
181.00335700773354
250.94845298925955
181.70965513907908
103.74779216592428
132.2455283444924
260.4037215669068
127.17297063683253
249.88653648371834
229.89913606519923
230.41196753556378
-19.145383189539444
24.12237811826178
173.59402978082412
266.61789954847654
267.77762949669943
220.0337005550905
45.98768624533466
39.933491950416965
257.3338225032355
72.8619427937245
250.1522570699293
244.55964568984768
39.97911275143622
182.5334191721094
54.73261295300364
274.90695636768453
267.6942901840781
263.5140969870415
84.05072419764721
245.56672696298367
41.701812188352164
255.41274054540375
54.58282630288778
-9.870671199841041
247.59431137742843
226.6392467846954
134.95731764986525
258.1144399055045
55.71558279125313
254.8957706704427
250.60876760046008
60.40393324176921
30.710763115133688
59.47131675334825
-12.078389746081555
39.82775897129309
50.98571158823739
-1.839774324518416
46.109941536569096
14.06757695958325
261.37137119058167
35.58050818689816
38.619982157976125
61.71250317313303
31.234091846741904
50.76004077273751
16.035319357671995
26.374667779114603
22.41507046125038
33.8196851965065
37.4309457944816
35.759228476446054
19.29102022388159
19.617577483673884
44.163741818550875
25.485123802513513
11.191741531861823
11.225177244522285
-10.034289111576186
-8.313279830016114
5.5186990178114
17.787702358902877
30.771147910312095
34.70148253585984
0.6121450638170813
19.704463476458514
1.7091716439521605
33.05647306489223
6.833161142174859
10.880358908627684
54.370824449482
45.494542190546184
50.39786914364922
-3.7086806019601397
18.393297848294324
-2.007355130159553
14.271630329792544
19.909112441263247
19.680890025688413
4.0609048548616755
3.5833817905437684
9.1984750846363
-18.592812709595194
6.362021243936184
14.265937952745617
-6.762987163313667
-7.776285453742503
-5.146705710370526
19.803327075513735
-7.074672811692096
31.348211661081223
4.294214377634191
-976.15234547958
-993.7426165114788
-523.3979011069143
-682.7339773440193
-671.5364091790067
-525.5535488972191
-460.5744528716556
-962.6123275326376
-380.8055397798003
20.257686919360737
-379.65307354866917
-376.12766730242214
-136.2242866419694
-234.73223264099138
-104.49782421315584
-316.2114627990088
-254.35754583693853
-224.23978225387538
-122.17714348000987
36.64967437768095
-128.7210173216242
-282.1478596822293
-122.2173688224876
-217.4355487025431
-115.1934176232012
-147.77024334035397
-182.28121501368548
-120.26248874976739
-168.9954863899187
-449.5044054431009
-146.10883269742183
-297.26848927561826
-79.6200878597077
-84.72695933594801
-150.6286935090434
-116.55888710027122
-123.66434197641759
-51.93979158995343
-130.37145006876807
-140.89915731817996
-140.27420679734269
-104.84926001832595
-126.05366718630282
-133.5830307179075
-109.38576267495398
-134.32168483408987
-128.6205664214449
-126.61966293151691
-112.5430402610384
-131.82120225302742
-105.50207083394038
-87.54886470600519
-142.45570296627264
-131.06740133060998
-132.44116913699145
-114.70020930120722
-134.4620449724972
-215.3902248845261
-151.35072691250548
-124.50682073991572
-169.83671142273366
-98.88215696880964
-92.01723719769433
-108.41464345901531
-175.77440022918213
-99.58055966023491
-137.2043819580289
-114.58804356844895
-104.5104174884737
-178.2718256394673
-119.31484520134634
-104.21758025636015
-143.8709995255977
-127.69976132773398
-106.95642175849041
-146.34534306187123
-126.68585645762579
-161.07976525589305
-153.96522732252265
-136.99563882031873
-142.19545992128099
-87.2559795834753
-197.7876909154598
-116.7213423456159
-131.8581190772616
-107.83274864792098
-144.85246726723278
-125.82398927644505
-135.41403071657444
-164.3355143111792
-137.27464463450428
-156.08140078419808
-148.12076072991192
-147.96345181581358
-161.5772724731246
-70.48627989541012
-117.82185241086677
-90.45621886652431
-91.52688450921443
-150.39112520536563
-139.81660473738435
-133.16958046123293
-129.97505939724533
-98.70990036124712
-126.99431502800394
-151.41864477018996
-121.73332254188924
-141.46565659174183
-143.54006539904535
-135.54738137003244
-101.0437127099197
-130.58131313555776
-143.0394641358039
-91.26127202898402
-145.17312557436347
-113.09046847080079
-125.04534969928989
-142.96820030427887
-114.5543363765326
-128.4288893925641
-136.79625372202614
-165.68559864435866
-196.94098614312742
-110.04391916897278
-120.21399636683948
-140.20143473456983
-134.40572362175578
-107.39112753322044
-123.30269889362158
-144.15948408865194
-155.76659691122234
-96.99885949866763
-114.11700434437526
-133.6704596589529
-140.03481048620978
-126.21910865474564
-154.77189182545035
-141.20130791054908
-149.5449577552971
-158.25972693952144
-147.14621661377873
-105.64304572609478
-126.04001014213102
-137.31358873809538
-105.487909283905
-168.08231084427734
-148.00081756571325
-105.69261033535847
-94.92220073826476
-102.74667991250445
-128.97372028080528
-137.78133116734762
-143.0031475827405
-156.47767261489028
-130.62274080187672
-140.7439526441708
-153.8914405715254
-123.77864179229054
-139.45591454292565
-178.4096132523952
-133.16723719225098
-124.50981726530571
-146.48001003775497
-124.41821832137852
-114.22723792861181
-143.08316038681343
-132.39451938077147
-137.0852390255659
-98.2477072056414
-142.60498056700985
-102.21358512267933
-155.44788357168386
-141.84740959394838
-124.50703888625674
-133.08133696950074
-101.84193520709977
-131.72460785517706
-124.77891752212474
-141.97565214858656
-166.9280582544647
-107.753376701841
-148.68390492767088
-149.23869459578
-142.64382705595662
-129.10271477952384
-135.3860287881215
-98.19835002832448
-120.02623845425823
-126.809399773446
-128.3463831595528
-113.1607018165059
-112.60372574966051
-143.64386397540082
-155.91345985687667
-145.27608492171692
-148.93071781430467
-21.659223017760837
-149.29775150556657
-110.21769818869528
-116.89389291928134
-109.34330112365535
-131.4107979126025
-153.61225572424956
-152.3576130440024
-151.45782704410573
-142.02392728620163
26.188120838582947
-126.15765642806082
-111.98559004209697
-130.87981374349837
-100.69435539029062
-131.23294465992166
-77.62172193332759
-78.89493862895125
-37.91299268348865
-94.03007954125059
-69.11490936544425
-103.94895866090111
-108.53636678547014
-119.82435824177531
-70.44175834647743
-131.52578036228726
-32.979929504108384
-61.38968674939538
-61.87013840327526
-66.90798019612384
-106.05688484709933
-28.17163225139629
-60.605090189073586
-108.4095186064448
-53.253403983555785
-132.15799001676191
-119.32429072002938
-58.97489332555462
-40.52415336767616
-46.303365513948165
-97.75192684930127
-86.05438981652355
-126.14176071219092
-56.54972684694286
-84.98842576483274
-94.75553776459876
-117.48421327933183
-38.28451488175324
-59.277743555855494
-101.82962611691647
-88.67666514089912
-147.96851687544483
-69.20032089159685
-42.47216749795315
-80.53189852579979
-100.61307710372871
-136.70856584790812
-119.3690451767222
-130.53757327776708
-19.680485377376115
-91.98681730744231
-122.46990845652162
-131.6249177059427
-32.11493715821766
-128.0416347318922
-21.514119395017786
-49.52246448405606
-99.51549130280033
-1.068380020658239
-19.851294364837443
-56.996864403001354
-93.11589332517268
-137.20112738683235
-29.706644359366138
-80.81506493995373
-112.76293046530608
-150.5916099910657
-15.888032066387993
-50.13257958059047
-17.661709686055175
-31.0452110593113
-47.39166474483045
-63.167380174593646
-126.87112567397875
-4.211714134013292
-24.514075430848095
-102.27097306549021
-11.977445908560512
-100.09100459177003
-132.0561303874832
-1.913673924263378
-141.65094461309448
5.082158365382966
-90.71262508647618
-50.65554890064868
-75.18943017944677
-94.7084554827345
6.73877992839202
-112.10312561869101
-155.06505604885058
-12.80239710942486
18.159555174811317
-100.36501288711628
-14.841915606420955
-36.10937701612025
-37.32415477532734
-2.6556574287167507
-99.00420366799295
-100.65477687561295
8.54330830201667
5.591510463032876
-15.969549795843903
-55.02620842338942
-9.39496016656389
-50.94203008962897
-156.8737674843081
-10.263096782033443
23.156091531125384
-149.62550140208342
18.679906045519928
44.2035124546363
19.43750243209614
-132.0942101436575
-37.76692624713952
-7.222325895882449
-16.065769666382934
9.304172628359254
-58.265551360882625
-140.74281794743064
14.58326795629391
-11.507030433978144
-5.894945496363221
-89.33330730927821
-103.97344610354433
-0.7962731948506132
-46.32144524945943
12.303460944792164
-123.35346385598879
4.920484191166807
-42.11385198902913
-33.54708258637275
8.696333717462693
-28.324333090466823
-60.21696870290977
27.700654666205864
-2.7670421343466245
1.1418258155709111
-72.24891387172788
-13.689351510581915
25.030144101370638
-82.32855988731747
8.704444010070105
-6.749144667572139
-36.23611077402664
2.4010954553415473
-32.466679370388064
45.76835449396074
-34.472479332749415
28.845756045614195
-51.64105959279587
-50.566456861347525
6.104290811432989
-25.364958219095485
22.494065306979778
37.876469839816735
-12.493132744957023
11.71375737085198
45.29780378163892
-11.330451160850544
-5.480000648234068
32.50432252432594
-19.07284673197843
4.436831611938246
6.995452469154955
16.807774383036048
3.5468255863756895
-16.33014530530359
-22.526118931584335
7.070360810615256
-7.357794896845959
37.73301783043766
-28.513149177145834
-32.48558734126351
-17.70031148474969
13.714137945492283
-23.112523484837524
3.306309857494739
17.984082113434738
8.240845057993397
-20.746656903833582
-26.52179944131194
17.881494473599446
48.750281222877305
58.72845501216253
4.710294837278951
-29.263603046781725
12.038830245787636
37.220805196735
38.185931683801954
28.910045276802123
26.276764978097106
-48.173989860177635
6.172729184160758
17.846265883751926
54.901513244530264
-31.125413356471867
-10.863899075799935
-4.188910866187683
-27.37872865834865
-33.34173354715905
-12.551518854130592
-54.251810571496186
-50.43295900698561
15.955128252443842
27.412390061953317
28.091767259505644
16.064017964680048
59.59037102494952
-6.576544336411061
-36.043577053310266
-31.254338274182473
50.84417669130815
14.603824708082328
30.724407978455588
228.4117762748701
31.05470271911966
-18.675263782049043
-32.511615716224284
24.176964401131713
1.6562278207324823
23.665397320628145
-2.0205383405786392
-24.053797905540364
13.125068867376612
-14.228710316699733
3.8642488740030387
-17.619251069000285
-27.526998066750664
10.596189751867641
-30.267940772595068
12.28668397421471
-21.205572738280424
-14.066028073095538
-46.05981815880974
-2.980922961282758
-3.4751127498140306
15.267999797136255
9.95659233926078
-24.035404987496946
-6.512568832924146
-6.253181656321715
21.58515514455955
2.17747532862208
11.931541012912021
-53.17777751361574
-44.4386268219312
-6.695392400894761
22.5226559878695
-36.924153380070145
16.37226281241064
-8.309458932656469
17.662369608874315
44.348298470476294
-1.0023397813965147
-73.62296502038754
-38.882442730628284
-135.45222171851745
-122.26516602737371
192.66422136331965
-35.10623727027236
30.014549723515188
-29.25208771291335
-85.03620495595766
90.52296559436256
187.5112930152981
-3.3329281779977578
-11.284180059544926
6.388266645522506
-64.3333021325137
-36.50880101950628
-66.55203831310686
8.11945592491496
-56.782828209389095
-16.458943444083374
-181.87640273538065
-14.992363478806183
-60.94705126049903
-61.13068514551838
-77.37946220497236
-79.09702310418672
27.088827904167132
-2.9625091573903433
-52.19445517412262
231.9087977693255
-8.527461091378044
-91.62805288329754
-67.53958756626459
-97.61847385611571
-16.803745690739234
-74.00859523275832
196.22930124809955
7.700715625695551
-37.643112372481866
-33.95403172287189
-30.597477289177256
50.659891784386076
237.93539116276307
-2.3615986007209244
23.747384835881903
44.20789106658793
207.20800279036104
-103.84932972137466
-80.70533881957444
-270.1539915036696
-8.45097338362477
69.77909734573518
0.5141760006829941
18.268618304804633
-110.71054689068677
11.462748965412075
-4.8662300257283135
-15.861668411386887
-12.03036636930932
-68.25843407944224
-62.810849707587884
-2.2342164307288357
-17.99264967117938
-87.66647844128424
-89.43624846552484
-17.91045125882698
-65.14949380437906
-11.938385240815279
-13.555859621891898
13.66946609950935
-15.497498219277887
-5.852039763873037
-67.78908603726175
36.493773662640876
15.26981209089243
-18.826867820744667
32.23945981725015
1.380580859670161
-16.800406081486656
13.842129919327007
30.896816089451335
-17.105568879473708
-74.2846218252681
-29.57474634107062
-57.33813065826264
20.748789065297686
49.45998786824069
-39.36249505536106
43.99823026106051
18.91070614925492
-17.327709024943246
-35.52200693854297
-6.321580255238786
21.242135123798775
39.113832813648656
5.445138532130429
-49.446465549829284
28.653362143987863
34.31785116255486
10.51965829385739
27.305304698057967
19.84475512228431
-7.7286580898352355
13.455538650427812
-48.33302102152506
-6.776852734516126
-13.9865780514764
19.13847121584554
22.08543223497979
6.468977427702185
-18.874282410189196
19.12684051036895
21.092538001279337
8.087244426022323
47.49609635696598
44.699141745631664
32.294510756779545
126.31260746288834
0.13962221852366952
235.22201734285156
-46.258196541175344
-40.25008936211564
1.7386309337986887
227.35702803982733
125.63298518996194
208.20108358812092
5.136447473955144
39.033754277867786
-6.071314052538327
47.43527060533219
3.5381109529022012
13.954573896090764
195.50205404447883
24.029887225732892
14.156799395227253
32.99549533000109
17.84474340653665
57.647312586825706
44.5424645059322
-30.042366700509135
4.490201989144481
253.58268591809846
263.22919076643154
48.366232542584555
52.53840211716076
21.045324129539978
3.887083869513475
-32.635450251526095
12.753614609610807
126.33093131647094
38.358865412404015
39.52770262448726
244.73624097225152
8.967803861140908
208.6981575317285
-30.12322627751867
163.8790930708301
268.5356754397667
9.227442473227143
50.37162590862536
96.66720191173451
37.36860572150175
-2.859031896434844
114.36714853043102
-80.59998623549487
-36.914010540921176
-27.436169579974944
-1.687552163758184
-27.891271909921485
4.196638330922951
-117.28749798408806
-115.13192931525091
-124.29285217829462
-56.80362940964417
-42.009120721835515
-48.72607813196359
-176.50181490696684
-118.50329319500693
-398.51753922744666
-396.31214499112104
-505.2024936605478
-588.4561196293057
-489.9289220203814
-491.94021217484755
-461.5301307927849
-427.1873575226269
-486.2579347814951
-538.4196458330846
-580.9412994631305
-580.51769530502
-388.1544720856447
-544.5644401038131
-507.6437005820786
-532.5753828572579
-553.5145833067087
-518.0359697948268
-571.7996013045379
-672.6587254091954
-683.002192420227
-638.233354980071
-603.2954418650843
-550.8348252870526
-523.4636152518083
-675.7920533159038
-714.3887460051346
-591.6958414101566
-545.1124240555582
-539.2256637305098
-516.3357746924568
-532.1262285379868
-531.1980790479031
-479.0845257755486
-486.66058132349593
-462.14916669129576
-592.6782016744087
-606.9116760704208
-631.5881908281588
-568.063198110555
-542.0868283386201
-533.9069212556799
-527.5886378973372
-547.454472267742
-613.5655338866592
-475.3610042832798
-428.9119087807425
-499.28928776272426
-480.96788227534176
-589.4366705633468
-579.2489132438254
-577.4670709257753
-595.8209991292273
-578.981475477414
-584.7646732815713
-543.2545402233861
-591.5305744740572
-502.94240247302537
-503.37437502265345
-545.2039606761739
-501.76256059125217
-604.2443716093301
-498.275290121922
-612.2087633184948
-381.9437505334168
-394.6490014948008
-349.2779523332866
-334.9974919630359
-98.24891798930449
-233.4925568573092
-350.96372513873024
-280.7656168124313
-357.2809850324676
-268.0156769593475
-211.7940056330014
-298.9629572930728
-301.17779556557673
-288.63296562633747
-268.757382187303
-206.93828168652027
-227.49030635024803
-242.62413866424245
-209.91317971868529
-234.77225044176038
-228.29254522239478
-205.95439398368543
-220.84653404563696
-83.03831225909789
-33.60742711610909
-77.23417455456519
-210.73421955014464
-77.95564298794599
-84.55524508593456
-215.96775835400535
-275.3683324898835
-82.03557231944546
-562.8581279414234
-327.78729516066915
-382.74577699560245
-325.3394949536709
-160.3652436946296
-203.70289787693173
3.0492811571266714
-181.26216344197866
-79.45374545400469
-70.02515138485629
-98.07369586886243
-99.73037357099015
-115.02643896978276
-91.42014428502621
-182.65670854446336
-229.85641817362506
-151.11258391447274
-104.20350149820128
-33.257470855603515
-22.48156985786882
-81.24116146648917
-62.106806403656634
-26.189142537648934
-122.3372356159508
-77.26782323531613
-142.3609054671168
-87.12893474408605
-25.38398307844038
-61.839850264831654
-111.3947230321539
-46.713481872063895
-8.64635509319615
-12.803473141056912
-134.0396987784354
-15.185273391604824
-131.05387447594285
-208.04678181665793
-61.75077580446092
-80.98953557413115
-103.82457737223365
-1.2980068927152928
-25.23318042253709
-84.05335605603209
-120.53638964917995
-28.540017441198458
-12.566606328203065
-73.97156362725339
-104.23408236691007
-19.113434840011294
30.930361203670685
-97.67976176994017
-115.92025744188686
-24.100292446821655
-131.78680292600717
0.13210473929086675
-17.743221862059855
-112.49116633434234
-114.12877184029199
-99.3456793628119
-52.504600118379216
-82.02460999223474
-41.80541380013541
-40.794438779246136
-41.643354674083085
-126.34189114982067
-95.48348689092396
-58.796546629016845
-49.9959018943798
-73.4600523278077
-59.09493783674674
-99.11510554311711
-59.25564326956273
-7.242210462787455
5.219064304522931
-50.0689033839532
-18.80711340698528
-54.54998158281266
-106.99600059148139
-96.96946051481724
-115.70280603028274
-114.96909295063291
-76.3602801571385
-103.7645956457529
7.669318985253639
-205.7498901996227
-39.46564355041296
5.519728942383566
-96.93325330037334
-110.59891636203177
-111.63775089767263
-29.14467254924611
-21.10623034567338
-26.04476981787583
-47.19091725473982
9.059297409554006
-64.86061863380269
-96.9792179796871
-5.236600460928159
-71.6571525722965
-86.40447581043529
-98.21241671317603
-91.11928783359602
-21.4754692026209
-29.31653635720228
-15.332428436368161
-57.30030517576685
-100.01257204156812
-44.591056790468045
-118.30623322761105
-130.0847688720603
-69.37058392459515
-140.7439762651077
-75.50839628258578
-100.3142170386737
-86.89081918553761
-129.269499366925
-61.27796923065979
-13.991962164303587
-65.91571056065796
-55.87034613606309
-89.95193758774964
-90.31517581597281
-135.16203538421667
4.471857932927676
-98.5266461840782
-125.98109224474648
-64.30274930190947
-102.14741248472859
-60.07856531582528
-81.35694697134633
-214.64368866352848
-85.0532142343531
-213.5790709326015
-58.711043396737196
-96.70579352811416
-88.10781928489578
24.666444344535876
-10.685329191583463
-10.10832998876191
-133.050375274201
-22.32274463375667
-117.04571510674567
-85.54373596265343
29.842081863629687
-45.58496402040002
-81.2056990301588
-95.34388559414677
1.7363626798240261
-37.218209981926506
-94.74080196310521
-61.8490882873824
-32.09279034532635
-43.94225763308221
-36.86124813799931
44.2401218863628
-96.78014985007893
-72.32527219695874
-34.740359534172455
-75.26861378250942
-53.70544672984834
-121.91293631649717
-89.51819938521447
-18.30900379486843
-20.209843239006318
-80.94896428911754
-95.27150935365003
-49.68332071901385
-56.770845041948235
-120.28876304400139
-117.41653865518067
-93.00379432652599
-17.798148406439466
-79.01345606395424
-172.76340586560923
-48.61671573960063
-53.26752110417374
-95.42321401710231
-125.7870032234288
-55.80891813510997
-73.94294652317583
-69.01030145059616
-69.50598270343443
-115.12455425572246
-85.87601289657596
-29.104977816863624
-25.545902442888433
-102.14196990230408
-194.5926278577157
-26.364434270527042
10.082912107190339
-27.936948514335228
-81.41388430328684
-96.89829993316853
-49.81139637236748
-93.78306253183071
-77.0114518779097
-79.2092467248701
-103.35144696213266
-51.25074524334764
-105.80820402133563
-50.18614624135698
-105.33678320905554
-35.65609114776068
-58.09511498989314
-123.23390263434541
-63.77312571022313
-54.39403443725026
-134.04450077020388
-83.31601827104157
-90.20643484297925
-43.31652843476995
-105.10222393209797
-65.00380565763555
-12.498307266809007
-59.90391105137342
-84.53135067418786
-51.70025956710275
-84.54012680822643
-34.230771089298955
-62.991874905643755
-53.93295047667859
-69.8705213080282
-99.6022414364916
-95.40127484248961
-11.753623696887459
-101.26229539915167
-55.47998624727022
-102.42025329963002
-85.41353443865343
-22.924423353389813
-45.62539279542932
-42.181547046703415
-62.08058676739497
-31.099588602476317
-13.62257151837575
-60.57103560242363
-89.02316402598112
-68.09208955376889
-47.044143052591934
-109.1091879661438
-10.22508371743021
-59.30504066857069
-63.99050583787725
-54.88497416795107
-9.708016884210096
-1.3982540302233417
-99.11272405298246
-31.737973588613983
-74.80165476557731
-50.37764742382859
-56.082242052278104
-101.69284899065951
-21.79081247286365
-35.6218491429115
-31.912896972915263
-62.58737306316945
-51.45850325044816
-23.962588315632473
-62.950704956498946
-18.136881802142554
-94.9705551856131
-74.60670045192529
-36.839927955745466
-10.666803112277123
-38.25393542429167
-58.13688001166017
-20.55430692179233
-27.27963896863534
-70.78609484411052
-32.08446924273882
-111.78884674413112
-49.72405766519151
-52.70704948297872
-43.18460686304647
-85.81085491792663
-87.64295041552184
-46.0241974976492
-108.97507271554824
-39.173311590697224
-96.47845422357828
-39.03595510804688
-51.009249238887406
-13.866967966871385
-45.99571339980191
-64.7100876600455
-26.41103549465116
-12.59199240151149
-88.37822157683152
-53.72322560377989
-75.65897905467224
-41.41063618495573
-87.22427890997847
-21.567883372891743
-189.21336906524928
-66.5290724459947
-80.52302728922413
-42.24350722645574
-23.834827651462774
-70.7286930775718
-64.06812167928445
-102.08298287441957
11.574009413732895
-42.83198084513516
-67.12254281051825
-64.63312078881205
-76.6182520487781
-52.20905166938511
-100.14261884996301
-64.55956116400075
-67.35793513981926
-35.11619639250088
-73.11699045464755
-51.82514194459894
-89.24043879961367
-74.68260770133737
-55.66689307582908
-93.0371168756816
-58.192882197438244
-67.68956229654628
-44.23480991349097
-119.56649669973346
-96.73793545577831
-60.048060093976986
-59.498914585151034
-21.367391467718477
-53.69549136316255
-82.89458860858267
-91.57745853645551
-37.18046919757826
-35.2511891501546
-102.33308165162157
-106.45711356861818
-85.57042944360252
-33.841803492471584
-72.09301065671661
-54.53555764824388
-79.00408924392704
-96.30375955427901
-73.00983643101063
-51.241910606102245
-69.40014285080247
-48.418635594258916
-104.63906612923175
-99.73593911447489
-83.63098452863997
-31.578824003487668
-45.54174189454464
-73.65199122455346
0.9320523663563307
-63.70128589951041
-59.482276019546106
-43.09173965226507
-49.42645017771301
-60.45065700647828
-96.74562962366457
-60.07390347030793
-46.866049590772306
-34.21354858534531
-74.21196725093145
-92.22556469022453
-101.04179481312516
-101.79605418268261
-110.52140709574465
-46.13462306583415
-75.65216075497159
-54.40016597286369
-98.74552545168841
-98.13391950254201
-79.22549098854863
-53.92569553731241
-91.14627533931835
-79.52237415335111
-89.40169085423689
-61.11299988178159
-60.522813409575384
-16.97171705470609
-38.287602120884884
-72.0454646455718
-22.23495078578496
-68.78074375866206
-33.27461878037654
-69.64839381365306
-49.41208580814632
-99.38981267592918
-99.12860496911931
-107.61156294127613
-61.49849027332855
-79.5087698728151
-94.51542256138248
-65.38421509765763
-68.29014779861325
-41.0918686646472
-78.74585789812545
-102.67841589906718
-72.66090196640567
-102.26205338354632
-64.28150262800355
-126.72186109891189
-73.54720389731445
-75.83518548680769
-66.06521936682194
-37.56989404473961
-68.72902425845507
-42.02445404569481
-108.21398152531229
-34.00722571830552
-25.525840759478143
-46.376573471766626
-42.3205432445191
-63.912706172271314
-11.707048085561027
-2.2751468917910813
-106.62179682258733
-83.23350517743438
-71.46753200324768
-73.36193940457264
-74.36469800328331
-76.34437454230168
-42.73910013403571
-59.730806787800844
-70.53732241151737
-105.69460633782168
-128.57112208447396
-92.4668498899152
-49.061247720892894
-68.20595924774507
-65.53857811865224
-132.22563504057072
-140.1322171711397
-78.74669664623868
-65.26027382475137
-95.8422191103704
-86.75851662984762
-86.07200544707176
-80.22253018751458
-76.40836799954351
-153.874937538888
-93.74940078425021
-101.15471065872889
-130.57852295199035
-78.91280888931186
-120.06931580608858
-76.41949415885921
-129.23582245042724
-124.64003913445751
-139.33599431987489
-83.84027558285138
-82.73779464689129
-87.48018615663868
-48.04872353573665
-32.85474515004738
-71.46045154974689
-123.35717909813565
-237.3406831679546
-12.542028383186292
-60.2791615798796
-3.649180845387491
-118.47228110682029
-48.47968004722381
-35.19077007136103
-108.99393031991676
-152.54573419204854
-115.94946412171161
-103.1453478387451
-73.05533911530833
-148.0361901388822
-161.37051926973604
-46.722274023320125
-120.31543525208613
-70.13493493053583
-148.0711118704295
-70.30734684651075
-147.54106879772843
-61.174790940865115
-79.05458806444794
-83.13200128229799
-97.89264092391859
-65.33823856236327
-59.27758836320626
-124.34078387430871
